0.026979,0,0,0,
10.3727,-0.0050354,0.0059967,0.00236511,
20.7075,-0.00578308,-0.00109863,-0.0217743,
31.1144,-0.00578308,-0.00109863,-0.0217743,
41.5424,-0.015213,-0.000396729,-0.0392151,
52.155,-0.026474,0.00984192,-0.0325623,
62.606,-0.0270233,0.0161591,-0.0124664,
73.0118,-0.0270233,0.0161591,-0.0124664,
83.3902,-0.0161438,0.0158081,0.0164642,
93.7142,0.00396729,0.000320435,0.0202179,
104.015,0.00396729,0.000320435,0.0202179,
114.224,0.0261536,-0.024292,-0.00198364,
124.341,0.0510254,-0.0532837,-0.0312042,
134.433,0.0510254,-0.0532837,-0.0312042,
144.531,0.0801849,-0.0768585,-0.0319519,
154.657,0.114075,-0.107132,-0.0404816,
164.769,0.114075,-0.107132,-0.0404816,
174.895,0.153214,-0.139099,-0.0341339,
184.988,0.191727,-0.163712,-0.00454712,
195.084,0.191727,-0.163712,-0.00454712,
205.209,0.226608,-0.179337,0.0419159,
215.312,0.275894,-0.208038,0.0811768,
225.413,0.275894,-0.208038,0.0811768,
235.506,0.317719,-0.235107,0.102692,
245.602,0.35231,-0.264221,0.0999908,
255.725,0.35231,-0.264221,0.0999908,
265.821,0.386566,-0.289825,0.111008,
275.913,0.412933,-0.310486,0.118347,
286.003,0.412933,-0.310486,0.118347,
296.097,0.443329,-0.330566,0.140503,
306.22,0.443329,-0.330566,0.140503,
316.323,0.499832,-0.361572,0.195572,
326.423,0.499832,-0.361572,0.195572,
336.515,0.520432,-0.374481,0.211197,
346.608,0.545944,-0.389297,0.23819,
356.742,0.545944,-0.389297,0.23819,
366.971,0.557358,-0.391296,0.265427,
377.13,0.568924,-0.394211,0.286758,
387.225,0.568924,-0.394211,0.286758,
397.321,0.585098,-0.411026,0.276093,
407.451,0.594772,-0.425171,0.260361,
417.554,0.594772,-0.425171,0.260361,
427.655,0.612228,-0.44072,0.261993,
437.746,0.612228,-0.44072,0.261993,
447.84,0.612228,-0.44072,0.261993,
457.962,0.661346,-0.486053,0.244537,
468.058,0.683212,-0.511917,0.214462,
478.147,0.683212,-0.511917,0.214462,
488.237,0.70163,-0.54129,0.167328,
498.329,0.722885,-0.57692,0.112137,
508.449,0.722885,-0.57692,0.112137,
518.54,0.731293,-0.593018,0.0845337,
528.642,0.744827,-0.601746,0.0893707,
538.735,0.744827,-0.601746,0.0893707,
548.84,0.768234,-0.614532,0.103256,
558.964,0.786133,-0.630371,0.0944672,
569.065,0.786133,-0.630371,0.0944672,
579.16,0.809158,-0.666977,0.0372162,
589.25,0.829453,-0.6931,0.0103455,
599.348,0.829453,-0.6931,0.0103455,
609.472,0.833557,-0.697067,0.00886536,
619.577,0.843643,-0.699966,0.0223389,
629.678,0.843643,-0.699966,0.0223389,
639.769,0.84906,-0.698761,0.0317688,
649.865,0.86377,-0.727463,-0.0290375,
659.996,0.86377,-0.727463,-0.0290375,
670.176,0.896896,-0.760223,-0.0439453,
680.282,0.921082,-0.784286,-0.052475,
690.373,0.921082,-0.784286,-0.052475,
700.467,0.943253,-0.802017,-0.0456085,
710.594,0.958725,-0.808731,-0.0271912,
720.697,0.958725,-0.808731,-0.0271912,
730.796,0.976089,-0.818497,-0.0176086,
740.891,0.979065,-0.835663,-0.0716705,
750.985,0.979065,-0.835663,-0.0716705,
761.107,0.994904,-0.86972,-0.141617,
771.206,1.0042,-0.889801,-0.177216,
781.296,1.0042,-0.889801,-0.177216,
791.386,1.0127,-0.908279,-0.208832,
801.496,1.01781,-0.918503,-0.223434,
811.692,1.01781,-0.918503,-0.223434,
821.853,1.01756,-0.921783,-0.233643,
832.018,1.0166,-0.927261,-0.251724,
842.164,1.0166,-0.927261,-0.251724,
852.314,1.02945,-0.941528,-0.259048,
862.502,1.04951,-0.961639,-0.269196,
872.665,1.04951,-0.961639,-0.269196,
882.81,1.06612,-0.972092,-0.260437,
892.954,1.08669,-0.984756,-0.250015,
903.111,1.1207,-1.01343,-0.25708,
913.375,1.1207,-1.01343,-0.25708,
923.556,1.16855,-1.06357,-0.295349,
933.704,1.22665,-1.12755,-0.345047,
943.85,1.22665,-1.12755,-0.345047,
954.001,1.28491,-1.19298,-0.395523,
964.204,1.33762,-1.24899,-0.428833,
974.488,1.33762,-1.24899,-0.428833,
984.709,1.39102,-1.30264,-0.450714,
994.875,1.44518,-1.36337,-0.493103,
1005.03,1.44518,-1.36337,-0.493103,
1015.22,1.52019,-1.44183,-0.53627,
1025.4,1.59789,-1.52487,-0.590836,
1035.55,1.59789,-1.52487,-0.590836,
1045.69,1.69174,-1.62025,-0.643539,
1055.84,1.81491,-1.7467,-0.722733,
1066.04,1.81491,-1.7467,-0.722733,
1076.18,1.95937,-1.90005,-0.836472,
1086.33,2.12437,-2.07188,-0.952271,
1096.47,2.12437,-2.07188,-0.952271,
1106.62,2.29884,-2.2576,-1.08327,
1116.88,2.46518,-2.4511,-1.26326,
1127.06,2.46518,-2.4511,-1.26326,
1137.21,2.62093,-2.63931,-1.45815,
1147.35,2.78539,-2.82913,-1.63733,
1157.5,2.78539,-2.82913,-1.63733,
1167.69,2.96471,-3.02565,-1.80374,
1177.84,3.17993,-3.24733,-1.95357,
1187.98,3.4335,-3.50378,-2.11208,
1198.13,3.4335,-3.50378,-2.11208,
1208.28,3.69269,-3.77571,-2.31334,
1218.46,3.93237,-4.03593,-2.53857,
1228.64,3.93237,-4.03593,-2.53857,
1238.79,4.1646,-4.28996,-2.77046,
1249.03,4.3741,-4.5271,-3.02023,
1259.18,4.3741,-4.5271,-3.02023,
1269.37,4.62912,-4.80296,-3.2654,
1279.63,4.90962,-5.09799,-3.5013,
1289.79,4.90962,-5.09799,-3.5013,
1299.93,5.19974,-5.4041,-3.75549,
1310.07,5.51639,-5.73914,-4.04648,
1320.27,5.51639,-5.73914,-4.04648,
1330.44,5.86615,-6.10428,-4.35013,
1340.59,6.2244,-6.47443,-4.64883,
1350.73,6.2244,-6.47443,-4.64883,
1360.89,6.59311,-6.85248,-4.94427,
1371.07,6.9931,-7.26976,-5.31117,
1381.22,6.9931,-7.26976,-5.31117,
1391.36,7.41351,-7.71681,-5.76314,
1401.51,7.84489,-8.16866,-6.19487,
1411.66,7.84489,-8.16866,-6.19487,
1421.84,8.28931,-8.62494,-6.58595,
1432.03,8.73996,-9.08087,-6.93681,
1442.17,8.73996,-9.08087,-6.93681,
1452.32,9.2,-9.54944,-7.32472,
1462.47,9.71619,-10.0737,-7.76021,
1472.66,9.71619,-10.0737,-7.76021,
1482.81,10.2658,-10.6322,-8.24811,
1492.96,10.8462,-11.2253,-8.79626,
1503.11,11.459,-11.8608,-9.45979,
1513.27,11.459,-11.8608,-9.45979,
1523.47,12.0658,-12.4927,-10.1504,
1533.66,12.6185,-13.0665,-10.7722,
1543.81,12.6185,-13.0665,-10.7722,
1553.97,13.1519,-13.6225,-11.4159,
1564.12,13.7244,-14.2155,-12.0819,
1574.33,13.7244,-14.2155,-12.0819,
1584.6,14.3178,-14.8244,-12.7145,
1594.78,14.8732,-15.3863,-13.199,
1604.94,14.8732,-15.3863,-13.199,
1615.09,15.4362,-15.9543,-13.6882,
1625.32,15.4362,-15.9543,-13.6882,
1635.49,15.4362,-15.9543,-13.6882,
1645.64,16.8428,-17.3762,-15.0094,
1655.79,17.6017,-18.1477,-15.8064,
1665.95,17.6017,-18.1477,-15.8064,
1676.14,18.3621,-18.9237,-16.6908,
1686.31,19.1398,-19.7103,-17.5087,
1696.46,19.1398,-19.7103,-17.5087,
1706.61,19.9363,-20.5073,-18.2139,
1716.77,20.7784,-21.3472,-18.918,
1727,20.7784,-21.3472,-18.918,
1737.16,21.6848,-22.2528,-19.6987,
1747.32,22.6007,-23.1752,-20.6297,
1757.47,22.6007,-23.1752,-20.6297,
1767.63,23.4705,-24.0575,-21.6584,
1777.83,24.3228,-24.922,-22.6955,
1788,24.3228,-24.922,-22.6955,
1798.16,25.1828,-25.7906,-23.6701,
1808.31,26.0032,-26.6198,-24.6184,
1818.46,26.8019,-27.4285,-25.5867,
1828.71,26.8019,-27.4285,-25.5867,
1838.92,27.6862,-28.3264,-26.7874,
1849.07,28.6359,-29.2894,-28.1033,
1859.22,28.6359,-29.2894,-28.1033,
1869.38,29.5955,-30.2605,-29.4462,
1879.58,30.5597,-31.2313,-30.6574,
1889.85,30.5597,-31.2313,-30.6574,
1900.01,31.5495,-32.2242,-31.7856,
1910.16,32.5723,-33.2498,-32.9302,
1920.32,32.5723,-33.2498,-32.9302,
1930.56,32.5723,-33.2498,-32.9302,
1940.73,34.6585,-35.3476,-35.5892,
1950.89,34.6585,-35.3476,-35.5892,
1961.04,35.647,-36.341,-36.8381,
1971.2,36.6087,-37.3082,-38.1423,
1981.4,36.6087,-37.3082,-38.1423,
1991.56,37.5961,-38.3021,-39.5983,
2002.07,38.5914,-39.3033,-41.151,
2012.24,38.5914,-39.3033,-41.151,
2022.4,39.5691,-40.2852,-42.6784,
2032.66,40.5398,-41.2589,-44.2959,
2042.83,41.4374,-42.1575,-45.7733,
2052.98,41.4374,-42.1575,-45.7733,
2063.14,42.2805,-43.0003,-47.0638,
2073.29,43.1375,-43.8564,-48.3015,
2083.5,43.1375,-43.8564,-48.3015,
2093.65,43.9873,-44.7048,-49.5074,
2103.8,44.832,-45.5477,-50.705,
2113.96,44.832,-45.5477,-50.705,
2124.14,45.678,-46.3915,-51.8743,
2134.42,46.5223,-47.2338,-52.9853,
2144.59,46.5223,-47.2338,-52.9853,
2154.74,47.3433,-48.0529,-54.0284,
2164.9,48.1893,-48.8958,-55.1867,
2175.06,48.1893,-48.8958,-55.1867,
2185.3,49.0714,-49.7726,-56.525,
2195.57,49.9492,-50.6435,-57.9047,
2205.74,49.9492,-50.6435,-57.9047,
2215.89,50.7959,-51.4843,-59.1428,
2226.09,51.618,-52.3006,-60.3145,
2236.3,51.618,-52.3006,-60.3145,
2246.46,52.4075,-53.0838,-61.4478,
2256.61,53.1874,-53.8565,-62.5779,
2266.77,53.1874,-53.8565,-62.5779,
2276.92,54.0144,-54.6767,-63.6989,
2287.12,54.8311,-55.4892,-64.6999,
2297.28,54.8311,-55.4892,-64.6999,
2307.43,55.5662,-56.2224,-65.5135,
2317.58,56.2961,-56.9522,-66.2318,
2327.84,56.2961,-56.9522,-66.2318,
2338.04,57.0797,-57.7393,-66.8294,
2348.21,57.8737,-58.5387,-67.349,
2358.36,57.8737,-58.5387,-67.349,
2368.52,58.6559,-59.3221,-68.0356,
2378.68,59.3934,-60.0594,-68.7529,
2388.93,60.0824,-60.7488,-69.3969,
2399.1,60.0824,-60.7488,-69.3969,
2409.39,60.7716,-61.4375,-70.103,
2419.55,61.4303,-62.0965,-70.7438,
2429.75,61.4303,-62.0965,-70.7438,
2439.96,62.065,-62.7303,-71.4132,
2450.13,62.7003,-63.365,-72.0572,
2460.28,62.7003,-63.365,-72.0572,
2470.44,63.4135,-64.0761,-72.8331,
2480.6,64.1101,-64.7705,-73.5959,
2490.87,64.1101,-64.7705,-73.5959,
2501.15,64.803,-65.4631,-74.2624,
2511.32,65.4962,-66.1579,-74.8407,
2521.48,65.4962,-66.1579,-74.8407,
2531.67,66.1904,-66.8528,-75.467,
2541.87,66.8452,-67.5077,-76.0935,
2552.04,66.8452,-67.5077,-76.0935,
2562.19,67.4398,-68.0993,-76.7841,
2572.34,68.0386,-68.6897,-77.6729,
2582.5,68.0386,-68.6897,-77.6729,
2592.7,68.5429,-69.1878,-78.3697,
2602.87,69.0136,-69.6549,-78.9275,
2613.02,69.0136,-69.6549,-78.9275,
2623.18,69.5525,-70.1891,-79.5754,
2633.37,70.1222,-70.7604,-80.0564,
2643.59,70.1222,-70.7604,-80.0564,
2653.75,70.7949,-71.4318,-80.6854,
2663.9,71.5273,-72.157,-81.5278,
2674.05,71.5273,-72.157,-81.5278,
2684.21,72.2383,-72.8624,-82.2977,
2694.42,72.9407,-73.5571,-83.0928,
2704.58,72.9407,-73.5571,-83.0928,
2714.74,73.6334,-74.2434,-83.8154,
2724.9,74.3105,-74.9124,-84.5616,
2735.1,74.946,-75.5375,-85.3149,
2745.31,74.946,-75.5375,-85.3149,
2755.47,75.5237,-76.0975,-86.1463,
2765.62,76.0767,-76.6272,-87.0049,
2775.78,76.0767,-76.6272,-87.0049,
2785.94,76.6522,-77.1804,-87.7861,
2796.24,77.2722,-77.7679,-88.7025,
2806.51,77.2722,-77.7679,-88.7025,
2816.67,77.9255,-78.366,-89.8722,
2826.82,78.6021,-78.9568,-91.2666,
2837.02,78.6021,-78.9568,-91.2666,
2847.23,79.3671,-79.6003,-92.7862,
2857.39,80.1873,-80.2614,-94.32,
2867.55,80.1873,-80.2614,-94.32,
2877.7,80.9095,-80.8237,-95.5334,
2887.85,81.5011,-81.2632,-96.4771,
2898.06,81.5011,-81.2632,-96.4771,
2908.21,82.0508,-81.672,-97.2119,
2918.37,82.6153,-82.0529,-97.9671,
2928.56,82.6153,-82.0529,-97.9671,
2938.72,83.1397,-82.3117,-98.9025,
2948.99,83.5949,-82.4497,-99.8781,
2959.15,83.5949,-82.4497,-99.8781,
2969.3,84.0168,-82.518,-100.838,
2979.45,84.4172,-82.5839,-101.591,
2989.63,84.4172,-82.5839,-101.591,
2999.83,84.8328,-82.6145,-102.309,
3009.98,85.249,-82.5576,-103.141,
3020.14,85.249,-82.5576,-103.141,
3030.32,85.6353,-82.4656,-103.885,
3040.51,86.0173,-82.3867,-104.452,
3050.69,86.3664,-82.3254,-104.84,
3060.84,86.3664,-82.3254,-104.84,
3071,86.6568,-82.2345,-105.199,
3081.16,86.9163,-82.1234,-105.521,
3091.36,86.9163,-82.1234,-105.521,
3101.66,87.1479,-82.0302,-105.752,
3111.9,87.3385,-81.9611,-105.958,
3122.06,87.3385,-81.9611,-105.958,
3132.26,87.4608,-81.8848,-106.191,
3142.45,87.5366,-81.721,-106.668,
3152.62,87.5366,-81.721,-106.668,
3162.78,87.6275,-81.4747,-107.372,
3172.93,87.7242,-81.2473,-108.029,
3183.09,87.7242,-81.2473,-108.029,
3193.28,87.8068,-81.1142,-108.421,
3203.44,87.9016,-80.9969,-108.762,
3213.59,87.9016,-80.9969,-108.762,
3223.74,87.9916,-80.8531,-109.181,
3233.94,88.0517,-80.7237,-109.554,
3244.14,88.054,-80.6878,-109.647,
3254.31,88.054,-80.6878,-109.647,
3264.46,87.9975,-80.7827,-109.38,
3274.61,87.9975,-80.7827,-109.38,
3284.78,87.918,-80.8859,-109.125,
3294.98,87.818,-80.9544,-108.977,
3305.14,87.7711,-80.9494,-109.009,
3315.29,87.7711,-80.9494,-109.009,
3325.45,87.7365,-80.9556,-108.979,
3335.64,87.6953,-81.0495,-108.686,
3345.86,87.6953,-81.0495,-108.686,
3356.02,87.6172,-81.2736,-108.029,
3366.17,87.5225,-81.4819,-107.448,
3376.33,87.5225,-81.4819,-107.448,
3386.48,87.43,-81.583,-107.168,
3396.69,87.352,-81.6101,-107.084,
3406.99,87.352,-81.6101,-107.084,
3417.19,87.28,-81.6336,-107.014,
3427.35,87.1873,-81.7003,-106.823,
3437.54,87.1873,-81.7003,-106.823,
3447.74,87.0632,-81.7879,-106.565,
3457.91,86.9518,-81.8641,-106.323,
3468.06,86.9518,-81.8641,-106.323,
3478.22,86.9121,-81.9068,-106.162,
3488.38,86.9763,-81.8691,-106.265,
3498.57,86.9763,-81.8691,-106.265,
3508.73,86.9677,-81.8349,-106.364,
3518.94,86.8211,-81.8464,-106.301,
3529.13,86.8211,-81.8464,-106.301,
3539.35,86.6735,-81.9002,-106.056,
3549.56,86.6222,-81.945,-105.854,
3559.73,86.5801,-81.9838,-105.717,
3569.88,86.5801,-81.9838,-105.717,
3580.03,86.5202,-82.035,-105.55,
3590.18,86.3631,-82.133,-105.199,
3600.38,86.3631,-82.133,-105.199,
3610.54,86.2317,-82.2567,-104.731,
3620.69,86.1452,-82.3546,-104.377,
3630.88,86.1452,-82.3546,-104.377,
3641.04,86.0798,-82.3824,-104.236,
3651.24,85.9879,-82.4031,-104.088,
3661.4,85.9879,-82.4031,-104.088,
3671.55,85.8987,-82.4742,-103.812,
3681.71,85.8183,-82.536,-103.574,
3691.87,85.8183,-82.536,-103.574,
3702.07,85.7577,-82.5399,-103.529,
3712.34,85.6932,-82.5354,-103.477,
3722.51,85.6932,-82.5354,-103.477,
3732.7,85.6688,-82.5693,-103.319,
3742.86,85.6716,-82.6379,-103.09,
3753.08,85.6716,-82.6379,-103.09,
3763.24,85.6355,-82.6892,-102.907,
3773.39,85.5832,-82.671,-102.93,
3783.54,85.5832,-82.671,-102.93,
3793.7,85.5459,-82.608,-103.074,
3803.89,85.5467,-82.582,-103.123,
3814.06,85.5467,-82.582,-103.123,
3824.21,85.5583,-82.6596,-102.867,
3834.4,85.5444,-82.7969,-102.433,
3844.56,85.5444,-82.7969,-102.433,
3854.76,85.521,-82.8588,-102.241,
3864.93,85.5044,-82.8156,-102.361,
3875.08,85.5044,-82.8156,-102.361,
3885.24,85.5044,-82.8156,-102.361,
3895.39,85.4997,-82.8126,-102.32,
3905.63,85.4527,-82.8773,-102.074,
3915.9,85.4527,-82.8773,-102.074,
3926.05,85.3711,-82.8754,-102,
3936.24,85.3147,-82.7702,-102.255,
3946.41,85.3147,-82.7702,-102.255,
3956.61,85.2836,-82.662,-102.525,
3966.78,85.2426,-82.6451,-102.481,
3976.93,85.2426,-82.6451,-102.481,
3987.09,85.187,-82.6784,-102.292,
3997.36,85.1213,-82.6956,-102.162,
4007.63,85.1213,-82.6956,-102.162,
4017.91,85.0713,-82.666,-102.183,
4028.16,85.0474,-82.6706,-102.114,
4038.36,85.0474,-82.6706,-102.114,
4048.52,85.0488,-82.7234,-101.944,
4058.74,85.0342,-82.7843,-101.736,
4068.96,85.0342,-82.7843,-101.736,
4079.12,85.0096,-82.8031,-101.645,
4089.27,84.9771,-82.8191,-101.531,
4099.43,84.9771,-82.8191,-101.531,
4109.62,84.9493,-82.841,-101.385,
4119.78,84.938,-82.8608,-101.28,
4129.93,84.938,-82.8608,-101.28,
4140.12,84.9053,-82.8863,-101.117,
4150.29,84.8693,-82.8985,-100.992,
4160.54,84.8693,-82.8985,-100.992,
4170.7,84.8353,-82.9464,-100.774,
4180.86,84.7883,-83.0302,-100.399,
4191.01,84.7441,-83.0786,-100.137,
4201.17,84.7441,-83.0786,-100.137,
4211.37,84.7055,-83.0872,-100.003,
4221.53,84.666,-83.0703,-99.9448,
4231.76,84.666,-83.0703,-99.9448,
4241.92,84.5788,-83.0486,-99.83,
4252.08,84.4699,-83.0074,-99.7319,
4262.28,84.4699,-83.0074,-99.7319,
4272.44,84.4003,-82.9625,-99.7132,
4282.59,84.3558,-82.9456,-99.6492,
4292.74,84.3558,-82.9456,-99.6492,
4302.9,84.3162,-82.9385,-99.5731,
4313.14,84.2608,-82.8959,-99.5964,
4323.41,84.2608,-82.8959,-99.5964,
4333.65,84.1966,-82.8404,-99.6298,
4343.8,84.1755,-82.8197,-99.6354,
4353.97,84.1755,-82.8197,-99.6354,
4364.17,84.1853,-82.8606,-99.4964,
4374.33,84.1993,-82.898,-99.3992,
4384.48,84.1993,-82.898,-99.3992,
4394.64,84.1677,-82.887,-99.3761,
4404.79,84.1053,-82.8135,-99.4948,
4415,84.1053,-82.8135,-99.4948,
4425.15,84.0794,-82.727,-99.7382,
4435.38,84.0768,-82.6893,-99.8477,
4445.54,84.0694,-82.6876,-99.8267,
4455.69,84.0694,-82.6876,-99.8267,
4465.9,84.0621,-82.6933,-99.7975,
4476.06,84.0294,-82.6316,-99.9408,
4486.21,84.0294,-82.6316,-99.9408,
4496.37,83.988,-82.543,-100.168,
4506.52,83.9828,-82.4786,-100.406,
4516.72,83.9828,-82.4786,-100.406,
4526.89,83.9709,-82.4617,-100.459,
4537.07,83.9264,-82.462,-100.364,
4547.23,83.9264,-82.462,-100.364,
4557.39,83.8647,-82.4693,-100.184,
4567.59,83.8264,-82.4981,-99.9985,
4577.75,83.8264,-82.4981,-99.9985,
4587.9,83.815,-82.559,-99.7771,
4598.05,83.797,-82.6114,-99.5636,
4608.22,83.797,-82.6114,-99.5636,
4618.48,83.753,-82.6132,-99.4535,
4628.76,83.7029,-82.5874,-99.4297,
4639.09,83.7029,-82.5874,-99.4297,
4649.25,83.6613,-82.5696,-99.4059,
4659.4,83.6059,-82.5632,-99.3017,
4669.61,83.6059,-82.5632,-99.3017,
4679.77,83.5162,-82.5387,-99.1472,
4689.92,83.4543,-82.5192,-99.0316,
4700.08,83.4543,-82.5192,-99.0316,
4710.23,83.4394,-82.5451,-98.8827,
4720.42,83.4214,-82.5829,-98.6864,
4730.59,83.4214,-82.5829,-98.6864,
4740.89,83.3753,-82.5638,-98.6296,
4751.05,83.3027,-82.4842,-98.7239,
4761.21,83.3027,-82.4842,-98.7239,
4771.41,83.2483,-82.3967,-98.8948,
4781.58,83.2282,-82.3593,-98.9712,
4791.74,83.2111,-82.3649,-98.8953,
4801.89,83.2111,-82.3649,-98.8953,
4812.05,83.177,-82.3608,-98.8096,
4822.25,83.1508,-82.3356,-98.8249,
4832.45,83.1508,-82.3356,-98.8249,
4842.64,83.1575,-82.3251,-98.8777,
4852.8,83.167,-82.3495,-98.8019,
4862.98,83.167,-82.3495,-98.8019,
4873.18,83.1757,-82.3942,-98.6399,
4883.35,83.1769,-82.4081,-98.5918,
4893.5,83.1769,-82.4081,-98.5918,
4903.65,83.1516,-82.3497,-98.7561,
4913.82,83.1306,-82.259,-99.0616,
4924.09,83.1306,-82.259,-99.0616,
4934.4,83.1278,-82.2012,-99.278,
4944.61,83.1386,-82.2055,-99.2678,
4954.77,83.1386,-82.2055,-99.2678,
4964.94,83.1356,-82.2102,-99.2182,
4975.14,83.0963,-82.1794,-99.2131,
4985.29,83.0963,-82.1794,-99.2131,
4995.44,83.0963,-82.1794,-99.2131,
5006.84,83.0073,-82.0691,-99.3284,
5017.21,82.9699,-82.0554,-99.2242,
5027.55,82.9699,-82.0554,-99.2242,
5037.96,82.9315,-82.0374,-99.147,
5048.43,82.859,-81.9798,-99.1494,
5058.75,82.859,-81.9798,-99.1494,
5069.12,82.7901,-81.9222,-99.1553,
5079.31,82.7769,-81.9267,-99.0841,
5089.47,82.7769,-81.9267,-99.0841,
5099.62,82.7828,-81.9792,-98.8775,
5109.78,82.7622,-82.005,-98.68,
5120.01,82.7622,-82.005,-98.68,
5130.18,82.7258,-81.9603,-98.7484,
5140.35,82.6886,-81.8817,-98.9709,
5150.54,82.6886,-81.8817,-98.9709,
5160.71,82.6661,-81.8268,-99.1454,
5170.94,82.6372,-81.8142,-99.0967,
5181.11,82.6372,-81.8142,-99.0967,
5191.27,82.5882,-81.7839,-99.0514,
5201.42,82.5513,-81.7219,-99.1839,
5211.58,82.539,-81.6846,-99.2995,
5221.84,82.539,-81.6846,-99.2995,
5232.15,82.5433,-81.707,-99.2278,
5242.34,82.5355,-81.7621,-98.9634,
5252.56,82.5355,-81.7621,-98.9634,
5262.79,82.5009,-81.7539,-98.8691,
5273.09,82.4735,-81.6843,-99.0766,
5283.4,82.4735,-81.6843,-99.0766,
5293.81,82.4443,-81.6161,-99.2701,
5303.99,82.3996,-81.6051,-99.1564,
5314.16,82.3996,-81.6051,-99.1564,
5324.39,82.3739,-81.6457,-98.8707,
5334.6,82.3865,-81.7127,-98.6045,
5345,82.3865,-81.7127,-98.6045,
5355.44,82.387,-81.7433,-98.4619,
5365.8,82.3639,-81.7332,-98.4271,
5376.18,82.3639,-81.7332,-98.4271,
5386.47,82.3185,-81.7021,-98.3947,
5396.65,82.2927,-81.6759,-98.4105,
5406.83,82.2885,-81.6569,-98.4654,
5417.1,82.2885,-81.6569,-98.4654,
5427.35,82.2785,-81.6234,-98.5709,
5437.53,82.2606,-81.5891,-98.6579,
5447.7,82.2606,-81.5891,-98.6579,
5457.89,82.2436,-81.5577,-98.7316,
5468.05,82.2447,-81.5665,-98.6814,
5478.29,82.2447,-81.5665,-98.6814,
5488.45,82.2527,-81.6139,-98.4706,
5498.6,82.256,-81.6711,-98.1868,
5508.76,82.256,-81.6711,-98.1868,
5518.96,82.2654,-81.6895,-98.122,
5529.25,82.2325,-81.6505,-98.1653,
5539.55,82.2325,-81.6505,-98.1653,
5549.74,82.198,-81.5874,-98.3102,
5559.93,82.194,-81.5831,-98.2979,
5570.1,82.194,-81.5831,-98.2979,
5580.33,82.2073,-81.6513,-98.0123,
5590.5,82.2181,-81.726,-97.7044,
5600.68,82.2181,-81.726,-97.7044,
5610.83,82.1864,-81.7365,-97.5345,
5621,82.1573,-81.6888,-97.6488,
5631.23,82.1573,-81.6888,-97.6488,
5641.39,82.1564,-81.6423,-97.8584,
5651.56,82.1693,-81.651,-97.8542,
5661.73,82.1693,-81.651,-97.8542,
5671.9,82.1731,-81.6926,-97.6746,
5682.12,82.1439,-81.7164,-97.4661,
5692.3,82.1136,-81.6907,-97.4764,
5702.45,82.1136,-81.6907,-97.4764,
5712.6,82.1171,-81.6519,-97.6888,
5722.77,82.1287,-81.6502,-97.7447,
5733,82.1287,-81.6502,-97.7447,
5743.16,82.1402,-81.6861,-97.6258,
5753.33,82.137,-81.7375,-97.3805,
5763.52,82.137,-81.7375,-97.3805,
5773.69,82.1174,-81.7444,-97.2676,
5783.92,82.1076,-81.7088,-97.4156,
5794.09,82.1076,-81.7088,-97.4156,
5804.25,82.095,-81.6557,-97.619,
5814.4,82.1007,-81.6385,-97.7167,
5824.58,82.1007,-81.6385,-97.7167,
5834.87,82.0953,-81.6565,-97.6115,
5845.18,82.073,-81.6715,-97.4397,
5855.37,82.073,-81.6715,-97.4397,
5865.57,82.0678,-81.6712,-97.4243,
5875.73,82.0807,-81.6582,-97.5561,
5885.97,82.0807,-81.6582,-97.5561,
5896.13,82.0953,-81.6525,-97.6412,
5906.28,82.1162,-81.6726,-97.6304,
5916.44,82.1162,-81.6726,-97.6304,
5926.6,82.1235,-81.7066,-97.5035,
5936.83,82.1262,-81.7218,-97.4512,
5947.03,82.1262,-81.7218,-97.4512,
5957.24,82.1555,-81.7187,-97.604,
5967.44,82.1898,-81.7109,-97.7898,
5977.6,82.2236,-81.7178,-97.9067,
5987.84,82.2236,-81.7178,-97.9067,
5998,82.2677,-81.76,-97.9061,
6008.15,82.3155,-81.807,-97.8929,
6018.31,82.3155,-81.807,-97.8929,
6028.47,82.3874,-81.86,-97.9459,
6038.71,82.4711,-81.9079,-98.0655,
6048.96,82.4711,-81.9079,-98.0655,
6059.11,82.5559,-81.9523,-98.1906,
6069.27,82.6518,-82.0148,-98.278,
6079.44,82.6518,-82.0148,-98.278,
6089.66,82.7628,-82.0989,-98.3224,
6099.83,82.8948,-82.2023,-98.3783,
6109.98,82.8948,-82.2023,-98.3783,
6120.14,83.0377,-82.2915,-98.5386,
6130.31,83.1575,-82.3453,-98.729,
6140.61,83.1575,-82.3453,-98.729,
6150.95,83.2989,-82.4016,-98.9538,
6161.12,83.4564,-82.4826,-99.1143,
6171.31,83.4564,-82.4826,-99.1143,
6181.48,83.622,-82.5583,-99.302,
6191.71,83.7863,-82.6083,-99.5498,
6201.88,83.7863,-82.6083,-99.5498,
6212.05,83.9629,-82.6185,-99.9606,
6222.2,84.1424,-82.6428,-100.299,
6232.37,84.1424,-82.6428,-100.299,
6242.61,84.3466,-82.6651,-100.648,
6252.8,84.5463,-82.6955,-100.919,
6262.95,84.7635,-82.7173,-101.206,
6273.14,84.7635,-82.7173,-101.206,
6283.31,85.0026,-82.7319,-101.518,
6293.54,85.2463,-82.725,-101.873,
6303.7,85.2463,-82.725,-101.873,
6313.85,85.5066,-82.6676,-102.348,
6324,85.7858,-82.5598,-102.905,
6334.17,85.7858,-82.5598,-102.905,
6344.4,86.1138,-82.4306,-103.492,
6354.6,86.5009,-82.2663,-104.134,
6364.75,86.5009,-82.2663,-104.134,
6374.95,86.9116,-82.0357,-104.867,
6385.11,87.3385,-81.801,-105.513,
6395.33,87.3385,-81.801,-105.513,
6405.5,87.8078,-81.573,-106.041,
6415.65,88.2964,-81.3249,-106.534,
6425.81,88.2964,-81.3249,-106.534,
6435.98,88.7721,-81.0084,-107.166,
6446.32,89.2335,-80.6086,-107.99,
6456.61,89.2335,-80.6086,-107.99,
6466.77,89.7446,-80.1291,-108.945,
6476.97,90.2596,-79.6352,-109.883,
6487.13,90.2596,-79.6352,-109.883,
6497.37,90.7326,-79.1738,-110.728,
6507.53,91.2388,-78.6967,-111.541,
6517.68,91.2388,-78.6967,-111.541,
6527.84,91.8014,-78.1954,-112.315,
6537.99,92.4197,-77.6589,-113.08,
6548.22,92.4197,-77.6589,-113.08,
6558.41,93.0709,-77.1125,-113.766,
6568.56,93.7135,-76.563,-114.434,
6578.71,94.3592,-75.9932,-115.118,
6588.9,94.3592,-75.9932,-115.118,
6599.13,95.0284,-75.3675,-115.93,
6609.3,95.723,-74.6921,-116.837,
6619.46,95.723,-74.6921,-116.837,
6629.61,96.4416,-73.9866,-117.767,
6639.77,97.1688,-73.2761,-118.693,
6650.03,97.1688,-73.2761,-118.693,
6660.19,97.8326,-72.6116,-119.604,
6670.34,98.4617,-71.9487,-120.575,
6680.53,98.4617,-71.9487,-120.575,
6690.71,99.125,-71.2128,-121.664,
6700.93,99.8241,-70.4163,-122.867,
6711.1,99.8241,-70.4163,-122.867,
6721.25,100.532,-69.6323,-123.975,
6731.4,101.282,-68.8526,-124.945,
6741.58,101.282,-68.8526,-124.945,
6751.91,102.082,-68.0674,-125.797,
6762.08,102.917,-67.2667,-126.611,
6772.23,102.917,-67.2667,-126.611,
6782.39,103.73,-66.4809,-127.415,
6792.57,104.529,-65.6796,-128.301,
6802.79,105.325,-64.8569,-129.232,
6812.95,105.325,-64.8569,-129.232,
6823.1,106.119,-64.027,-130.175,
6833.25,106.891,-63.2321,-131.031,
6843.42,106.891,-63.2321,-131.031,
6853.65,107.651,-62.4585,-131.834,
6863.82,108.391,-61.7174,-132.547,
6873.97,108.391,-61.7174,-132.547,
6884.13,109.131,-60.9752,-133.238,
6894.3,109.881,-60.2168,-133.949,
6904.53,109.881,-60.2168,-133.949,
6914.81,110.649,-59.4417,-134.649,
6924.97,111.419,-58.6663,-135.345,
6935.13,111.419,-58.6663,-135.345,
6945.31,112.175,-57.9124,-136.01,
6955.55,112.969,-57.1289,-136.668,
6965.71,112.969,-57.1289,-136.668,
6975.86,113.762,-56.3515,-137.31,
6986.02,114.477,-55.6631,-137.835,
6996.21,114.477,-55.6631,-137.835,
7006.43,115.162,-55.0044,-138.344,
7016.59,115.854,-54.325,-138.873,
7026.74,115.854,-54.325,-138.873,
7036.9,116.533,-53.6431,-139.397,
7047.1,117.19,-52.9803,-139.914,
7057.43,117.19,-52.9803,-139.914,
7067.59,117.871,-52.3065,-140.424,
7077.75,118.586,-51.6164,-140.927,
7087.92,118.586,-51.6164,-140.927,
7098.13,119.183,-51.045,-141.323,
7108.34,119.782,-50.4724,-141.706,
7118.5,119.782,-50.4724,-141.706,
7128.66,120.397,-49.8707,-142.117,
7138.83,121.044,-49.2488,-142.499,
7149.03,121.677,-48.6468,-142.884,
7159.29,121.677,-48.6468,-142.884,
7169.5,122.249,-48.1089,-143.21,
7179.66,122.836,-47.5455,-143.569,
7189.81,122.836,-47.5455,-143.569,
7200.03,122.836,-47.5455,-143.569,
7210.23,124.079,-46.342,-144.346,
7220.38,124.079,-46.342,-144.346,
7230.53,124.707,-45.7361,-144.771,
7240.69,125.347,-45.1351,-145.158,
7250.94,125.347,-45.1351,-145.158,
7261.12,126.005,-44.5171,-145.564,
7271.28,126.712,-43.8484,-145.986,
7281.43,126.712,-43.8484,-145.986,
7291.59,127.228,-43.3408,-146.348,
7301.81,127.632,-42.9642,-146.49,
7311.98,127.632,-42.9642,-146.49,
7322.13,128.12,-42.4926,-146.746,
7332.29,128.667,-41.956,-147.063,
7342.45,128.667,-41.956,-147.063,
7352.72,129.285,-41.3369,-147.46,
7363.03,129.924,-40.6862,-147.906,
7373.21,129.924,-40.6862,-147.906,
7383.36,130.57,-40.0202,-148.383,
7393.53,131.17,-39.4063,-148.812,
7403.75,131.17,-39.4063,-148.812,
7413.93,131.737,-38.8384,-149.161,
7424.08,132.39,-38.1853,-149.572,
7434.23,132.39,-38.1853,-149.572,
7444.4,133.069,-37.4892,-150.076,
7454.63,133.759,-36.7824,-150.57,
7464.81,134.452,-36.0643,-151.079,
7474.97,134.452,-36.0643,-151.079,
7485.12,135.095,-35.4029,-151.514,
7495.28,135.738,-34.7596,-151.913,
7505.52,135.738,-34.7596,-151.913,
7515.67,136.341,-34.1716,-152.267,
7525.83,136.898,-33.6385,-152.572,
7535.98,136.898,-33.6385,-152.572,
7546.16,137.456,-33.1134,-152.869,
7556.47,137.994,-32.617,-153.156,
7566.72,137.994,-32.617,-153.156,
7576.99,138.46,-32.2022,-153.363,
7587.15,138.918,-31.7983,-153.545,
7597.32,138.918,-31.7983,-153.545,
7607.55,139.39,-31.3696,-153.759,
7617.72,139.869,-30.9331,-153.985,
7627.88,139.869,-30.9331,-153.985,
7638.03,140.295,-30.5535,-154.159,
7648.2,140.705,-30.193,-154.317,
7658.5,140.705,-30.193,-154.317,
7668.82,141.1,-29.8357,-154.503,
7678.99,141.469,-29.5066,-154.665,
7689.15,141.469,-29.5066,-154.665,
7699.31,141.808,-29.2102,-154.802,
7709.54,142.114,-28.9445,-154.905,
7719.71,142.446,-28.6416,-155.052,
7729.87,142.446,-28.6416,-155.052,
7740.02,142.739,-28.3642,-155.199,
7750.18,142.739,-28.3642,-155.199,
7760.44,142.739,-28.3642,-155.199,
7770.6,142.739,-28.3642,-155.199,
7780.75,143.419,-27.7352,-155.351,
7790.9,143.419,-27.7352,-155.351,
7801.06,143.688,-27.5028,-155.394,
7811.28,143.91,-27.3292,-155.372,
7821.46,143.91,-27.3292,-155.372,
7831.61,144.169,-27.1185,-155.379,
7841.77,144.453,-26.8775,-155.424,
7851.94,144.453,-26.8775,-155.424,
7862.17,144.721,-26.6567,-155.439,
7872.34,145.002,-26.4269,-155.468,
7882.49,145.002,-26.4269,-155.468,
7892.64,145.305,-26.181,-155.514,
7902.8,145.581,-25.9611,-155.555,
7913.03,145.581,-25.9611,-155.555,
7923.18,145.794,-25.7998,-155.544,
7933.34,145.977,-25.6534,-155.541,
7943.49,145.977,-25.6534,-155.541,
7953.69,146.127,-25.5338,-155.512,
7963.98,146.287,-25.4074,-155.484,
7974.28,146.287,-25.4074,-155.484,
7984.44,146.415,-25.3129,-155.433,
7994.59,146.488,-25.2692,-155.354,
8004.75,146.488,-25.2692,-155.354,
8014.99,146.588,-25.1966,-155.303,
8025.15,146.679,-25.1308,-155.246,
8035.3,146.769,-25.0676,-155.178,
8045.46,146.769,-25.0676,-155.178,
8055.64,146.845,-25.0209,-155.081,
8065.86,146.926,-24.9664,-155.002,
8076.03,146.926,-24.9664,-155.002,
8086.18,146.99,-24.9348,-154.883,
8096.34,147.046,-24.921,-154.706,
8106.5,147.046,-24.921,-154.706,
8116.72,147.159,-24.8445,-154.607,
8126.89,147.273,-24.7627,-154.535,
8137.04,147.273,-24.7627,-154.535,
8147.2,147.397,-24.6662,-154.49,
8157.37,147.456,-24.6261,-154.433,
8167.6,147.456,-24.6261,-154.433,
8177.76,147.476,-24.6222,-154.34,
8187.92,147.573,-24.5379,-154.333,
8198.07,147.573,-24.5379,-154.333,
8208.24,147.653,-24.4677,-154.333,
8218.47,147.673,-24.4556,-154.295,
8228.64,147.673,-24.4556,-154.295,
8238.79,147.739,-24.3986,-154.288,
8248.97,147.795,-24.3514,-154.266,
8259.17,147.795,-24.3514,-154.266,
8269.49,147.838,-24.3139,-154.258,
8279.78,147.856,-24.3034,-154.217,
8289.95,147.92,-24.246,-154.22,
8300.11,147.92,-24.246,-154.22,
8310.27,147.956,-24.214,-154.222,
8320.51,147.958,-24.2147,-154.203,
8330.67,147.958,-24.2147,-154.203,
8340.82,147.954,-24.2227,-154.167,
8350.97,147.945,-24.2342,-154.133,
8361.15,147.945,-24.2342,-154.133,
8371.45,147.941,-24.2414,-154.103,
8381.63,147.933,-24.2487,-154.092,
8391.78,147.933,-24.2487,-154.092,
8401.95,147.917,-24.2685,-154.049,
8412.24,147.941,-24.2469,-154.044,
8422.5,147.941,-24.2469,-154.044,
8432.66,147.965,-24.2288,-154.014,
8442.81,147.973,-24.2275,-153.969,
8452.96,147.973,-24.2275,-153.969,
8463.15,147.939,-24.2672,-153.882,
8473.39,147.962,-24.2496,-153.861,
8483.56,147.962,-24.2496,-153.861,
8493.71,147.986,-24.23,-153.838,
8503.87,147.95,-24.2709,-153.762,
8514.03,147.95,-24.2709,-153.762,
8524.26,147.889,-24.3338,-153.674,
8534.42,147.857,-24.3692,-153.606,
8544.58,147.762,-24.4676,-153.475,
8554.81,147.762,-24.4676,-153.475,
8564.98,147.691,-24.5398,-153.39,
8575.32,147.624,-24.6079,-153.313,
8585.59,147.624,-24.6079,-153.313,
8595.75,147.552,-24.679,-153.249,
8605.9,147.467,-24.7648,-153.164,
8616.07,147.467,-24.7648,-153.164,
8626.31,147.367,-24.8645,-153.067,
8636.48,147.276,-24.953,-152.995,
8646.63,147.276,-24.953,-152.995,
8656.8,147.178,-25.0489,-152.918,
8666.97,147.069,-25.1567,-152.82,
8677.21,147.069,-25.1567,-152.82,
8687.37,146.926,-25.2962,-152.706,
8697.52,146.812,-25.4048,-152.634,
8707.67,146.812,-25.4048,-152.634,
8717.84,146.686,-25.5264,-152.542,
8728.07,146.546,-25.6644,-152.418,
8738.23,146.546,-25.6644,-152.418,
8748.39,146.468,-25.7399,-152.353,
8758.55,146.391,-25.816,-152.28,
8768.72,146.391,-25.816,-152.28,
8779,146.27,-25.9366,-152.163,
8789.17,146.146,-26.0631,-152.021,
8799.32,146.146,-26.0631,-152.021,
8809.51,146.086,-26.1239,-151.953,
8819.68,146.03,-26.1813,-151.883,
8829.92,146.03,-26.1813,-151.883,
8840.08,145.978,-26.2341,-151.823,
8850.23,145.913,-26.3001,-151.759,
8860.4,145.913,-26.3001,-151.759,
8870.57,145.852,-26.36,-151.705,
8880.87,145.76,-26.451,-151.62,
8891.04,145.701,-26.5087,-151.575,
8901.19,145.701,-26.5087,-151.575,
8911.38,145.637,-26.5702,-151.528,
8921.55,145.519,-26.6854,-151.437,
8931.8,145.519,-26.6854,-151.437,
8941.96,145.403,-26.7983,-151.347,
8952.11,145.283,-26.9135,-151.261,
8962.28,145.283,-26.9135,-151.261,
8972.45,145.185,-27.0075,-151.191,
8982.68,145.152,-27.0395,-151.165,
8992.84,145.152,-27.0395,-151.165,
9002.99,145.109,-27.0798,-151.141,
9013.18,145.109,-27.0798,-151.141,
9023.34,145.109,-27.0798,-151.141,
9033.56,144.988,-27.1915,-151.103,
9043.73,144.919,-27.2537,-151.086,
9053.88,144.919,-27.2537,-151.086,
9064.04,144.903,-27.2642,-151.104,
9074.21,144.893,-27.2691,-151.132,
9084.44,144.893,-27.2691,-151.132,
9094.62,144.875,-27.2839,-151.142,
9104.87,144.859,-27.2943,-151.169,
9115.07,144.846,-27.3062,-151.174,
9125.28,144.846,-27.3062,-151.174,
9135.58,144.834,-27.3145,-151.187,
9145.75,144.819,-27.3214,-151.225,
9155.91,144.819,-27.3214,-151.225,
9166.07,144.803,-27.3279,-151.279,
9176.25,144.765,-27.3566,-151.308,
9186.55,144.765,-27.3566,-151.308,
9196.71,144.726,-27.3887,-151.311,
9206.86,144.677,-27.4333,-151.292,
9217.01,144.677,-27.4333,-151.292,
9227.18,144.632,-27.4721,-151.281,
9237.42,144.606,-27.494,-151.282,
9247.59,144.606,-27.494,-151.282,
9257.82,144.608,-27.4896,-151.303,
9267.97,144.577,-27.5212,-151.274,
9278.15,144.577,-27.5212,-151.274,
9288.38,144.548,-27.5486,-151.26,
9298.55,144.511,-27.5834,-151.234,
9308.7,144.511,-27.5834,-151.234,
9318.86,144.478,-27.6153,-151.209,
9329.03,144.436,-27.6575,-151.169,
9339.26,144.436,-27.6575,-151.169,
9349.42,144.383,-27.7122,-151.108,
9359.59,144.335,-27.7605,-151.061,
9369.74,144.335,-27.7605,-151.061,
9379.91,144.269,-27.8265,-150.998,
9390.15,144.223,-27.8728,-150.947,
9400.31,144.223,-27.8728,-150.947,
9410.46,144.165,-27.9303,-150.889,
9420.61,144.111,-27.9866,-150.821,
9430.79,144.062,-28.0392,-150.754,
9441,144.062,-28.0392,-150.754,
9451.16,144.025,-28.0798,-150.696,
9461.33,143.982,-28.1261,-150.635,
9471.49,143.982,-28.1261,-150.635,
9481.68,143.909,-28.2008,-150.55,
9491.99,143.862,-28.2511,-150.483,
9502.16,143.862,-28.2511,-150.483,
9512.31,143.824,-28.2919,-150.43,
9522.47,143.75,-28.3679,-150.345,
9532.67,143.75,-28.3679,-150.345,
9542.86,143.675,-28.4451,-150.258,
9553.03,143.636,-28.4846,-150.21,
9563.2,143.636,-28.4846,-150.21,
9573.42,143.602,-28.5201,-150.166,
9583.62,143.548,-28.5772,-150.093,
9593.83,143.548,-28.5772,-150.093,
9603.98,143.506,-28.6213,-150.039,
9614.13,143.479,-28.6506,-150.001,
9624.28,143.479,-28.6506,-150.001,
9634.49,143.446,-28.6849,-149.962,
9644.7,143.401,-28.7291,-149.917,
9654.85,143.401,-28.7291,-149.917,
9665.02,143.351,-28.7791,-149.87,
9675.18,143.309,-28.8196,-149.836,
9685.38,143.309,-28.8196,-149.836,
9695.58,143.255,-28.8707,-149.796,
9705.74,143.208,-28.9153,-149.765,
9715.89,143.208,-28.9153,-149.765,
9726.05,143.165,-28.9551,-149.744,
9736.26,143.125,-28.9931,-149.713,
9746.46,143.125,-28.9931,-149.713,
9756.64,143.093,-29.0228,-149.696,
9766.79,143.059,-29.0524,-149.689,
9776.97,143.019,-29.0892,-149.671,
9787.23,143.019,-29.0892,-149.671,
9797.54,142.937,-29.1688,-149.61,
9807.71,142.874,-29.2282,-149.573,
9817.86,142.874,-29.2282,-149.573,
9828.03,142.834,-29.2629,-149.564,
9838.26,142.8,-29.2905,-149.567,
9848.57,142.8,-29.2905,-149.567,
9858.98,142.775,-29.31,-149.58,
9869.36,142.749,-29.3342,-149.572,
9879.8,142.749,-29.3342,-149.572,
9890.15,142.733,-29.351,-149.557,
9900.52,142.707,-29.3747,-149.547,
9910.86,142.67,-29.4023,-149.564,
9921.13,142.67,-29.4023,-149.564,
9931.29,142.659,-29.4041,-149.606,
9941.52,142.67,-29.3885,-149.644,
9951.73,142.67,-29.3885,-149.644,
9961.9,142.69,-29.3686,-149.667,
9972.06,142.682,-29.3775,-149.663,
9982.21,142.682,-29.3775,-149.663,
9992.43,142.644,-29.4117,-149.648,
10002.7,142.615,-29.4354,-149.648,
10012.9,142.615,-29.4354,-149.648,
10023.3,142.605,-29.4413,-149.661,
10033.6,142.564,-29.4794,-149.636,
10044,142.564,-29.4794,-149.636,
10054.4,142.53,-29.5103,-149.618,
10064.8,142.496,-29.5431,-149.592,
10075,142.496,-29.5431,-149.592,
10086.3,142.486,-29.5515,-149.589,
10096.7,142.467,-29.5707,-149.571,
10107,142.435,-29.6065,-149.522,
10117.1,142.435,-29.6065,-149.522,
10127.3,142.42,-29.6229,-149.497,
10137.4,142.405,-29.6378,-149.485,
10147.7,142.405,-29.6378,-149.485,
10157.8,142.398,-29.6432,-149.492,
10168,142.391,-29.6489,-149.495,
10178.1,142.391,-29.6489,-149.495,
10188.3,142.375,-29.6644,-149.483,
10198.5,142.334,-29.7041,-149.453,
10208.7,142.334,-29.7041,-149.453,
10218.8,142.291,-29.7424,-149.436,
10229,142.236,-29.7911,-149.412,
10239.2,142.236,-29.7911,-149.412,
10249.4,142.174,-29.8527,-149.352,
10259.5,142.137,-29.8903,-149.311,
10269.7,142.137,-29.8903,-149.311,
10279.9,142.107,-29.9227,-149.275,
10290,142.083,-29.9501,-149.24,
10300.3,142.083,-29.9501,-149.24,
10310.4,142.08,-29.9542,-149.247,
10320.6,142.055,-29.9768,-149.245,
10330.7,142.055,-29.9768,-149.245,
10340.9,142.007,-30.02,-149.227,
10351.1,142.007,-30.02,-149.227,
10361.3,142.007,-30.02,-149.227,
10371.4,141.874,-30.1443,-149.142,
10381.6,141.801,-30.2141,-149.089,
10391.8,141.741,-30.2724,-149.049,
10402.1,141.741,-30.2724,-149.049,
10412.4,141.672,-30.3403,-148.998,
10422.5,141.586,-30.4248,-148.923,
10432.7,141.586,-30.4248,-148.923,
10442.8,141.517,-30.4913,-148.872,
10453.1,141.444,-30.5613,-148.821,
10463.2,141.444,-30.5613,-148.821,
10473.4,141.334,-30.6683,-148.734,
10483.6,141.244,-30.7544,-148.671,
10493.7,141.244,-30.7544,-148.671,
10503.9,141.166,-30.8283,-148.621,
10514.1,141.079,-30.9107,-148.56,
10524.3,141.079,-30.9107,-148.56,
10534.4,140.981,-31.0062,-148.485,
10544.6,140.887,-31.0999,-148.404,
10554.8,140.887,-31.0999,-148.404,
10565,140.804,-31.1805,-148.342,
10575.1,140.709,-31.2733,-148.271,
10585.3,140.709,-31.2733,-148.271,
10595.4,140.6,-31.3818,-148.177,
10605.7,140.49,-31.4904,-148.087,
10615.8,140.49,-31.4904,-148.087,
10626,140.406,-31.5727,-148.021,
10636.1,140.342,-31.6339,-147.981,
10646.3,140.342,-31.6339,-147.981,
10656.5,140.277,-31.6955,-147.95,
10666.7,140.182,-31.7896,-147.873,
10676.9,140.182,-31.7896,-147.873,
10687,140.1,-31.8674,-147.818,
10697.2,140.029,-31.9279,-147.802,
10707.5,140.029,-31.9279,-147.802,
10717.7,139.927,-32.0164,-147.773,
10727.8,139.833,-32.1015,-147.727,
10738,139.765,-32.1658,-147.681,
10748.1,139.765,-32.1658,-147.681,
10758.4,139.71,-32.2216,-147.637,
10768.5,139.674,-32.2594,-147.614,
10778.7,139.674,-32.2594,-147.614,
10789,139.605,-32.3275,-147.575,
10799.1,139.508,-32.4246,-147.503,
10809.4,139.508,-32.4246,-147.503,
10819.5,139.409,-32.5226,-147.435,
10829.7,139.285,-32.6416,-147.355,
10839.8,139.285,-32.6416,-147.355,
10850,139.171,-32.7451,-147.316,
10860.2,139.044,-32.8591,-147.272,
10870.4,139.044,-32.8591,-147.272,
10880.5,138.906,-32.9868,-147.212,
10890.7,138.72,-33.1667,-147.092,
10900.9,138.72,-33.1667,-147.092,
10911.1,138.533,-33.3444,-146.98,
10921.2,138.345,-33.516,-146.902,
10931.4,138.345,-33.516,-146.902,
10941.5,138.143,-33.6936,-146.852,
10951.7,137.92,-33.8942,-146.778,
10961.9,137.92,-33.8942,-146.778,
10972.1,137.66,-34.1384,-146.64,
10982.3,137.408,-34.3715,-146.524,
10992.4,137.408,-34.3715,-146.524,
11002.6,137.153,-34.5985,-146.439,
11012.9,136.876,-34.8358,-146.375,
11023.1,136.876,-34.8358,-146.375,
11033.2,136.558,-35.1113,-146.283,
11043.4,136.208,-35.4254,-146.142,
11053.5,135.851,-35.7434,-146.013,
11063.8,135.851,-35.7434,-146.013,
11074,135.498,-36.0526,-145.908,
11084.1,135.11,-36.3969,-145.772,
11094.3,135.11,-36.3969,-145.772,
11104.4,134.695,-36.7682,-145.608,
11114.7,134.263,-37.1529,-145.448,
11124.8,134.263,-37.1529,-145.448,
11135,133.836,-37.5335,-145.287,
11145.1,133.4,-37.9214,-145.124,
11155.3,133.4,-37.9214,-145.124,
11165.5,132.951,-38.3256,-144.94,
11175.7,132.49,-38.744,-144.752,
11185.8,132.49,-38.744,-144.752,
11196,131.997,-39.2129,-144.507,
11206.2,131.497,-39.7054,-144.223,
11216.4,131.497,-39.7054,-144.223,
11226.5,130.996,-40.2036,-143.919,
11236.7,130.463,-40.721,-143.619,
11246.8,130.463,-40.721,-143.619,
11257.1,129.91,-41.245,-143.333,
11267.3,129.369,-41.7547,-143.088,
11277.5,128.795,-42.3035,-142.798,
11287.7,128.795,-42.3035,-142.798,
11297.8,128.156,-42.902,-142.485,
11308.1,127.497,-43.4996,-142.21,
11318.4,127.497,-43.4996,-142.21,
11328.5,126.844,-44.0785,-141.979,
11338.7,126.132,-44.7176,-141.692,
11348.8,126.132,-44.7176,-141.692,
11359,125.371,-45.4084,-141.357,
11369.2,124.587,-46.1165,-141.007,
11379.4,124.587,-46.1165,-141.007,
11389.6,123.839,-46.7701,-140.749,
11399.7,123.09,-47.4187,-140.496,
11409.9,123.09,-47.4187,-140.496,
11420.2,122.313,-48.1054,-140.19,
11430.3,121.506,-48.8478,-139.786,
11440.5,121.506,-48.8478,-139.786,
11450.6,120.688,-49.6039,-139.38,
11460.8,119.842,-50.3703,-138.977,
11471.1,119.842,-50.3703,-138.977,
11481.2,118.994,-51.1304,-138.576,
11491.4,118.181,-51.8635,-138.196,
11501.5,118.181,-51.8635,-138.196,
11511.7,117.379,-52.5967,-137.795,
11521.9,116.571,-53.3309,-137.397,
11532.1,116.571,-53.3309,-137.397,
11542.2,115.759,-54.074,-136.979,
11552.4,114.971,-54.8079,-136.534,
11562.5,114.971,-54.8079,-136.534,
11572.8,114.212,-55.5115,-136.122,
11583,113.452,-56.1782,-135.77,
11593.1,112.705,-56.7955,-135.482,
11603.3,112.705,-56.7955,-135.482,
11613.5,112.01,-57.3732,-135.242,
11623.8,111.303,-58.0154,-134.883,
11634,111.303,-58.0154,-134.883,
11644.1,110.55,-58.7354,-134.38,
11654.3,109.823,-59.4356,-133.887,
11664.4,109.823,-59.4356,-133.887,
11674.7,109.152,-60.0506,-133.51,
11684.9,108.456,-60.6357,-133.203,
11695,108.456,-60.6357,-133.203,
11705.2,107.735,-61.2108,-132.928,
11715.3,107.034,-61.8149,-132.576,
11725.6,107.034,-61.8149,-132.576,
11735.7,106.325,-62.5035,-132.038,
11745.9,105.609,-63.2073,-131.477,
11756.1,105.609,-63.2073,-131.477,
11766.2,104.935,-63.7888,-131.111,
11776.5,104.284,-64.3038,-130.853,
11786.7,104.284,-64.3038,-130.853,
11796.8,103.646,-64.8569,-130.515,
11807,103.026,-65.4974,-129.99,
11817.1,103.026,-65.4974,-129.99,
11827.4,102.447,-66.1333,-129.459,
11837.5,101.865,-66.7012,-129.051,
11847.7,101.865,-66.7012,-129.051,
11857.9,101.288,-67.191,-128.779,
11868.1,100.773,-67.6276,-128.567,
11878.3,100.284,-68.1156,-128.24,
11888.5,100.284,-68.1156,-128.24,
11898.6,99.7963,-68.6334,-127.844,
11908.9,99.3234,-69.0695,-127.591,
11919.2,99.3234,-69.0695,-127.591,
11929.5,99.3234,-69.0695,-127.591,
11939.6,98.4115,-69.6126,-127.704,
11949.8,98.4115,-69.6126,-127.704,
11959.9,97.9353,-69.8854,-127.725,
11970.1,97.4627,-70.2237,-127.592,
11980.4,97.4627,-70.2237,-127.592,
11990.5,97.0383,-70.5373,-127.465,
12000.7,96.6178,-70.806,-127.389,
12010.9,96.6178,-70.806,-127.389,
12021,96.1907,-71.0596,-127.334,
12031.3,95.788,-71.334,-127.226,
12041.4,95.788,-71.334,-127.226,
12051.6,95.4007,-71.6836,-126.963,
12061.7,95.0192,-72.0969,-126.548,
12071.9,95.0192,-72.0969,-126.548,
12082.1,94.6597,-72.5035,-126.12,
12092.3,94.3034,-72.8525,-125.78,
12102.4,94.3034,-72.8525,-125.78,
12112.6,93.9621,-73.1166,-125.587,
12122.8,93.6136,-73.386,-125.381,
12133,93.2517,-73.7308,-125.002,
12143.1,93.2517,-73.7308,-125.002,
12153.3,92.8967,-74.0655,-124.616,
12163.4,92.8967,-74.0655,-124.616,
12173.6,92.5529,-74.3275,-124.35,
12183.9,92.2298,-74.5281,-124.186,
12194,91.9231,-74.7443,-123.998,
12204.2,91.9231,-74.7443,-123.998,
12214.3,91.5951,-75.0477,-123.626,
12224.7,91.2617,-75.3696,-123.185,
12235,91.2617,-75.3696,-123.185,
12245.2,90.9635,-75.6277,-122.848,
12255.3,90.6727,-75.7876,-122.697,
12265.5,90.6727,-75.7876,-122.697,
12275.6,90.3726,-75.9011,-122.617,
12285.9,90.0533,-76.0733,-122.426,
12296,90.0533,-76.0733,-122.426,
12306.2,89.7048,-76.3486,-121.999,
12316.3,89.3544,-76.5908,-121.633,
12326.5,89.3544,-76.5908,-121.633,
12336.7,89.0229,-76.7306,-121.472,
12346.9,88.7021,-76.8081,-121.445,
12357,88.7021,-76.8081,-121.445,
12367.2,88.3589,-76.9124,-121.323,
12377.4,88.0054,-77.0917,-121.012,
12387.6,88.0054,-77.0917,-121.012,
12397.8,87.6788,-77.353,-120.503,
12407.9,87.3592,-77.6021,-119.993,
12418.1,87.3592,-77.6021,-119.993,
12428.2,87.0546,-77.7104,-119.807,
12438.4,86.7342,-77.7222,-119.796,
12448.6,86.3939,-77.678,-119.827,
12458.8,86.3939,-77.678,-119.827,
12469,86.0695,-77.6539,-119.778,
12479.1,85.7535,-77.6627,-119.619,
12489.4,85.7535,-77.6627,-119.619,
12499.5,85.4079,-77.6125,-119.575,
12509.7,85.0196,-77.477,-119.611,
12519.8,85.0196,-77.477,-119.611,
12530.2,84.6508,-77.3108,-119.673,
12540.5,84.2973,-77.2337,-119.532,
12550.6,84.2973,-77.2337,-119.532,
12560.8,83.9299,-77.2347,-119.196,
12570.9,83.5499,-77.2366,-118.828,
12581.1,83.5499,-77.2366,-118.828,
12591.3,83.1809,-77.1662,-118.601,
12601.5,82.818,-77.0762,-118.382,
12611.7,82.818,-77.0762,-118.382,
12621.8,82.4601,-77.0571,-117.967,
12632,82.1082,-77.1197,-117.294,
12642.2,82.1082,-77.1197,-117.294,
12652.4,81.7548,-77.2077,-116.5,
12662.5,81.3888,-77.2417,-115.739,
12672.7,81.3888,-77.2417,-115.739,
12682.9,81.0403,-77.1468,-115.348,
12693.1,80.7238,-77.0002,-115.141,
12703.2,80.7238,-77.0002,-115.141,
12713.4,80.4363,-76.8698,-114.978,
12723.6,80.1055,-76.75,-114.651,
12733.7,80.1055,-76.75,-114.651,
12743.9,79.742,-76.5948,-114.28,
12754.1,79.3784,-76.407,-113.992,
12764.2,79.3784,-76.407,-113.992,
12774.4,79.0235,-76.1855,-113.853,
12784.6,78.6375,-75.9169,-113.792,
12794.8,78.1866,-75.6109,-113.596,
12805,78.1866,-75.6109,-113.596,
12815.1,77.7593,-75.3529,-113.218,
12825.3,77.7593,-75.3529,-113.218,
12835.6,77.7593,-75.3529,-113.218,
12845.8,77.0652,-75.0548,-112.016,
12856,76.7626,-74.9108,-111.501,
12866.1,76.7626,-74.9108,-111.501,
12876.3,76.554,-74.7694,-111.332,
12886.5,76.4182,-74.6686,-111.29,
12896.7,76.4182,-74.6686,-111.29,
12906.9,76.3307,-74.6205,-111.22,
12917.1,76.2763,-74.6004,-111.139,
12927.3,76.2763,-74.6004,-111.139,
12937.5,76.2013,-74.5771,-110.971,
12947.7,76.0908,-74.522,-110.789,
12957.9,76.0908,-74.522,-110.789,
12968,75.9894,-74.4209,-110.892,
12978.2,75.9178,-74.3158,-111.168,
12988.4,75.9178,-74.3158,-111.168,
12998.6,75.8972,-74.2876,-111.26,
13008.7,75.9296,-74.3812,-110.943,
13018.9,75.9296,-74.3812,-110.943,
13029.1,76.0258,-74.5532,-110.494,
13039.2,76.1623,-74.728,-110.262,
13049.5,76.1623,-74.728,-110.262,
13059.6,76.255,-74.8106,-110.325,
13069.8,76.2718,-74.7858,-110.609,
13079.9,76.2718,-74.7858,-110.609,
13090.1,76.2858,-74.7664,-110.834,
13100.3,76.3058,-74.7952,-110.839,
13110.5,76.3209,-74.8125,-110.862,
13120.6,76.3209,-74.8125,-110.862,
13130.8,76.3824,-74.841,-111.042,
13141.1,76.4213,-74.85,-111.242,
13151.3,76.4213,-74.85,-111.242,
13161.5,76.4678,-74.8656,-111.412,
13171.6,76.4995,-74.8598,-111.615,
13181.8,76.4995,-74.8598,-111.615,
13192,76.5276,-74.8493,-111.825,
13202.2,76.531,-74.8489,-111.843,
13212.4,76.531,-74.8489,-111.843,
13222.6,76.5367,-74.8886,-111.673,
13232.7,76.5468,-74.9336,-111.487,
13243,76.5468,-74.9336,-111.487,
13253.1,76.5531,-74.9403,-111.484,
13263.3,76.5619,-74.933,-111.533,
13273.5,76.5619,-74.933,-111.533,
13283.6,76.5642,-74.9286,-111.516,
13293.9,76.5875,-74.9464,-111.496,
13304,76.5875,-74.9464,-111.496,
13314.2,76.5875,-74.9464,-111.496,
13324.3,76.6585,-74.9984,-111.518,
13334.5,76.6983,-75.0351,-111.468,
13344.7,76.6983,-75.0351,-111.468,
13354.9,76.7374,-75.069,-111.433,
13365,76.7805,-75.0827,-111.537,
13375.2,76.7805,-75.0827,-111.537,
13385.4,76.8044,-75.0522,-111.773,
13395.6,76.8146,-75.0101,-112.002,
13405.8,76.8146,-75.0101,-112.002,
13415.9,76.8433,-75.0234,-112.007,
13426.1,76.8823,-75.0762,-111.863,
13436.3,76.8823,-75.0762,-111.863,
13446.6,76.9319,-75.1254,-111.808,
13456.8,76.9717,-75.15,-111.833,
13466.9,76.9717,-75.15,-111.833,
13477.1,77.0129,-75.1807,-111.826,
13487.3,77.0531,-75.239,-111.644,
13497.5,77.0531,-75.239,-111.644,
13507.7,77.0754,-75.2725,-111.531,
13517.8,77.079,-75.286,-111.449,
13528,77.079,-75.286,-111.449,
13538.1,77.0741,-75.2781,-111.456,
13548.3,77.0713,-75.2745,-111.439,
13558.5,77.0713,-75.2745,-111.439,
13568.7,77.1077,-75.3139,-111.393,
13578.8,77.1245,-75.3472,-111.273,
13589,77.1245,-75.3472,-111.273,
13599.2,77.1276,-75.3656,-111.209,
13609.4,77.1124,-75.3553,-111.214,
13619.6,77.1185,-75.3498,-111.281,
13629.8,77.1185,-75.3498,-111.281,
13640,77.154,-75.3701,-111.358,
13650.2,77.1754,-75.3742,-111.453,
13660.5,77.1754,-75.3742,-111.453,
13670.7,77.176,-75.3573,-111.589,
13680.8,77.1624,-75.356,-111.585,
13691,77.1624,-75.356,-111.585,
13701.2,77.1936,-75.3917,-111.6,
13711.4,77.2545,-75.431,-111.735,
13721.5,77.2545,-75.431,-111.735,
13731.7,77.3016,-75.4542,-111.879,
13741.9,77.3446,-75.4719,-112.036,
13752.3,77.3446,-75.4719,-112.036,
13762.5,77.346,-75.4544,-112.167,
13772.6,77.3678,-75.4515,-112.343,
13782.8,77.3678,-75.4515,-112.343,
13793,77.4042,-75.4773,-112.446,
13803.2,77.4399,-75.5154,-112.448,
13813.4,77.4399,-75.5154,-112.448,
13823.5,77.4428,-75.5217,-112.464,
13833.7,77.4207,-75.4693,-112.674,
13843.8,77.4207,-75.4693,-112.674,
13854.1,77.4087,-75.4126,-112.951,
13864.2,77.4235,-75.4022,-113.109,
13874.4,77.4235,-75.4022,-113.109,
13884.6,77.4304,-75.4395,-112.973,
13894.7,77.4294,-75.4821,-112.772,
13905,77.4294,-75.4821,-112.772,
13915.1,77.43,-75.4888,-112.735,
13925.3,77.4416,-75.478,-112.851,
13935.4,77.4723,-75.489,-112.937,
13945.6,77.4723,-75.489,-112.937,
13955.8,77.4929,-75.5559,-112.673,
13966,77.5011,-75.657,-112.158,
13976.1,77.5011,-75.657,-112.158,
13986.3,77.5118,-75.7319,-111.759,
13996.4,77.5231,-75.724,-111.819,
14006.7,77.5231,-75.724,-111.819,
14016.8,77.5157,-75.646,-112.161,
14027,77.5042,-75.5821,-112.397,
14037.2,77.5042,-75.5821,-112.397,
14047.4,77.5119,-75.5917,-112.336,
14057.7,77.5424,-75.6554,-112.105,
14067.9,77.5424,-75.6554,-112.105,
14078.1,77.5528,-75.6963,-111.912,
14088.2,77.5602,-75.6967,-111.917,
14098.4,77.5602,-75.6967,-111.917,
14108.6,77.5699,-75.6999,-111.896,
14118.8,77.5891,-75.7337,-111.761,
14129,77.5891,-75.7337,-111.761,
14139.1,77.5977,-75.7548,-111.651,
14149.3,77.5827,-75.731,-111.67,
14159.5,77.5827,-75.731,-111.67,
14169.7,77.5596,-75.6794,-111.801,
14179.9,77.5511,-75.6589,-111.848,
14190,77.5564,-75.673,-111.798,
14200.2,77.5564,-75.673,-111.798,
14210.4,77.557,-75.6813,-111.769,
14220.6,77.5542,-75.6669,-111.841,
14231,77.5542,-75.6669,-111.841,
14241.4,77.5646,-75.6782,-111.848,
14251.6,77.5902,-75.7318,-111.713,
14261.9,77.5902,-75.7318,-111.713,
14272.1,77.6194,-75.7997,-111.549,
14282.5,77.6341,-75.8365,-111.464,
14292.9,77.6341,-75.8365,-111.464,
14303.2,77.6392,-75.8227,-111.58,
14313.6,77.6484,-75.7827,-111.84,
14323.9,77.6484,-75.7827,-111.84,
14334.1,77.6594,-75.759,-112.048,
14344.3,77.6686,-75.776,-112.066,
14354.6,77.6686,-75.776,-112.066,
14364.9,77.6767,-75.8211,-111.936,
14375.1,77.7073,-75.8887,-111.777,
14385.3,77.7073,-75.8887,-111.777,
14395.4,77.7394,-75.9409,-111.673,
14405.6,77.7634,-75.984,-111.583,
14415.9,77.7727,-75.9975,-111.597,
14426.2,77.7727,-75.9975,-111.597,
14436.3,77.7501,-75.9752,-111.64,
14446.5,77.7161,-75.921,-111.767,
14456.6,77.7161,-75.921,-111.767,
14466.9,77.6965,-75.8905,-111.812,
14477,77.7092,-75.9266,-111.687,
14487.2,77.7092,-75.9266,-111.687,
14497.4,77.7155,-75.9769,-111.456,
14507.6,77.7088,-75.9917,-111.35,
14517.8,77.7088,-75.9917,-111.35,
14527.9,77.7067,-75.9867,-111.322,
14538.1,77.7216,-76.0111,-111.202,
14548.2,77.7216,-76.0111,-111.202,
14558.4,77.7305,-76.045,-111.022,
14568.6,77.6967,-76.0374,-110.864,
14578.8,77.6967,-76.0374,-110.864,
14589,77.6749,-75.9818,-111.01,
14599.2,77.6779,-75.9395,-111.166,
14609.4,77.6779,-75.9395,-111.166,
14619.6,77.7015,-75.9389,-111.19,
14629.7,77.7137,-75.9683,-111.006,
14639.9,77.7137,-75.9683,-111.006,
14650.1,77.6994,-75.9986,-110.711,
14660.4,77.7036,-76.0001,-110.651,
14670.7,77.7269,-75.9914,-110.716,
14680.8,77.7269,-75.9914,-110.716,
14691,77.7542,-76.0047,-110.675,
14701.1,77.7609,-76.039,-110.44,
14711.3,77.7609,-76.039,-110.44,
14721.5,77.7624,-76.0772,-110.149,
14731.7,77.7803,-76.1008,-109.995,
14741.8,77.7803,-76.1008,-109.995,
14752,77.804,-76.0974,-109.977,
14762.1,77.8204,-76.076,-110.005,
14772.4,77.8204,-76.076,-110.005,
14782.5,77.8178,-76.0725,-109.862,
14792.7,77.8312,-76.1144,-109.536,
14802.9,77.8312,-76.1144,-109.536,
14813,77.876,-76.1984,-109.116,
14823.3,77.9195,-76.2693,-108.749,
14833.4,77.9195,-76.2693,-108.749,
14843.6,77.9389,-76.2843,-108.53,
14853.7,77.9288,-76.2481,-108.429,
14863.9,77.9288,-76.2481,-108.429,
14874.1,77.9206,-76.1979,-108.379,
14884.3,77.9312,-76.1971,-108.147,
14894.5,77.9312,-76.1971,-108.147,
14904.6,77.9535,-76.2269,-107.806,
14914.8,77.9492,-76.217,-107.514,
14925,77.9492,-76.217,-107.514,
14935.2,77.9355,-76.147,-107.438,
14945.3,77.9289,-76.0818,-107.315,
14955.5,77.9289,-76.0818,-107.315,
14965.8,77.9526,-76.076,-106.993,
14976,77.9729,-76.1123,-106.435,
14986.2,77.9729,-76.1123,-106.435,
14996.4,77.9851,-76.1102,-105.982,
15006.6,77.9851,-76.1102,-105.982,
15017,77.9951,-75.8625,-105.973,
15027.4,77.9951,-75.8625,-105.973,
15037.8,78.0583,-75.8002,-105.885,
15048.3,78.1492,-75.8766,-105.326,
15058.8,78.1492,-75.8766,-105.326,
15069.1,78.2276,-76.0124,-104.512,
15079.3,78.2712,-76.0666,-103.892,
15089.5,78.2712,-76.0666,-103.892,
15099.6,78.2923,-76.0201,-103.546,
15109.8,78.3199,-75.9659,-103.244,
15120,78.3199,-75.9659,-103.244,
15130.2,78.3684,-76.0225,-102.63,
15140.3,78.4343,-76.1625,-101.812,
15150.5,78.4343,-76.1625,-101.812,
15160.7,78.487,-76.2596,-101.112,
15170.9,78.5066,-76.2468,-100.658,
15181,78.5066,-76.2468,-100.658,
15191.2,78.5037,-76.1784,-100.302,
15201.4,78.4965,-76.1113,-99.9294,
15211.5,78.5014,-76.1013,-99.4335,
15221.8,78.5014,-76.1013,-99.4335,
15231.9,78.5328,-76.1774,-98.8043,
15242.1,78.5704,-76.2551,-98.2089,
15252.2,78.5704,-76.2551,-98.2089,
15262.5,78.601,-76.303,-97.6879,
15272.8,78.6207,-76.33,-97.2104,
15283,78.6207,-76.33,-97.2104,
15293.1,78.6419,-76.3668,-96.7213,
15303.3,78.6671,-76.4363,-96.1844,
15313.5,78.6671,-76.4363,-96.1844,
15323.7,78.7112,-76.5471,-95.6318,
15333.9,78.7642,-76.7298,-94.9709,
15344,78.7642,-76.7298,-94.9709,
15354.2,78.8176,-76.9357,-94.2882,
15364.3,78.8176,-76.9357,-94.2882,
15374.6,78.8176,-76.9357,-94.2882,
15384.7,78.9438,-77.2446,-93.2728,
15394.9,78.9928,-77.3293,-92.9146,
15405.1,78.9928,-77.3293,-92.9146,
15415.2,79.0006,-77.3417,-92.6228,
15425.4,79.0006,-77.3417,-92.6228,
15435.6,79.0006,-77.3417,-92.6228,
15445.8,79.0279,-77.368,-92.1101,
15455.9,79.0708,-77.5124,-91.6859,
15466.1,79.0708,-77.5124,-91.6859,
15476.3,79.1077,-77.6801,-91.2237,
15486.5,79.1144,-77.8123,-90.773,
15496.6,79.1144,-77.8123,-90.773,
15506.8,79.1143,-77.9243,-90.3611,
15517,79.0962,-78.0107,-89.9664,
15527.2,79.0962,-78.0107,-89.9664,
15537.4,79.091,-78.1253,-89.5644,
15547.5,79.1096,-78.2916,-89.1346,
15557.7,79.1388,-78.4759,-88.7073,
15568,79.1388,-78.4759,-88.7073,
15578.3,79.142,-78.6011,-88.3345,
15588.5,79.1069,-78.6248,-88.0666,
15598.7,79.1069,-78.6248,-88.0666,
15608.8,79.0785,-78.6187,-87.8804,
15619,79.0552,-78.6519,-87.6346,
15629.2,79.0552,-78.6519,-87.6346,
15639.5,79.047,-78.7328,-87.3431,
15649.6,79.0548,-78.8213,-87.0861,
15659.8,79.0548,-78.8213,-87.0861,
15669.9,79.0712,-78.8727,-86.9312,
15680.2,79.0855,-78.9356,-86.7529,
15690.3,79.0855,-78.9356,-86.7529,
15700.5,79.1169,-79.0592,-86.5099,
15710.6,79.1666,-79.2269,-86.233,
15720.8,79.1666,-79.2269,-86.233,
15731,79.2383,-79.4027,-86.0015,
15741.2,79.2991,-79.5435,-85.8118,
15751.4,79.2991,-79.5435,-85.8118,
15761.5,79.3241,-79.6211,-85.654,
15771.7,79.3303,-79.6463,-85.5606,
15781.9,79.3303,-79.6463,-85.5606,
15792.1,79.3434,-79.6525,-85.5335,
15802.2,79.3548,-79.6604,-85.498,
15812.4,79.4055,-79.721,-85.4705,
15822.6,79.4055,-79.721,-85.4705,
15832.8,79.4781,-79.8247,-85.4218,
15843,79.5067,-79.887,-85.3327,
15853.1,79.5067,-79.887,-85.3327,
15863.3,79.4962,-79.8912,-85.249,
15873.6,79.5207,-79.9302,-85.199,
15883.9,79.5207,-79.9302,-85.199,
15894.1,79.5883,-80.0354,-85.1437,
15904.3,79.6357,-80.1348,-85.0412,
15914.5,79.6357,-80.1348,-85.0412,
15924.8,79.6373,-80.1679,-84.9396,
15935,79.641,-80.1834,-84.8858,
15945.2,79.641,-80.1834,-84.8858,
15955.3,79.651,-80.1984,-84.8551,
15965.5,79.6426,-80.194,-84.8107,
15975.7,79.6426,-80.194,-84.8107,
15985.9,79.6297,-80.1964,-84.7383,
15996.1,79.6403,-80.2292,-84.6735,
16006.2,79.6403,-80.2292,-84.6735,
16016.4,79.6565,-80.2738,-84.5982,
16026.5,79.6731,-80.315,-84.5305,
16036.8,79.6731,-80.315,-84.5305,
16046.9,79.6782,-80.3295,-84.4922,
16057.1,79.6585,-80.3029,-84.4749,
16067.2,79.6585,-80.3029,-84.4749,
16077.4,79.6308,-80.2769,-84.4261,
16087.6,79.6219,-80.2936,-84.3338,
16097.8,79.6219,-80.2936,-84.3338,
16108,79.6508,-80.3522,-84.2471,
16118.1,79.7156,-80.4319,-84.216,
16128.3,79.7642,-80.4842,-84.2048,
16138.5,79.7642,-80.4842,-84.2048,
16148.7,79.7907,-80.5094,-84.179,
16158.8,79.8208,-80.5299,-84.1455,
16169,79.8208,-80.5299,-84.1455,
16179.3,79.882,-80.5646,-84.1302,
16189.6,79.9594,-80.5976,-84.1379,
16199.8,79.9594,-80.5976,-84.1379,
16209.9,80.0186,-80.612,-84.1556,
16220.1,80.0581,-80.6167,-84.1792,
16230.3,80.0581,-80.6167,-84.1792,
16240.5,80.0944,-80.6149,-84.2046,
16250.7,80.1489,-80.6165,-84.2453,
16260.8,80.1489,-80.6165,-84.2453,
16271,80.1489,-80.6165,-84.2453,
16281.1,80.2778,-80.5959,-84.3491,
16291.4,80.2778,-80.5959,-84.3491,
16301.5,80.3161,-80.5627,-84.3894,
16311.7,80.354,-80.4954,-84.4243,
16321.9,80.4215,-80.3991,-84.481,
16332,80.4215,-80.3991,-84.481,
16342.3,80.5047,-80.298,-84.5604,
16352.4,80.5047,-80.298,-84.5604,
16362.6,80.5788,-80.2388,-84.6518,
16372.7,80.6175,-80.1361,-84.7117,
16382.9,80.6601,-79.9192,-84.7639,
16393.1,80.6601,-79.9192,-84.7639,
16403.3,80.7249,-79.6598,-84.8405,
16413.4,80.7936,-79.4705,-84.9384,
16423.6,80.7936,-79.4705,-84.9384,
16433.8,80.8266,-79.3555,-85.0184,
16444,80.8392,-79.2248,-85.0822,
16454.2,80.8392,-79.2248,-85.0822,
16464.3,80.8671,-79.0538,-85.1616,
16474.5,80.9278,-78.8806,-85.2757,
16484.8,80.9278,-78.8806,-85.2757,
16495.1,80.9965,-78.6875,-85.4019,
16505.2,81.0468,-78.4193,-85.5139,
16515.4,81.0468,-78.4193,-85.5139,
16525.6,81.1212,-78.1112,-85.657,
16535.8,81.2283,-77.7225,-85.8434,
16546,81.2283,-77.7225,-85.8434,
16556.1,81.3611,-77.326,-86.0586,
16566.3,81.4498,-77.0361,-86.2332,
16576.5,81.4498,-77.0361,-86.2332,
16586.6,81.4789,-76.7876,-86.3482,
16596.9,81.4968,-76.498,-86.4612,
16607,81.4968,-76.498,-86.4612,
16617.2,81.5581,-76.2095,-86.6261,
16627.4,81.6262,-75.9415,-86.7999,
16637.5,81.6799,-75.7448,-86.9536,
16647.8,81.6799,-75.7448,-86.9536,
16657.9,81.6901,-75.5935,-87.0641,
16668.1,81.6901,-75.5935,-87.0641,
16678.3,81.6901,-75.5935,-87.0641,
16688.4,81.7574,-75.2283,-87.3523,
16698.7,81.8091,-75.0089,-87.5186,
16708.8,81.8091,-75.0089,-87.5186,
16719,81.8508,-74.7721,-87.6768,
16729.1,81.9051,-74.5315,-87.8568,
16739.3,81.9051,-74.5315,-87.8568,
16749.5,81.987,-74.2899,-88.0658,
16759.7,82.0701,-74.083,-88.2724,
16769.8,82.0701,-74.083,-88.2724,
16780,82.1331,-73.858,-88.4581,
16790.3,82.205,-73.6096,-88.6598,
16800.6,82.205,-73.6096,-88.6598,
16810.8,82.2806,-73.3222,-88.8784,
16820.9,82.3517,-73.0317,-89.0955,
16831.1,82.3517,-73.0317,-89.0955,
16841.3,82.4506,-72.7901,-89.3315,
16851.5,82.5452,-72.5816,-89.561,
16861.7,82.5452,-72.5816,-89.561,
16871.9,82.6205,-72.398,-89.7772,
16882,82.7027,-72.2451,-89.995,
16892.2,82.7027,-72.2451,-89.995,
16902.4,82.7965,-72.1046,-90.2166,
16912.6,82.8959,-72.0057,-90.4407,
16922.8,82.8959,-72.0057,-90.4407,
16932.9,82.8959,-72.0057,-90.4407,
16943.1,83.121,-71.8282,-90.9126,
16953.3,83.2342,-71.6687,-91.1589,
16963.5,83.2342,-71.6687,-91.1589,
16973.6,83.3645,-71.4637,-91.429,
16983.8,83.51,-71.2377,-91.7134,
16993.9,83.51,-71.2377,-91.7134,
17004.2,83.6276,-71.0604,-91.9563,
17014.3,83.7216,-70.9625,-92.1585,
17024.5,83.7216,-70.9625,-92.1585,
17034.6,83.8289,-70.9128,-92.3611,
17044.8,83.9357,-70.8694,-92.5637,
17055,83.9357,-70.8694,-92.5637,
17065.2,84.0236,-70.82,-92.7441,
17075.3,84.1055,-70.7616,-92.913,
17085.6,84.1055,-70.7616,-92.913,
17095.9,84.1916,-70.7142,-93.0802,
17106.1,84.2609,-70.6935,-93.2239,
17116.3,84.2609,-70.6935,-93.2239,
17126.4,84.3176,-70.6772,-93.3539,
17136.6,84.3917,-70.6553,-93.4958,
17146.8,84.3917,-70.6553,-93.4958,
17157,84.4652,-70.5945,-93.6382,
17167.1,84.5406,-70.5479,-93.7801,
17177.3,84.5406,-70.5479,-93.7801,
17187.5,84.6248,-70.5191,-93.9227,
17197.7,84.6855,-70.5154,-94.0333,
17207.9,84.6855,-70.5154,-94.0333,
17218,84.7224,-70.5334,-94.1129,
17228.2,84.7635,-70.5672,-94.1913,
17238.4,84.7635,-70.5672,-94.1913,
17248.6,84.8431,-70.5701,-94.3125,
17258.8,84.9116,-70.5236,-94.4314,
17269,84.9533,-70.4654,-94.5253,
17279.1,84.9533,-70.4654,-94.5253,
17289.3,85.0119,-70.4098,-94.6223,
17299.5,85.0824,-70.3748,-94.7257,
17309.7,85.0824,-70.3748,-94.7257,
17319.9,85.142,-70.3636,-94.8092,
17330,85.176,-70.3653,-94.8642,
17340.2,85.176,-70.3653,-94.8642,
17350.4,85.185,-70.366,-94.8869,
17360.6,85.1782,-70.4007,-94.8775,
17370.8,85.1782,-70.4007,-94.8775,
17380.9,85.1669,-70.4637,-94.8574,
17391.2,85.1463,-70.5288,-94.8292,
17401.5,85.1463,-70.5288,-94.8292,
17411.7,85.1343,-70.5542,-94.814,
17422,85.1213,-70.5413,-94.8014,
17432.1,85.1213,-70.5413,-94.8014,
17442.3,85.0725,-70.4871,-94.7597,
17452.5,85.013,-70.4613,-94.7035,
17462.7,85.013,-70.4613,-94.7035,
17472.9,84.9697,-70.4721,-94.6517,
17483,84.9235,-70.5106,-94.5898,
17493.2,84.9235,-70.5106,-94.5898,
17503.4,84.8895,-70.5351,-94.5455,
17513.6,84.8728,-70.5133,-94.5349,
17523.8,84.8759,-70.4512,-94.5513,
17533.9,84.8759,-70.4512,-94.5513,
17544.1,84.8826,-70.4412,-94.5522,
17554.3,84.8792,-70.5298,-94.525,
17564.5,84.8792,-70.5298,-94.525,
17574.6,84.8769,-70.6714,-94.4972,
17584.8,84.8705,-70.7613,-94.4767,
17594.9,84.8705,-70.7613,-94.4767,
17605.2,84.8555,-70.8034,-94.4534,
17615.4,84.8667,-70.8346,-94.4473,
17625.5,84.8667,-70.8346,-94.4473,
17635.7,84.8915,-70.8853,-94.4536,
17645.8,84.915,-70.9419,-94.4611,
17656.1,84.915,-70.9419,-94.4611,
17666.2,84.9342,-70.9852,-94.4647,
17676.4,84.9479,-71.0221,-94.4611,
17686.7,84.9479,-71.0221,-94.4611,
17697,84.9588,-71.0686,-94.4539,
17707.3,84.9869,-71.103,-94.4707,
17717.5,84.9869,-71.103,-94.4707,
17727.7,85.02,-71.1077,-94.505,
17737.8,85.04,-71.1158,-94.5278,
17748,85.04,-71.1158,-94.5278,
17758.2,85.0347,-71.1658,-94.5052,
17768.4,85.0189,-71.2613,-94.458,
17778.6,85.0189,-71.2613,-94.458,
17788.7,85.0418,-71.3707,-94.4517,
17799,85.0778,-71.4228,-94.4775,
17809.2,85.0985,-71.4272,-94.4982,
17819.4,85.0985,-71.4272,-94.4982,
17829.6,85.1013,-71.4269,-94.4982,
17839.7,85.0761,-71.4427,-94.4642,
17849.9,85.0761,-71.4427,-94.4642,
17860.1,85.0694,-71.4955,-94.4412,
17870.3,85.0679,-71.5456,-94.429,
17880.4,85.0679,-71.5456,-94.429,
17890.6,85.0612,-71.5665,-94.4121,
17900.8,85.0501,-71.5813,-94.3942,
17911,85.0501,-71.5813,-94.3942,
17921.2,85.0463,-71.5721,-94.3909,
17931.3,85.0605,-71.514,-94.4142,
17941.5,85.0605,-71.514,-94.4142,
17951.6,85.0625,-71.4476,-94.4307,
17961.8,85.0511,-71.4449,-94.4189,
17972,85.0511,-71.4449,-94.4189,
17982.2,85.0149,-71.5417,-94.3603,
17992.3,84.9707,-71.6711,-94.2822,
18002.7,84.9707,-71.6711,-94.2822,
18013,84.9221,-71.7562,-94.2078,
18023.2,84.8883,-71.7921,-94.1645,
18033.3,84.8883,-71.7921,-94.1645,
18043.5,84.8793,-71.8179,-94.1515,
18053.6,84.8633,-71.8243,-94.1365,
18064,84.8633,-71.8243,-94.1365,
18074.1,84.8484,-71.8122,-94.126,
18084.3,84.8411,-71.7976,-94.1246,
18094.4,84.8314,-71.7775,-94.1203,
18104.6,84.8314,-71.7775,-94.1203,
18114.8,84.8227,-71.7647,-94.1164,
18125,84.7992,-71.7667,-94.0922,
18135.2,84.7992,-71.7667,-94.0922,
18145.3,84.786,-71.8019,-94.0702,
18155.5,84.783,-71.8348,-94.0625,
18165.7,84.783,-71.8348,-94.0625,
18175.9,84.7858,-71.8392,-94.0685,
18186,84.7832,-71.8274,-94.0693,
18196.2,84.7832,-71.8274,-94.0693,
18206.3,84.7805,-71.8484,-94.0586,
18216.6,84.7558,-71.9065,-94.0195,
18226.7,84.7558,-71.9065,-94.0195,
18236.9,84.7265,-71.9817,-93.9728,
18247,84.6955,-72.0424,-93.9291,
18257.2,84.6955,-72.0424,-93.9291,
18267.4,84.6837,-72.0741,-93.9154,
18277.6,84.7012,-72.0649,-93.9363,
18287.8,84.7012,-72.0649,-93.9363,
18297.9,84.7169,-72.0114,-93.965,
18308.3,84.6959,-71.9761,-93.951,
18318.6,84.6959,-71.9761,-93.951,
18328.7,84.6683,-72.0138,-93.9128,
18338.9,84.6582,-72.0738,-93.8901,
18349.1,84.6582,-72.0738,-93.8901,
18359.2,84.67,-72.099,-93.8967,
18369.5,84.6731,-72.0729,-93.9088,
18379.6,84.6908,-72.0491,-93.9317,
18389.8,84.6908,-72.0491,-93.9317,
18399.9,84.698,-72.0502,-93.9324,
18410.1,84.698,-72.0502,-93.9324,
18420.4,84.7076,-72.0965,-93.9272,
18430.6,84.7147,-72.1383,-93.9236,
18440.9,84.7243,-72.1616,-93.9235,
18451.1,84.7243,-72.1616,-93.9235,
18461.5,84.7391,-72.1825,-93.9334,
18471.8,84.7538,-72.197,-93.948,
18481.9,84.7538,-72.197,-93.948,
18492.1,84.7601,-72.1963,-93.9521,
18502.5,84.7608,-72.1897,-93.9534,
18512.8,84.7608,-72.1897,-93.9534,
18523.2,84.7745,-72.2136,-93.9619,
18533.5,84.7668,-72.242,-93.9447,
18543.8,84.7668,-72.242,-93.9447,
18554.1,84.7373,-72.2539,-93.9141,
18564.4,84.7177,-72.2379,-93.901,
18574.7,84.6946,-72.2108,-93.8801,
18584.8,84.6946,-72.2108,-93.8801,
18595,84.6468,-72.2133,-93.8243,
18605.2,84.6198,-72.2327,-93.786,
18615.5,84.6198,-72.2327,-93.786,
18625.7,84.62,-72.2474,-93.7852,
18635.9,84.6155,-72.2521,-93.7841,
18646.1,84.6155,-72.2521,-93.7841,
18656.2,84.5862,-72.2683,-93.7519,
18666.4,84.5531,-72.2862,-93.7101,
18676.6,84.5531,-72.2862,-93.7101,
18686.8,84.5233,-72.2819,-93.6747,
18697,84.4978,-72.2567,-93.6547,
18707.1,84.4978,-72.2567,-93.6547,
18717.3,84.4794,-72.2389,-93.6443,
18727.5,84.4567,-72.2824,-93.609,
18737.7,84.4567,-72.2824,-93.609,
18747.8,84.4307,-72.3637,-93.5604,
18758,84.421,-72.4146,-93.5395,
18768.2,84.421,-72.4146,-93.5395,
18778.4,84.4274,-72.3921,-93.5523,
18788.6,84.4263,-72.3549,-93.562,
18798.8,84.4263,-72.3549,-93.562,
18809,84.4172,-72.3628,-93.55,
18819.1,84.3996,-72.4104,-93.5216,
18829.4,84.3996,-72.4104,-93.5216,
18839.5,84.394,-72.4487,-93.5069,
18849.7,84.3939,-72.4749,-93.4995,
18859.8,84.4145,-72.5036,-93.5105,
18870,84.4145,-72.5036,-93.5105,
18880.2,84.4297,-72.5057,-93.5273,
18890.4,84.4297,-72.5057,-93.5273,
18900.6,84.4377,-72.472,-93.5482,
18910.8,84.4422,-72.4383,-93.558,
18921.1,84.4217,-72.4359,-93.5315,
18931.4,84.4217,-72.4359,-93.5315,
18941.5,84.3733,-72.4887,-93.4644,
18951.7,84.3365,-72.5496,-93.409,
18961.9,84.3365,-72.5496,-93.409,
18972,84.3123,-72.5622,-93.3813,
18982.2,84.2954,-72.534,-93.3705,
18992.4,84.2954,-72.534,-93.3705,
19002.5,84.2825,-72.5001,-93.3622,
19012.7,84.2581,-72.4918,-93.3345,
19022.9,84.2581,-72.4918,-93.3345,
19033.1,84.2367,-72.4945,-93.3053,
19043.3,84.2157,-72.4832,-93.2813,
19053.4,84.2157,-72.4832,-93.2813,
19063.6,84.2041,-72.4739,-93.2671,
19073.8,84.2034,-72.4685,-93.261,
19084,84.2034,-72.4685,-93.261,
19094.1,84.1898,-72.4568,-93.2419,
19104.3,84.1919,-72.4627,-93.2308,
19114.4,84.1919,-72.4627,-93.2308,
19124.6,84.1922,-72.4977,-93.211,
19134.8,84.1723,-72.567,-93.1644,
19145,84.1723,-72.567,-93.1644,
19155.1,84.1482,-72.6678,-93.1058,
19165.3,84.1256,-72.7772,-93.0375,
19175.4,84.0924,-72.9224,-92.944,
19185.7,84.0924,-72.9224,-92.944,
19195.8,84.0762,-73.0964,-92.8632,
19206,84.0769,-73.2458,-92.8115,
19216.2,84.0769,-73.2458,-92.8115,
19226.5,84.085,-73.3329,-92.7851,
19236.8,84.0962,-73.3951,-92.7601,
19246.9,84.0962,-73.3951,-92.7601,
19257.1,84.0853,-73.4562,-92.7072,
19267.2,84.0611,-73.5566,-92.6364,
19277.5,84.0611,-73.5566,-92.6364,
19287.7,84.0285,-73.6582,-92.5607,
19297.8,84.0099,-73.7218,-92.5074,
19308,84.0099,-73.7218,-92.5074,
19318.1,84.0127,-73.7181,-92.4892,
19328.3,84.0228,-73.6413,-92.4839,
19338.5,84.0228,-73.6413,-92.4839,
19348.7,84.0367,-73.5421,-92.4882,
19358.8,84.0621,-73.4703,-92.4998,
19369,84.0621,-73.4703,-92.4998,
19379.2,84.0865,-73.4118,-92.5011,
19389.3,84.0994,-73.3627,-92.4843,
19399.5,84.0994,-73.3627,-92.4843,
19409.6,84.118,-73.3255,-92.4608,
19419.8,84.1523,-73.2857,-92.4433,
19430,84.1523,-73.2857,-92.4433,
19440.2,84.1761,-73.2597,-92.4091,
19450.3,84.1676,-73.2932,-92.3322,
19460.5,84.1377,-73.4173,-92.2185,
19470.6,84.1377,-73.4173,-92.2185,
19480.8,84.1157,-73.5904,-92.1024,
19491,84.1076,-73.7355,-92.0015,
19501.2,84.1076,-73.7355,-92.0015,
19511.3,84.0983,-73.8182,-91.9105,
19521.6,84.0899,-73.8347,-91.8327,
19531.9,84.0899,-73.8347,-91.8327,
19542.1,84.1138,-73.8097,-91.7966,
19552.2,84.1634,-73.7549,-91.7851,
19562.4,84.1634,-73.7549,-91.7851,
19572.5,84.1969,-73.6946,-91.7511,
19582.7,84.2059,-73.6727,-91.6818,
19592.9,84.2059,-73.6727,-91.6818,
19603.1,84.1878,-73.717,-91.5699,
19613.2,84.1609,-73.8245,-91.4332,
19623.4,84.1609,-73.8245,-91.4332,
19633.6,84.1451,-73.9718,-91.3022,
19643.8,84.1599,-74.1037,-91.1984,
19653.9,84.1599,-74.1037,-91.1984,
19664.1,84.1669,-74.1734,-91.0905,
19674.2,84.1288,-74.1794,-90.9478,
19684.4,84.1288,-74.1794,-90.9478,
19694.6,84.0713,-74.2166,-90.7816,
19704.8,83.9933,-74.4142,-90.5757,
19714.9,83.9933,-74.4142,-90.5757,
19725.1,83.9325,-74.7438,-90.375,
19735.3,83.8882,-74.9926,-90.2043,
19745.4,83.8545,-75.0159,-90.0714,
19755.6,83.8545,-75.0159,-90.0714,
19765.7,83.8536,-74.873,-89.9838,
19775.9,83.8442,-74.8005,-89.8766,
19786.1,83.8442,-74.8005,-89.8766,
19796.3,83.7791,-74.8976,-89.6925,
19806.4,83.7009,-75.0713,-89.4807,
19816.6,83.7009,-75.0713,-89.4807,
19826.8,83.6373,-75.2169,-89.2832,
19837.1,83.6062,-75.282,-89.1286,
19847.3,83.6062,-75.282,-89.1286,
19857.5,83.5998,-75.214,-89.005,
19867.6,83.6109,-75.0408,-88.8996,
19877.8,83.6109,-75.0408,-88.8996,
19888,83.5962,-74.8534,-88.7652,
19898.1,83.5641,-74.721,-88.6103,
19908.3,83.5641,-74.721,-88.6103,
19918.4,83.5265,-74.6208,-88.4493,
19928.6,83.4802,-74.4622,-88.2775,
19938.8,83.4802,-74.4622,-88.2775,
19949,83.4212,-74.229,-88.0826,
19959.2,83.3549,-74.0028,-87.8736,
19969.3,83.3549,-74.0028,-87.8736,
19979.5,83.2798,-73.767,-87.6415,
19989.7,83.2252,-73.5417,-87.4089,
19999.8,83.2252,-73.5417,-87.4089,
20010,83.1185,-73.3255,-87.1272,
20020.3,82.9913,-73.2029,-86.8404,
20030.7,82.9913,-73.2029,-86.8404,
20049.1,82.886,-73.3442,-86.6064,
20059.6,82.8178,-73.7092,-86.4287,
20069.9,82.7226,-74.057,-86.2231,
20080.1,82.6086,-74.2242,-85.9904,
20090.3,82.6086,-74.2242,-85.9904,
20100.5,82.5475,-74.1546,-85.7745,
20110.6,82.5475,-74.1546,-85.7745,
20120.8,82.5475,-74.1546,-85.7745,
20131.1,82.4919,-74.2256,-85.4184,
20141.3,82.4415,-74.4281,-85.2459,
20151.5,82.3673,-74.4703,-85.0343,
20161.7,82.3673,-74.4703,-85.0343,
20171.8,82.3489,-74.2374,-84.8186,
20182,82.3862,-73.8692,-84.6215,
20192.2,82.3862,-73.8692,-84.6215,
20202.3,82.4563,-73.5666,-84.461,
20212.5,82.5467,-73.3761,-84.3255,
20222.6,82.5467,-73.3761,-84.3255,
20232.8,82.5881,-73.1569,-84.1161,
20243,82.56,-72.7943,-83.7798,
20253.2,82.56,-72.7943,-83.7798,
20263.3,82.5454,-72.4898,-83.4558,
20273.5,82.565,-72.4327,-83.2362,
20283.6,82.565,-72.4327,-83.2362,
20293.8,82.5568,-72.5222,-83.0365,
20304,82.4957,-72.5793,-82.7686,
20314.1,82.4957,-72.5793,-82.7686,
20324.3,82.446,-72.5534,-82.4601,
20334.5,82.4508,-72.5728,-82.2088,
20344.7,82.4508,-72.5728,-82.2088,
20354.8,82.4603,-72.7402,-82.0248,
20365,82.4295,-73.0331,-81.8667,
20375.1,82.4295,-73.0331,-81.8667,
20385.3,82.3597,-73.3419,-81.6956,
20395.5,82.2809,-73.6019,-81.4975,
20405.6,82.2809,-73.6019,-81.4975,
20415.9,82.2317,-73.8728,-81.3272,
20426.2,82.1658,-74.1702,-81.1731,
20436.5,82.1658,-74.1702,-81.1731,
20446.8,82.0822,-74.4236,-80.9934,
20457,81.9829,-74.6353,-80.7773,
20467.1,81.8674,-74.9066,-80.5909,
20477.3,81.8674,-74.9066,-80.5909,
20487.5,81.7462,-75.179,-80.4277,
20497.7,81.6602,-75.3622,-80.2518,
20507.9,81.6602,-75.3622,-80.2518,
20518,81.6602,-75.3622,-80.2518,
20528.2,81.5302,-75.5321,-79.8132,
20538.4,81.5302,-75.5321,-79.8132,
20548.6,81.4442,-75.5318,-79.5277,
20558.7,81.3819,-75.3868,-79.159,
20568.9,81.3819,-75.3868,-79.159,
20579.1,81.3278,-75.1593,-78.714,
20589.3,81.2706,-75.0345,-78.3347,
20599.5,81.2706,-75.0345,-78.3347,
20609.6,81.2304,-75.0545,-78.0845,
20619.8,81.1728,-75.088,-77.8365,
20629.9,81.1728,-75.088,-77.8365,
20640.1,81.0849,-75.0263,-77.4769,
20650.3,80.9805,-74.9388,-77.0676,
20660.5,80.9805,-74.9388,-77.0676,
20670.6,80.8727,-75.0285,-76.8238,
20680.8,80.7984,-75.2834,-76.7779,
20690.9,80.7984,-75.2834,-76.7779,
20701.1,80.7456,-75.4459,-76.6784,
20711.3,80.7024,-75.4262,-76.3978,
20721.4,80.7024,-75.4262,-76.3978,
20731.7,80.6813,-75.4353,-76.1341,
20742.1,80.6386,-75.6598,-76.0868,
20752.4,80.5565,-75.9738,-76.1472,
20762.6,80.5565,-75.9738,-76.1472,
20772.7,80.4773,-76.1813,-76.1221,
20782.9,80.4113,-76.2427,-75.9359,
20793.1,80.4113,-76.2427,-75.9359,
20803.3,80.3484,-76.3472,-75.787,
20813.5,80.2391,-76.5901,-75.8091,
20823.6,80.2391,-76.5901,-75.8091,
20833.8,80.1385,-76.8478,-75.8982,
20844,80.0881,-76.9498,-75.8098,
20854.2,80.0881,-76.9498,-75.8098,
20864.4,80.0666,-76.8653,-75.4474,
20874.6,80.0146,-76.7761,-75.0507,
20884.7,80.0146,-76.7761,-75.0507,
20894.9,79.937,-76.8132,-74.8489,
20905.1,79.8454,-76.8901,-74.7472,
20915.3,79.8454,-76.8901,-74.7472,
20925.5,79.7154,-76.8014,-74.3983,
20935.7,79.55,-76.5163,-73.6996,
20945.9,79.55,-76.5163,-73.6996,
20956.1,79.3687,-76.288,-73.0502,
20966.3,79.1556,-76.2116,-72.659,
20976.5,79.1556,-76.2116,-72.659,
20986.7,78.9339,-76.1674,-72.3552,
20996.9,78.7537,-76.0516,-71.9174,
21007.1,78.7537,-76.0516,-71.9174,
21017.3,78.7537,-76.0516,-71.9174,
21027.5,78.4859,-75.6528,-70.5935,
21037.7,78.4859,-75.6528,-70.172,
21048,78.376,-75.5907,-70.172,
21058.3,78.3171,-75.6173,-69.9229,
21068.5,78.2696,-75.5876,-69.5451,
21078.7,78.2696,-75.5876,-69.5451,
21088.8,78.2448,-75.4927,-68.9602,
21099,78.2035,-75.3998,-68.3557,
21109.3,78.2035,-75.3998,-68.3557,
21119.4,78.1416,-75.411,-68.0303,
21129.6,78.0636,-75.5028,-67.9478,
21139.8,78.0636,-75.5028,-67.9478,
21149.9,77.9484,-75.5481,-67.7971,
21160.2,77.8309,-75.5487,-67.5185,
21170.3,77.8309,-75.5487,-67.5185,
21180.5,77.6913,-75.4785,-67.0307,
21190.7,77.5584,-75.4307,-66.6048,
21200.9,77.5584,-75.4307,-66.6048,
21211.1,77.4695,-75.502,-66.539,
21221.3,77.4306,-75.6099,-66.5643,
21231.4,77.4306,-75.6099,-66.5643,
21241.6,77.4003,-75.6288,-66.2886,
21251.8,77.3754,-75.5706,-65.7058,
21262.1,77.3292,-75.5379,-65.1987,
21272.2,77.3292,-75.5379,-65.1987,
21282.4,77.2692,-75.6535,-65.2747,
21292.6,77.2211,-75.8371,-65.6586,
21302.7,77.2211,-75.8371,-65.6586,
21313,77.1563,-75.9319,-65.7883,
21323.2,77.1084,-75.9647,-65.6459,
21333.3,77.1084,-75.9647,-65.6459,
21343.5,77.0779,-76.0245,-65.5904,
21353.9,77.0134,-76.1197,-65.8254,
21364.1,77.0134,-76.1197,-65.8254,
21374.3,76.9242,-76.1996,-66.1236,
21384.5,76.9262,-76.3128,-66.3675,
21394.6,76.9262,-76.3128,-66.3675,
21404.8,76.9517,-76.4077,-66.4723,
21415.1,76.919,-76.453,-66.546,
21425.3,76.919,-76.453,-66.546,
21435.5,76.8845,-76.4744,-66.5038,
21445.6,76.8584,-76.451,-66.1329,
21455.8,76.8584,-76.451,-66.1329,
21466.1,76.8522,-76.4299,-65.6409,
21476.2,76.8159,-76.4216,-65.3757,
21486.4,76.8159,-76.4216,-65.3757,
21496.6,76.7631,-76.433,-65.4282,
21506.8,76.7099,-76.3971,-65.171,
21517.1,76.7099,-76.3971,-65.171,
21527.2,76.6796,-76.3572,-64.7074,
21537.4,76.608,-76.3425,-64.6442,
21547.6,76.4747,-76.3445,-65.2666,
21557.7,76.4747,-76.3445,-65.2666,
21568,76.3772,-76.371,-66.105,
21578.1,76.3503,-76.3842,-66.3467,
21588.3,76.3503,-76.3842,-66.3467,
21598.4,76.3604,-76.362,-65.8867,
21608.6,76.3718,-76.3399,-65.4252,
21618.9,76.3718,-76.3399,-65.4252,
21629.1,76.3941,-76.3726,-65.446,
21639.3,76.4121,-76.4354,-65.8144,
21649.4,76.4121,-76.4354,-65.8144,
21659.8,76.4148,-76.4789,-66.1114,
21670.1,76.4115,-76.4969,-66.1817,
21680.2,76.4115,-76.4969,-66.1817,
21690.4,76.4475,-76.5778,-66.5853,
21700.6,76.4708,-76.6999,-67.6383,
21710.8,76.4708,-76.6999,-67.6383,
21721.1,76.4209,-76.7473,-68.7591,
21731.2,76.4177,-76.7943,-69.4497,
21741.4,76.4177,-76.7943,-69.4497,
21751.5,76.5102,-76.8914,-69.6155,
21761.7,76.625,-77.0037,-69.7115,
21772,76.625,-77.0037,-69.7115,
21782.1,76.6942,-77.0765,-69.8098,
21792.3,76.7237,-77.1061,-69.8117,
21802.4,76.7854,-77.1648,-69.8129,
21812.6,76.7854,-77.1648,-69.8129,
21822.9,76.8307,-77.2056,-69.7452,
21833.1,76.8486,-77.2391,-69.9986,
21843.2,76.8486,-77.2391,-69.9986,
21853.4,76.8736,-77.2965,-70.6018,
21863.6,76.9128,-77.359,-71.0898,
21873.8,76.9128,-77.359,-71.0898,
21884,76.9523,-77.4089,-71.3655,
21894.2,76.9933,-77.452,-71.4861,
21904.3,76.9933,-77.452,-71.4861,
21914.5,77.0089,-77.4644,-71.4757,
21924.8,77.0206,-77.476,-71.5275,
21935,77.0206,-77.476,-71.5275,
21945.2,77.0251,-77.4795,-71.5617,
21955.4,77.0295,-77.4801,-71.5111,
21965.8,77.0295,-77.4801,-71.5111,
21976,77.0017,-77.45,-71.4127,
21986.2,76.9603,-77.42,-71.5715,
21996.4,76.9603,-77.42,-71.5715,
22006.5,76.9702,-77.45,-72.0105,
22016.9,77.0124,-77.5036,-72.3354,
22027.4,77.0579,-77.5457,-72.381,
22037.6,77.0579,-77.5457,-72.381,
22047.8,77.1103,-77.5781,-72.1184,
22058,77.1568,-77.6005,-71.759,
22068.1,77.1568,-77.6005,-71.759,
22078.4,77.1439,-77.5859,-71.704,
22088.6,77.1138,-77.5864,-72.2372,
22098.7,77.1138,-77.5864,-72.2372,
22108.9,77.093,-77.5959,-72.8385,
22119.1,77.0987,-77.6089,-73.0599,
22129.4,77.0987,-77.6089,-73.0599,
22139.6,77.0987,-77.6089,-73.0599,
22149.8,77.2133,-77.6868,-72.6441,
22160,77.2133,-77.6868,-72.6441,
22170.1,77.2084,-77.6693,-72.4015,
22180.4,77.1623,-77.6304,-72.4571,
22190.6,77.1623,-77.6304,-72.4571,
22200.8,77.1314,-77.6128,-72.6948,
22211,77.121,-77.5997,-72.6823,
22221.2,77.121,-77.5997,-72.6823,
22231.4,77.1279,-77.5965,-72.536,
22241.6,77.1026,-77.5722,-72.5055,
22251.8,77.1026,-77.5722,-72.5055,
22262,77.0721,-77.5603,-72.8047,
22272.3,77.0879,-77.5938,-73.1962,
22282.6,77.0879,-77.5938,-73.1962,
22292.8,77.1396,-77.644,-73.2632,
22302.9,77.1685,-77.6567,-72.9931,
22313.1,77.1685,-77.6567,-72.9931,
22323.3,77.1622,-77.6447,-72.8757,
22333.5,77.1688,-77.6756,-73.3686,
22343.7,77.1917,-77.725,-73.9753,
22353.9,77.1917,-77.725,-73.9753,
22364,77.2399,-77.7758,-74.1495,
22374.2,77.3143,-77.8345,-73.9692,
22384.4,77.3143,-77.8345,-73.9692,
22394.6,77.3619,-77.8681,-73.753,
22404.8,77.3583,-77.8622,-73.6748,
22414.9,77.3583,-77.8622,-73.6748,
22425.1,77.3591,-77.867,-73.7528,
22435.4,77.3792,-77.8897,-73.8481,
22445.5,77.3792,-77.8897,-73.8481,
22455.7,77.4269,-77.945,-74.0298,
22465.9,77.3926,-77.9268,-74.2365,
22476.1,77.3926,-77.9268,-74.2365,
22486.3,77.3457,-77.8989,-74.5353,
22496.4,77.3743,-77.9289,-74.6143,
22506.6,77.3743,-77.9289,-74.6143,
22516.8,77.4594,-77.9929,-74.3138,
22527.5,77.5435,-78.059,-74.0963,
22537.9,77.5435,-78.059,-74.0963,
22548.2,77.5637,-78.085,-74.2152,
22558.6,77.5232,-78.0548,-74.3243,
22569.1,77.5195,-78.0507,-74.2836,
22579.4,77.5195,-78.0507,-74.2836,
22589.7,77.5457,-78.0665,-74.1086,
22599.9,77.5802,-78.1016,-74.181,
22610,77.5802,-78.1016,-74.181,
22620.4,77.5993,-78.1387,-74.5672,
22630.8,77.5791,-78.1356,-74.8969,
22641.3,77.5791,-78.1356,-74.8969,
22651.8,77.6134,-78.1812,-75.2096,
22662.1,77.7001,-78.2741,-75.5003,
22672.4,77.7001,-78.2741,-75.5003,
22682.7,77.77,-78.3493,-75.7428,
22692.9,77.7931,-78.3753,-75.8683,
22703.1,77.7931,-78.3753,-75.8683,
22713.3,77.825,-78.4016,-75.8139,
22723.5,77.8705,-78.4266,-75.4406,
22733.8,77.8705,-78.4266,-75.4406,
22744,77.9044,-78.4338,-74.9478,
22754.2,77.9044,-78.4338,-74.9478,
22764.4,77.9453,-78.4798,-75.1305,
22774.5,77.9453,-78.4798,-75.1305,
22784.8,77.9398,-78.48,-75.2367,
22795,77.9358,-78.4621,-74.9651,
22805.1,77.9358,-78.4621,-74.9651,
22815.3,77.959,-78.4575,-74.4986,
22825.5,77.9864,-78.4581,-74.0939,
22835.7,77.9864,-78.4581,-74.0939,
22845.9,77.9972,-78.4579,-73.9547,
22856.1,77.9967,-78.4559,-73.9662,
22866.3,77.9967,-78.4559,-73.9662,
22876.6,77.9893,-78.4398,-73.8535,
22887,78.0012,-78.4384,-73.6897,
22897.2,78.0012,-78.4384,-73.6897,
22907.3,78.0213,-78.4536,-73.6434,
22917.5,77.9975,-78.4418,-73.7613,
22927.7,77.9975,-78.4418,-73.7613,
22938,77.9558,-78.4169,-73.9273,
22948.2,77.9504,-78.4212,-74.0457,
22958.3,77.9504,-78.4212,-74.0457,
22968.5,77.9918,-78.4586,-74.0069,
22978.7,78.0456,-78.5006,-73.8491,
22989,78.0802,-78.526,-73.7019,
22999.2,78.0802,-78.526,-73.7019,
23009.4,78.1146,-78.5585,-73.6554,
23019.5,78.1579,-78.6032,-73.6436,
23029.7,78.1579,-78.6032,-73.6436,
23040,78.1579,-78.6032,-73.6436,
23050.2,78.1767,-78.6415,-73.6976,
23060.4,78.1767,-78.6415,-73.6976,
23070.5,78.1384,-78.6137,-73.644,
23080.7,78.1224,-78.612,-73.6942,
23091,78.1224,-78.612,-73.6942,
23101.1,78.1234,-78.6323,-73.8556,
23111.3,78.1259,-78.6565,-74.0548,
23121.5,78.1259,-78.6565,-74.0548,
23131.7,78.0938,-78.6443,-74.1779,
23141.9,78.0714,-78.6378,-74.2552,
23152.1,78.0714,-78.6378,-74.2552,
23162.3,78.0874,-78.6646,-74.267,
23172.5,78.1233,-78.7053,-74.1141,
23182.9,78.1233,-78.7053,-74.1141,
23193.2,78.1424,-78.7288,-73.8755,
23203.3,78.1296,-78.724,-73.6705,
23213.5,78.1296,-78.724,-73.6705,
23223.7,78.0847,-78.6888,-73.4641,
23233.9,78.0173,-78.6365,-73.4503,
23244.1,77.9218,-78.5618,-73.7242,
23254.3,77.9218,-78.5618,-73.7242,
23264.5,77.79,-78.4522,-74.2264,
23274.6,77.6396,-78.3219,-74.9521,
23284.8,77.6396,-78.3219,-74.9521,
23295.1,77.4856,-78.185,-76.0637,
23305.3,77.3269,-78.0406,-78.096,
23315.4,77.3269,-78.0406,-78.096,
23325.6,77.1617,-77.8818,-81.7146,
23335.8,76.9824,-77.6936,-87.1351,
23346.1,76.9824,-77.6936,-87.1351,
23356.2,76.9824,-77.6936,-87.1351,
23366.4,76.6176,-77.2764,-102.449,
23376.6,76.6176,-77.2764,-102.449,
23386.7,76.4458,-77.0766,-113.865,
23397,76.2562,-76.8516,-132.786,
23407.2,76.2562,-76.8516,-132.786,
23417.5,76.2562,-76.8516,-132.786,
23427.9,75.7449,-76.2408,174.149,
23438.1,75.7449,-76.2408,174.149,
23448.3,75.4926,-75.9411,157.575,
23458.5,75.2591,-75.6713,146.955,
23468.7,75.2591,-75.6713,146.955,
23479.7,75.0622,-75.4375,139.474,
23490.1,74.8821,-75.221,133.798,
23500.4,74.7403,-75.0387,129.884,
23510.5,74.7403,-75.0387,129.884,
23520.7,74.6516,-74.9174,126.887,
23530.9,74.6012,-74.8514,124.221,
23541.1,74.6012,-74.8514,124.221,
23551.3,74.5434,-74.7819,122.034,
23561.5,74.4119,-74.6207,120.68,
23571.6,74.4119,-74.6207,120.68,
23581.8,74.226,-74.3806,120.001,
23592,74.0451,-74.1406,119.479,
23602.2,74.0451,-74.1406,119.479,
23612.4,73.8637,-73.9094,118.943,
23622.5,73.6627,-73.6541,118.612,
23632.8,73.6627,-73.6541,118.612,
23642.9,73.4432,-73.3536,118.664,
23653.2,73.2048,-72.9978,119.067,
23663.4,73.2048,-72.9978,119.067,
23673.5,72.9754,-72.6401,119.467,
23683.7,72.9754,-72.6401,119.467,
23693.9,72.9754,-72.6401,119.467,
23704.1,72.5525,-72.0064,119.644,
23714.3,72.3324,-71.6619,119.785,
23724.5,72.3324,-71.6619,119.785,
23734.7,72.0936,-71.2308,120.266,
23744.9,71.8358,-70.7559,120.843,
23755.1,71.6232,-70.392,121,
23765.3,71.6232,-70.392,121,
23781,71.4782,-70.1825,120.7,
23791.4,71.2929,-69.9179,120.555,
23801.7,70.9842,-69.4493,120.897,
23811.9,70.9842,-69.4493,120.897,
23822,70.6312,-68.8755,121.471,
23832.2,70.3132,-68.3427,121.923,
23842.4,70.3132,-68.3427,121.923,
23852.6,70.0474,-67.8834,122.226,
23862.8,69.7964,-67.4383,122.49,
23873,69.7964,-67.4383,122.49,
23883.1,69.5424,-66.9815,122.786,
23893.3,69.2827,-66.4942,123.174,
23903.5,69.2827,-66.4942,123.174,
23913.9,69.0086,-65.9782,123.596,
23924.1,68.7621,-65.5008,123.918,
23934.2,68.7621,-65.5008,123.918,
23944.4,68.5322,-65.0807,124.095,
23954.6,68.3012,-64.7085,124.163,
23964.8,68.0798,-64.3527,124.226,
23975,68.0798,-64.3527,124.226,
23985.1,67.883,-63.9603,124.399,
23995.3,67.6849,-63.4832,124.713,
24005.5,67.6849,-63.4832,124.713,
24015.7,67.5002,-62.9698,125.034,
24025.9,67.3429,-62.4785,125.277,
24036.1,67.3429,-62.4785,125.277,
24046.2,67.2218,-62.0293,125.453,
24056.5,67.1446,-61.6211,125.57,
24066.6,67.1446,-61.6211,125.57,
24076.8,67.1005,-61.2589,125.613,
24087.1,67.0616,-60.9511,125.575,
24097.5,67.0616,-60.9511,125.575,
24107.8,67.016,-60.7015,125.472,
24118,66.9506,-60.5022,125.326,
24128.2,66.9506,-60.5022,125.326,
24138.3,66.8695,-60.2883,125.225,
24148.6,66.7689,-60.0059,125.205,
24159,66.7689,-60.0059,125.205,
24169.2,66.6002,-59.6241,125.285,
24179.3,66.4,-59.2152,125.407,
24189.5,66.4,-59.2152,125.407,
24199.7,66.1963,-58.7568,125.611,
24209.9,65.9638,-58.2056,125.927,
24220.1,65.9638,-58.2056,125.927,
24230.3,65.7493,-57.6255,126.276,
24240.4,65.6074,-57.1024,126.561,
24250.6,65.4972,-56.5936,126.828,
24260.9,65.4972,-56.5936,126.828,
24271,65.4262,-56.1145,127.066,
24281.2,65.3831,-55.6743,127.286,
24291.3,65.3831,-55.6743,127.286,
24301.5,65.3029,-55.2536,127.526,
24311.7,65.186,-54.8803,127.721,
24321.9,65.186,-54.8803,127.721,
24332.1,65.0471,-54.5706,127.869,
24342.2,64.9169,-54.3303,127.992,
24352.4,64.9169,-54.3303,127.992,
24362.7,64.7739,-54.1087,128.125,
24372.9,64.6179,-53.885,128.264,
24385.2,64.6179,-53.885,128.264,
24395.4,64.4626,-53.6613,128.395,
24405.8,64.3587,-53.4884,128.463,
24416.1,64.3587,-53.4884,128.463,
24426.2,64.3462,-53.3845,128.429,
24436.4,64.3639,-53.3712,128.306,
24446.6,64.3688,-53.377,128.223,
24456.8,64.3688,-53.377,128.223,
24467,64.4131,-53.3447,128.193,
24477.2,64.4481,-53.2616,128.191,
24487.3,64.4481,-53.2616,128.191,
24497.5,64.4056,-53.1415,128.23,
24507.7,64.3382,-53.0549,128.243,
24517.9,64.3382,-53.0549,128.243,
24528.1,64.3155,-53.0225,128.217,
24538.3,64.3335,-52.9834,128.199,
24548.4,64.3335,-52.9834,128.199,
24558.6,64.3672,-52.8776,128.235,
24568.9,64.4323,-52.7501,128.278,
24579,64.4323,-52.7501,128.278,
24589.2,64.4727,-52.6668,128.295,
24599.4,64.5029,-52.6411,128.262,
24609.5,64.5029,-52.6411,128.262,
24619.8,64.5586,-52.6427,128.198,
24630,64.6382,-52.6428,128.12,
24640.2,64.7012,-52.6111,128.098,
24650.3,64.7012,-52.6111,128.098,
24660.5,64.7831,-52.5473,128.111,
24670.8,64.8219,-52.5036,128.11,
24681,64.8219,-52.5036,128.11,
24691.1,64.8173,-52.5415,128.064,
24701.4,64.818,-52.5865,128.019,
24711.8,64.818,-52.5865,128.019,
24722,64.8306,-52.5484,128.037,
24732.2,64.8639,-52.4459,128.128,
24742.4,64.8639,-52.4459,128.128,
24752.6,64.919,-52.3568,128.201,
24762.8,64.995,-52.3292,128.224,
24773,64.995,-52.3292,128.224,
24783.2,65.0814,-52.3177,128.243,
24793.3,65.1362,-52.3083,128.274,
24803.5,65.1362,-52.3083,128.274,
24813.7,65.2016,-52.2936,128.307,
24823.9,65.2858,-52.2516,128.354,
24834.1,65.2858,-52.2516,128.354,
24844.3,65.3653,-52.2101,128.396,
24854.5,65.4403,-52.2458,128.377,
24864.6,65.4403,-52.2458,128.377,
24874.9,65.5206,-52.3452,128.32,
24885.1,65.6073,-52.4266,128.281,
24895.2,65.6073,-52.4266,128.281,
24905.4,65.6481,-52.5034,128.264,
24915.5,65.7004,-52.6115,128.216,
24925.9,65.7004,-52.6115,128.216,
24936.1,65.7591,-52.7363,128.132,
24946.2,65.7782,-52.8708,128.065,
24956.4,65.7782,-52.8708,128.065,
24966.5,65.7927,-52.9834,128.022,
24976.8,65.7825,-53.1046,127.958,
24987,65.7713,-53.2319,127.892,
24997.2,65.7713,-53.2319,127.892,
25007.5,65.7919,-53.3315,127.834,
25017.8,65.8398,-53.39,127.763,
25028.3,65.8398,-53.39,127.763,
25039,65.8449,-53.4291,127.732,
25049.4,65.8232,-53.5073,127.688,
25059.7,65.8232,-53.5073,127.688,
25070,65.8433,-53.6507,127.565,
25080.3,65.8785,-53.8158,127.416,
25090.5,65.8785,-53.8158,127.416,
25100.7,65.8745,-53.9602,127.303,
25111,65.8891,-54.0725,127.22,
25121.2,65.8664,-54.1481,127.177,
25131.4,65.8664,-54.1481,127.177,
25141.6,65.82,-54.189,127.191,
25151.7,65.8048,-54.2204,127.203,
25161.9,65.8048,-54.2204,127.203,
25172,65.8515,-54.2909,127.139,
25182.2,65.9085,-54.3677,127.046,
25192.4,65.9085,-54.3677,127.046,
25202.5,65.9195,-54.4179,127.002,
25212.7,65.9293,-54.4741,126.984,
25222.9,65.9293,-54.4741,126.984,
25233.1,65.9686,-54.5641,126.936,
25243.2,66.0469,-54.6587,126.865,
25253.4,66.0469,-54.6587,126.865,
25263.6,66.0883,-54.6994,126.83,
25273.8,66.0831,-54.716,126.833,
25283.9,66.0831,-54.716,126.833,
25294.1,66.0944,-54.756,126.83,
25304.3,66.1339,-54.7998,126.809,
25314.6,66.1339,-54.7998,126.809,
25324.8,66.1647,-54.803,126.807,
25335,66.1626,-54.771,126.835,
25345.2,66.1626,-54.771,126.835,
25355.3,66.1565,-54.7745,126.839,
25365.5,66.162,-54.8459,126.803,
25375.7,66.162,-54.8459,126.803,
25385.8,66.1672,-54.9444,126.752,
25396,66.1648,-55.018,126.728,
25406.2,66.1648,-55.018,126.728,
25416.4,66.1226,-55.0288,126.763,
25426.6,66.026,-55.0056,126.836,
25436.7,66.026,-55.0056,126.836,
25446.9,65.9356,-54.9928,126.92,
25457,65.8869,-54.9835,126.983,
25467.2,65.8869,-54.9835,126.983,
25477.4,65.8869,-54.9835,126.983,
25487.6,65.7778,-54.9884,127.08,
25497.7,65.7655,-54.9969,127.133,
25507.9,65.7655,-54.9969,127.133,
25518,65.7736,-54.9925,127.196,
25528.2,65.7693,-54.9557,127.283,
25538.4,65.7693,-54.9557,127.283,
25548.6,65.7614,-54.9133,127.35,
25558.7,65.7377,-54.8775,127.395,
25568.9,65.7377,-54.8775,127.395,
25579.1,65.6815,-54.8484,127.447,
25589.3,65.6122,-54.8325,127.497,
25599.4,65.6122,-54.8325,127.497,
25609.6,65.5546,-54.8277,127.544,
25619.9,65.5105,-54.8334,127.574,
25630.1,65.5105,-54.8334,127.574,
25640.3,65.4695,-54.878,127.561,
25650.5,65.459,-54.9711,127.497,
25660.6,65.459,-54.9711,127.497,
25670.8,65.4546,-55.0526,127.441,
25681,65.4455,-55.0971,127.409,
25691.1,65.4455,-55.0971,127.409,
25701.3,65.4455,-55.0971,127.409,
25711.4,65.4639,-55.1754,127.365,
25721.6,65.4639,-55.1754,127.365,
25731.8,65.4838,-55.2403,127.308,
25742,65.4753,-55.2927,127.266,
25752.1,65.4753,-55.2927,127.266,
25762.3,65.4873,-55.3311,127.218,
25772.4,65.4938,-55.3397,127.181,
25782.7,65.4678,-55.3143,127.205,
25792.8,65.4678,-55.3143,127.205,
25803,65.457,-55.2931,127.23,
25813.1,65.4834,-55.3114,127.195,
25823.3,65.4834,-55.3114,127.195,
25833.7,65.4794,-55.303,127.21,
25844.1,65.4285,-55.2462,127.3,
25854.6,65.4285,-55.2462,127.3,
25865,65.3908,-55.2543,127.317,
25876,65.3624,-55.3192,127.291,
25886.4,65.3624,-55.3192,127.291,
25896.6,65.3426,-55.3388,127.306,
25910.5,65.2948,-55.3027,127.356,
25922,65.2948,-55.3027,127.356,
25932.3,65.2948,-55.3027,127.356,
25942.6,65.148,-55.2568,127.492,
25952.8,65.157,-55.3231,127.483,
25963,65.215,-55.4051,127.446,
25973.2,65.215,-55.4051,127.446,
25983.3,65.2534,-55.4703,127.422,
25993.6,65.2575,-55.5377,127.396,
26003.7,65.2575,-55.5377,127.396,
26013.9,65.2504,-55.6128,127.369,
26024,65.234,-55.6692,127.349,
26034.2,65.234,-55.6692,127.349,
26044.4,65.2302,-55.7073,127.332,
26054.6,65.2308,-55.7491,127.309,
26064.8,65.2308,-55.7491,127.309,
26074.9,65.2346,-55.8309,127.265,
26085.1,65.2548,-55.9312,127.211,
26095.3,65.2548,-55.9312,127.211,
26105.5,65.2655,-56.0306,127.165,
26115.6,65.2614,-56.0889,127.168,
26126.2,65.2614,-56.0889,127.168,
26136.4,65.2517,-56.0835,127.228,
26146.6,65.2562,-56.0668,127.284,
26156.8,65.2562,-56.0668,127.284,
26166.9,65.2481,-56.0925,127.308,
26177.2,65.2481,-56.0925,127.308,
26187.4,65.2163,-56.2152,127.356,
26197.6,65.2163,-56.2152,127.356,
26207.7,65.2311,-56.2721,127.404,
26217.9,65.2999,-56.3313,127.428,
26228.2,65.2999,-56.3313,127.428,
26238.4,65.4124,-56.398,127.412,
26248.6,65.4949,-56.4532,127.4,
26258.8,65.4949,-56.4532,127.4,
26269,65.5671,-56.4968,127.399,
26279.1,65.6905,-56.5587,127.366,
26289.4,65.6905,-56.5587,127.366,
26299.5,65.8238,-56.6283,127.312,
26309.7,65.9191,-56.6947,127.266,
26319.8,65.9191,-56.6947,127.266,
26330,65.9631,-56.7538,127.249,
26340.3,66.0253,-56.7727,127.283,
26350.4,66.0253,-56.7727,127.283,
26360.6,66.0862,-56.722,127.362,
26370.7,66.0722,-56.582,127.491,
26380.9,66.0722,-56.582,127.491,
26391.1,66.0294,-56.4099,127.665,
26401.3,66.0465,-56.2333,127.854,
26411.5,66.0465,-56.2333,127.854,
26421.8,66.1086,-56.0945,127.988,
26431.9,66.1771,-56.0367,128.053,
26442.2,66.1771,-56.0367,128.053,
26452.4,66.2227,-56.0367,128.07,
26462.5,66.2365,-56.0757,128.066,
26472.7,66.2223,-56.0741,128.135,
26482.8,66.2223,-56.0741,128.135,
26493.1,66.2212,-56.0086,128.265,
26503.2,66.2553,-55.9244,128.378,
26513.4,66.2553,-55.9244,128.378,
26523.5,66.3075,-55.8907,128.459,
26533.9,66.3745,-55.9311,128.493,
26544.2,66.3745,-55.9311,128.493,
26554.3,66.4312,-56.0405,128.455,
26564.5,66.4775,-56.1738,128.396,
26574.6,66.4775,-56.1738,128.396,
26584.8,66.5164,-56.2612,128.39,
26595,66.5434,-56.2707,128.444,
26605.2,66.5434,-56.2707,128.444,
26615.3,66.5618,-56.227,128.547,
26625.5,66.5973,-56.2083,128.638,
26635.6,66.5973,-56.2083,128.638,
26645.9,66.6559,-56.2579,128.654,
26656.1,66.6796,-56.3384,128.623,
26666.2,66.6796,-56.3384,128.623,
26676.4,66.6486,-56.4231,128.606,
26686.6,66.6014,-56.4908,128.622,
26696.8,66.6014,-56.4908,128.622,
26706.9,66.5567,-56.524,128.679,
26717.1,66.5237,-56.5109,128.787,
26727.2,66.5,-56.4977,128.897,
26737.4,66.5,-56.4977,128.897,
26747.6,66.4718,-56.508,128.958,
26757.8,66.4718,-56.508,128.958,
26768,66.3942,-56.4999,129.018,
26778.1,66.2926,-56.4481,129.149,
26788.3,66.223,-56.3912,129.284,
26798.5,66.223,-56.3912,129.284,
26808.7,66.1945,-56.3668,129.351,
26818.9,66.1515,-56.3569,129.397,
26829.1,66.1515,-56.3569,129.397,
26839.4,66.0802,-56.3606,129.439,
26849.7,66.0192,-56.3813,129.46,
26859.8,66.0192,-56.3813,129.46,
26870,65.9829,-56.3688,129.516,
26880.1,65.9467,-56.3065,129.621,
26890.3,65.9467,-56.3065,129.621,
26900.5,65.8885,-56.2177,129.737,
26910.7,65.8358,-56.1271,129.841,
26920.9,65.8358,-56.1271,129.841,
26931,65.783,-56.0193,129.982,
26941.2,65.7254,-55.8876,130.159,
26951.4,65.7254,-55.8876,130.159,
26961.6,65.6779,-55.7818,130.305,
26971.7,65.6527,-55.7093,130.413,
26981.9,65.6527,-55.7093,130.413,
26992,65.6227,-55.6263,130.536,
27002.2,65.5746,-55.518,130.697,
27012.4,65.5746,-55.518,130.697,
27022.6,65.5377,-55.4233,130.859,
27032.7,65.5113,-55.3506,131.007,
27042.9,65.4753,-55.2844,131.146,
27053.1,65.4753,-55.2844,131.146,
27063.3,65.4253,-55.2226,131.283,
27073.4,65.4075,-55.2042,131.377,
27083.6,65.4075,-55.2042,131.377,
27093.8,65.4398,-55.239,131.388,
27104,65.4739,-55.2795,131.391,
27114.2,65.4739,-55.2795,131.391,
27124.3,65.4774,-55.275,131.455,
27134.6,65.4776,-55.2542,131.536,
27144.9,65.4776,-55.2542,131.536,
27155.1,65.5071,-55.3022,131.515,
27165.3,65.5172,-55.4074,131.428,
27175.5,65.5172,-55.4074,131.428,
27185.6,65.4967,-55.5049,131.359,
27195.8,65.4787,-55.5385,131.363,
27206,65.4787,-55.5385,131.363,
27216.3,65.4631,-55.5101,131.426,
27226.5,65.4216,-55.4608,131.494,
27236.8,65.4216,-55.4608,131.494,
27246.9,65.3495,-55.4228,131.556,
27257.2,65.2867,-55.3867,131.634,
27267.4,65.2867,-55.3867,131.634,
27277.5,65.2498,-55.3186,131.747,
27287.7,65.2017,-55.2142,131.901,
27297.8,65.2017,-55.2142,131.901,
27308.1,65.1494,-55.0995,132.081,
27318.2,65.1144,-55.0154,132.216,
27328.4,65.1144,-55.0154,132.216,
27338.5,65.0844,-54.9649,132.294,
27348.7,65.0696,-54.9459,132.337,
27359,65.0803,-54.9597,132.359,
27369.2,65.0803,-54.9597,132.359,
27379.3,65.0943,-55.0296,132.332,
27389.5,65.0868,-55.1697,132.234,
27399.7,65.0868,-55.1697,132.234,
27409.9,65.0616,-55.3397,132.102,
27420.1,65.0245,-55.4422,132.047,
27430.3,65.0245,-55.4422,132.047,
27440.5,64.964,-55.3987,132.146,
27450.9,64.8827,-55.2324,132.366,
27461.1,64.8827,-55.2324,132.366,
27471.3,64.8427,-55.0551,132.604,
27481.4,64.875,-54.9409,132.777,
27491.6,64.875,-54.9409,132.777,
27501.8,64.9659,-54.9177,132.835,
27512,65.0939,-54.9706,132.803,
27522.2,65.0939,-54.9706,132.803,
27532.3,65.2294,-55.0791,132.705,
27542.5,65.3477,-55.2208,132.569,
27552.7,65.3477,-55.2208,132.569,
27562.9,65.3477,-55.2208,132.569,
27573.1,65.4916,-55.3967,132.404,
27583.2,65.4916,-55.3967,132.404,
27593.4,65.5013,-55.426,132.366,
27603.6,65.4792,-55.4514,132.333,
27613.8,65.4564,-55.4611,132.32,
27624,65.4564,-55.4611,132.32,
27634.1,65.448,-55.434,132.343,
27644.3,65.4425,-55.3605,132.428,
27654.4,65.4425,-55.3605,132.428,
27664.7,65.4369,-55.2878,132.518,
27674.8,65.4215,-55.2421,132.578,
27685,65.4215,-55.2421,132.578,
27695.2,65.3889,-55.2082,132.63,
27705.3,65.3551,-55.1795,132.685,
27715.6,65.3551,-55.1795,132.685,
27725.7,65.3319,-55.1491,132.747,
27735.9,65.3025,-55.0971,132.836,
27746.2,65.3025,-55.0971,132.836,
27756.5,65.2523,-55.0362,132.922,
27766.8,65.1753,-54.9926,132.975,
27777,65.1753,-54.9926,132.975,
27787.1,65.0774,-54.9659,133.022,
27797.3,64.9774,-54.9221,133.106,
27807.5,64.9774,-54.9221,133.106,
27817.7,64.8914,-54.8633,133.213,
27827.8,64.818,-54.8065,133.32,
27838,64.818,-54.8065,133.32,
