0,0
625584,-83.8031
625598,-84.2323
625598,-84.2323
625614,-84.4042
625629,-84.8622
625629,-84.8622
625644,-85.5475
625659,-85.8088
625659,-85.8088
625674,-86.8016
625689,-86.6393
625689,-86.6393
625704,-87.4033
625719,-87.5716
625719,-87.5716
625734,-87.778
625749,-87.586
625764,-87.5494
625764,-87.5494
625779,-85.9793
625794,-86.3145
625794,-86.3145
625809,-85.058
625824,-84.9169
625824,-84.9169
625839,-84.7916
625854,-83.1599
625854,-83.1599
625869,-83.1705
625884,-81.6109
625884,-81.6109
625899,-81.8939
625914,-80.9332
625914,-80.9332
625929,-80.3344
625944,-80.0341
625944,-80.0341
625959,-78.8736
625974,-78.7048
625974,-78.7048
625989,-76.6772
626004,-77.096
626004,-77.096
626019,-76.4454
626034,-76.0685
626034,-76.0685
626049,-75.9398
626064,-73.5061
626079,-73.5877
626079,-73.5877
626094,-71.9426
626109,-72.4775
626109,-72.4775
626124,-71.9469
626139,-70.1255
626139,-70.1255
626154,-70.2023
626169,-68.0234
626169,-68.0234
626184,-67.976
626199,-66.0055
626199,-66.0055
626214,-65.9792
626229,-65.5529
626229,-65.5529
626244,-64.1344
626259,-63.9787
626259,-63.9787
626274,-61.8812
626289,-61.8112
626289,-61.8112
626304,-60.3817
626304,-60.3817
626334,-60.1221
626334,-60.1221
626349,-58.009
626349,-58.009
626364,-57.7678
626379,-56.5979
626394,-56.7101
626394,-56.7101
626409,-55.6832
626425,-55.2483
626425,-55.2483
626439,-55.2582
626454,-53.7769
626454,-53.7769
626469,-53.4008
626485,-51.2724
626485,-51.2724
626499,-51.2718
626514,-50.5503
626514,-50.5503
626529,-49.478
626545,-49.1092
626559,-47.0811
626559,-47.0811
626574,-46.6947
626589,-44.9426
626589,-44.9426
626605,-44.9459
626619,-44.7459
626619,-44.7459
626634,-43.2888
626649,-42.9092
626649,-42.9092
626665,-40.9566
626679,-40.9786
626679,-40.9786
626694,-39.353
626709,-39.0998
626709,-39.0998
626725,-38.785
626739,-37.6605
626739,-37.6605
626754,-37.3683
626769,-35.4613
626769,-35.4613
626785,-35.4147
626799,-34.5896
626814,-34.117
626814,-34.117
626829,-33.9252
626845,-32.5458
626845,-32.5458
626860,-32.276
626875,-30.4789
626875,-30.4789
626890,-30.4099
626905,-30.0341
626905,-30.0341
626920,-28.5612
626935,-28.4497
626935,-28.4497
626950,-26.5923
626965,-26.5869
626965,-26.5869
626980,-25.0165
626995,-24.6218
626995,-24.6218
627010,-24.4792
627025,-23.0636
627040,-22.6434
627040,-22.6434
627055,-20.6562
627070,-20.8771
627070,-20.8771
627085,-19.7833
627100,-19.5453
627100,-19.5453
627115,-19.1935
627130,-18.0859
627130,-18.0859
627145,-17.5103
627160,-16.0093
627160,-16.0093
627175,-16.1441
627190,-15.5283
627190,-15.5283
627205,-14.9076
627220,-14.4596
627220,-14.4596
627235,-13.4124
627250,-13.0357
627265,-11.4049
627265,-11.4049
627280,-11.266
627295,-10.9908
627295,-10.9908
627310,-10.2133
627325,-9.58612
627325,-9.58612
627340,-7.62762
627355,-7.63777
627355,-7.63777
627370,-6.38351
627385,-6.40498
627385,-6.40498
627400,-6.01013
627415,-4.84013
627415,-4.84013
627430,-4.27817
627445,-2.63722
627445,-2.63722
627460,-2.64253
627475,-1.69379
627490,-1.77567
627490,-1.77567
627505,-0.800613
627520,-0.090744
627520,-0.090744
627535,0.314026
627550,1.96703
627550,1.96703
627565,1.37915
627580,2.52951
627580,2.52951
627595,2.63055
627610,3.16924
627610,3.16924
627625,4.66077
627640,4.92209
627655,6.5233
627655,6.5233
627670,6.21619
627686,6.69055
627686,6.69055
627700,7.25523
627715,7.8938
627715,7.8938
627730,9.28122
627746,9.61125
627746,9.61125
627760,11.0963
627775,11.0268
627775,11.0268
627790,11.5482
627806,11.9655
627806,11.9655
627820,12.5492
627835,14.6445
627835,14.6445
627850,14.6656
627866,15.7457
627866,15.7457
627880,15.8219
627895,16.0729
627895,16.0729
627910,17.1975
627926,17.6317
627940,18.9714
627940,18.9714
627955,18.5514
627970,19.4498
627970,19.4498
627986,19.5173
628000,20.303
628000,20.303
628015,21.1068
628030,21.5188
628030,21.5188
628046,23.5054
628060,22.9856
628060,22.9856
628076,23.9702
628090,23.7264
628090,23.7264
628106,24.506
628121,25.9946
628136,26.2814
628136,26.2814
628151,27.9154
628166,27.5739
628166,27.5739
628181,28.3908
628196,29.4315
628196,29.4315
628211,29.728
628226,30.9884
628226,30.9884
628241,31.134
628256,32.7265
628256,32.7265
628271,32.6098
628286,33.1718
628286,33.1718
628301,34.0257
628316,34.2777
628316,34.2777
628331,36.2089
628346,36.1805
628346,36.1805
628361,37.5983
628361,37.5983
628361,37.5983
628391,37.862
628406,39.2562
628421,39.379
628421,39.379
628436,41.4604
628451,41.1213
628451,41.1213
628466,42.5234
628481,42.7856
628481,42.7856
628496,43.1305
628511,44.8235
628511,44.8235
628526,44.9987
628541,46.8404
628541,46.8404
628556,46.5771
628571,47.7605
628571,47.7605
628586,48.1616
628601,48.5882
628616,50.4564
628616,50.4564
628631,50.6148
628631,50.6148
628646,52.1991
628661,51.9279
628676,52.7917
628676,52.7917
628691,53.3408
628706,53.7343
628706,53.7343
628721,55.4093
628736,55.2676
628736,55.2676
628751,56.9875
628766,56.5579
628766,56.5579
628781,57.1332
628796,57.9314
628796,57.9314
628811,58.39
628826,60.181
628826,60.181
628841,59.779
628856,61.2819
628856,61.2819
628871,61.543
628887,61.9171
628901,63.6835
628901,63.6835
628916,63.9044
628931,66.2618
628931,66.2618
628947,65.7931
628961,67.205
628961,67.205
628976,67.4768
628991,67.7713
628991,67.7713
629007,69.5238
629021,69.5413
629021,69.5413
629036,71.5774
629051,71.1156
629051,71.1156
629067,72.231
629081,72.1837
629096,72.5589
629096,72.5589
629111,74.0757
629127,74.2352
629127,74.2352
629141,75.9036
629156,75.2973
629156,75.2973
629171,75.9626
629187,76.6844
629187,76.6844
629201,77.0177
629216,78.1796
629216,78.1796
629231,78.073
629247,79.6452
629247,79.6452
629261,79.3068
629276,79.5594
629276,79.5594
629291,80.4101
629307,80.7107
629307,80.7107
629321,82.6959
629336,82.281
629352,83.3669
629352,83.3669
629367,83.2391
629382,83.3963
629382,83.3963
629397,84.115
629412,83.847
629412,83.847
629427,83.7224
629442,83.541
629442,83.541
629457,83.1172
629472,82.4944
629472,82.4944
629487,82.1566
629502,80.8734
629502,80.8734
629517,80.3985
629532,78.7814
629547,79.471
629547,79.471
629562,78.7005
629562,78.7005
629577,78.5289
629592,78.0616
629607,76.2783
629607,76.2783
629622,76.2997
629637,74.8556
629637,74.8556
629652,75.9648
629667,75.7065
629667,75.7065
629682,74.0652
629697,73.5817
629697,73.5817
629712,71.6677
629727,71.7408
629727,71.7408
629742,70.3909
629757,70.0704
629772,69.5072
629772,69.5072
629787,67.7061
629802,67.1982
629802,67.1982
629817,64.7377
629832,65.4864
629832,65.4864
629847,64.0774
629862,63.6184
629877,63.2082
629877,63.2082
629892,61.0882
629892,61.0882
629892,61.0882
629922,58.9307
629937,59.963
629937,59.963
629952,59.2419
629967,58.5921
629967,58.5921
629982,58.0021
629997,56.616
629997,56.616
630012,56.5192
630027,54.6198
630027,54.6198
630042,55.375
630057,54.8203
630057,54.8203
630072,53.8681
630087,53.1431
630087,53.1431
630087,53.1431
630117,50.902
630132,49.4284
630132,49.4284
630148,49.6664
630162,49.3595
630162,49.3595
630177,47.4705
630192,47.1218
630192,47.1218
630208,44.9473
630222,45.8829
630222,45.8829
630237,44.6278
630252,44.4473
630252,44.4473
630268,43.8556
630282,42.0111
630297,41.7638
630297,41.7638
630312,39.3662
630328,40.6671
630328,40.6671
630342,39.6523
630357,39.3705
630357,39.3705
630372,38.717
630388,36.7845
630388,36.7845
630402,36.5227
630417,34.5285
630417,34.5285
630432,35.2803
630448,34.7886
630448,34.7886
630462,33.1696
630477,32.6742
630477,32.6742
630492,30.4435
630508,30.6689
630522,28.9069
630522,28.9069
630537,29.1053
630552,28.7131
630552,28.7131
630568,26.8753
630582,26.4694
630582,26.4694
630598,23.7322
630612,24.762
630612,24.762
630628,23.342
630643,23.3451
630643,23.3451
630658,22.7611
630673,20.6036
630673,20.6036
630688,20.4037
630703,18.1383
630703,18.1383
630718,19.0571
630733,18.264
630733,18.264
630748,17.2981
630763,16.5948
630778,14.7416
630778,14.7416
630793,14.6884
630808,12.615
630808,12.615
630823,13.3759
630838,12.9357
630838,12.9357
630853,11.6316
630868,11.0193
630868,11.0193
630883,8.14328
630898,9.00139
630898,9.00139
630913,7.28891
630928,7.78148
630928,7.78148
630943,7.2803
630958,5.19702
630973,4.70642
630973,4.70642
630988,2.26466
631003,3.19002
631003,3.19002
631018,2.04463
631033,1.48207
631033,1.48207
631048,0.898056
631063,-0.710342
631063,-0.710342
631078,-1.18677
631093,-3.77251
631093,-3.77251
631108,-2.633
631123,-3.52531
631123,-3.52531
631138,-4.13506
631153,-4.71584
631153,-4.71584
631168,-7.41844
631183,-7.00746
631198,-9.1947
631198,-9.1947
631213,-8.23631
631228,-8.66019
631228,-8.66019
631243,-10.2053
631258,-10.8038
631258,-10.8038
631273,-12.7592
631288,-12.5437
631288,-12.5437
631303,-14.1568
631318,-13.9828
631318,-13.9828
631333,-14.5406
631348,-15.4597
631348,-15.4597
631363,-16.2228
631378,-19.4193
631393,-18.5003
631393,-18.5003
631409,-19.8285
631423,-19.4357
631423,-19.4357
631438,-19.9769
631453,-22.5929
631453,-22.5929
631469,-22.8486
631469,-22.8486
631469,-22.8486
631498,-24.2907
631513,-24.919
631513,-24.919
631529,-26.0204
631543,-26.6545
631543,-26.6545
631558,-28.4472
631573,-28.7534
631573,-28.7534
631589,-30.9248
631603,-30.2169
631603,-30.2169
631618,-31.1106
631633,-31.7195
631649,-32.2961
631649,-32.2961
631663,-34.6866
631678,-34.2611
631678,-34.2611
631693,-35.9141
631709,-35.0535
631709,-35.0535
631723,-35.4951
631738,-37.6579
631738,-37.6579
631753,-38.2554
631769,-39.9741
631769,-39.9741
631783,-39.5031
631798,-40.5027
631798,-40.5027
631813,-41.1277
631829,-41.4846
631829,-41.4846
631843,-43.0404
631859,-43.5897
631859,-43.5897
631874,-46.5173
631889,-45.8165
631904,-46.6841
631904,-46.6841
631919,-47.2582
631934,-47.6596
631934,-47.6596
631949,-50.0002
631964,-50.2784
631964,-50.2784
631979,-52.367
631994,-51.7359
631994,-51.7359
632009,-52.2718
632024,-53.2876
632024,-53.2876
632039,-53.9365
632054,-55.4047
632054,-55.4047
632069,-55.25
632084,-57.0465
632084,-57.0465
632099,-56.308
632114,-56.7922
632129,-57.3557
632129,-57.3557
632144,-58.0518
632159,-60.5207
632159,-60.5207
632174,-60.181
632189,-61.2746
632189,-61.2746
632204,-61.2964
632219,-61.9119
632219,-61.9119
632234,-63.5694
632249,-64.3431
632249,-64.3431
632264,-66.3132
632279,-65.9986
632279,-65.9986
632294,-66.463
632309,-67.4961
632324,-67.9101
632324,-67.9101
632339,-69.6564
632354,-69.9436
632354,-69.9436
632369,-72.0727
632384,-71.6799
632384,-71.6799
632399,-72.1346
632414,-73.3463
632414,-73.3463
632429,-73.8063
632444,-75.6558
632444,-75.6558
632459,-75.3965
632474,-77.2488
632474,-77.2488
632489,-76.9081
632504,-77.229
632504,-77.229
632519,-78.1784
632534,-78.5104
632534,-78.5104
632549,-79.7206
632564,-79.3862
632564,-79.3862
632594,-80.4416
632594,-80.4416
632609,-80.7514
632624,-81.5943
632624,-81.5943
632624,-81.5943
632654,-81.884
632670,-81.8
632670,-81.8
632684,-81.9832
632699,-82.2549
632699,-82.2549
632714,-82.4634
632730,-82.3514
632730,-82.3514
632730,-82.3514
632759,-82.4778
632759,-82.4778
632774,-82.4488
632790,-82.4753
632790,-82.4753
632804,-81.9035
632819,-82.011
632819,-82.011
632834,-81.027
632850,-81.5097
632850,-81.5097
632864,-81.2506
632879,-80.2259
632879,-80.2259
632894,-80.2389
632910,-79.2265
632924,-79.3504
632924,-79.3504
632939,-77.6898
632954,-77.5983
632954,-77.5983
632970,-77.2859
632970,-77.2859
632970,-77.2859
632999,-76.2722
633014,-74.0995
633014,-74.0995
633030,-74.1821
633044,-72.3976
633044,-72.3976
633059,-72.6912
633074,-72.4385
633074,-72.4385
633090,-71.0264
633104,-70.5546
633104,-70.5546
633120,-69.0539
633135,-68.9397
633135,-68.9397
633150,-67.3757
633165,-66.9538
633180,-66.6258
633180,-66.6258
633195,-65.684
633210,-65.3551
633210,-65.3551
633225,-63.3685
633240,-63.5276
633240,-63.5276
633255,-62.3499
633270,-62.786
633270,-62.786
633285,-62.3562
633300,-60.585
633300,-60.585
633315,-60.1366
633330,-58.7411
633330,-58.7411
633345,-58.9132
633360,-58.0262
633360,-58.0262
633375,-57.4338
633390,-57.2285
633390,-57.2285
633405,-56.3021
633420,-56.1094
633420,-56.1094
633435,-53.9462
633450,-54.0911
633450,-54.0911
633465,-53.4645
633480,-53.1098
633495,-52.8808
633495,-52.8808
633510,-50.8421
633525,-50.8613
633525,-50.8613
633540,-49.3472
633555,-49.5554
633555,-49.5554
633570,-49.0257
633585,-47.5149
633585,-47.5149
633600,-47.4902
633615,-45.9707
633615,-45.9707
633630,-46.0147
633645,-44.3102
633645,-44.3102
633660,-44.0916
633675,-43.9094
633675,-43.9094
633690,-42.7003
633705,-42.5801
633720,-40.6214
633720,-40.6214
633735,-40.6348
633750,-39.4829
633750,-39.4829
633765,-39.4277
633780,-39.2471
633780,-39.2471
633795,-37.7103
633810,-37.6271
633810,-37.6271
633825,-36.1584
633840,-36.2646
633840,-36.2646
633855,-35.5225
633870,-34.8553
633870,-34.8553
633885,-34.6759
633900,-33.2639
633900,-33.2639
633915,-33.1827
633931,-31.6525
633945,-31.6667
633945,-31.6667
633960,-31.1464
633975,-30.3053
633975,-30.3053
633991,-30.2
634005,-28.3512
634005,-28.3512
634020,-28.3846
634035,-27.0446
634035,-27.0446
634051,-27.1556
634065,-26.7377
634065,-26.7377
634080,-25.3275
634095,-25.1621
634095,-25.1621
634111,-23.3965
634125,-23.4068
634140,-22.1282
634140,-22.1282
634155,-22.0745
634155,-22.0745
634171,-21.7294
634185,-20.5578
634200,-20.3032
634200,-20.3032
634215,-18.8405
634231,-18.9332
634231,-18.9332
634245,-17.9923
634260,-17.7529
634260,-17.7529
634275,-17.4333
634291,-15.9113
634291,-15.9113
634305,-15.5849
634320,-14.0216
634320,-14.0216
634335,-14.2317
634351,-13.4995
634366,-12.5549
634366,-12.5549
634381,-12.2625
634396,-10.6203
634396,-10.6203
634411,-10.4609
634426,-8.8544
634426,-8.8544
634441,-8.88762
634456,-8.31827
634456,-8.31827
634471,-7.5025
634486,-7.23068
634486,-7.23068
634486,-7.23068
634516,-5.49025
634516,-5.49025
634531,-4.17258
634546,-4.26663
634546,-4.26663
634561,-4.05478
634576,-2.31444
634591,-2.12354
634591,-2.12354
634606,-0.626831
634621,-0.733078
634621,-0.733078
634636,0.35733
634651,1.05487
634651,1.05487
634666,1.26259
634681,2.61501
634681,2.61501
634696,2.78413
634711,4.5714
634711,4.5714
634726,4.37779
634741,5.05576
634756,5.34019
634756,5.34019
634771,5.78314
634786,7.67674
634786,7.67674
634801,7.78508
634816,9.2606
634816,9.2606
634831,8.99557
634846,9.33723
634846,9.33723
634861,10.5579
634876,11.2918
634876,11.2918
634891,12.6104
634906,12.4896
634906,12.4896
634921,13.4913
634936,13.2251
634951,14.3176
634951,14.3176
634966,14.9961
634981,15.4576
634981,15.4576
634996,17.3651
635011,16.8249
635011,16.8249
635026,18.4403
635041,18.5311
635041,18.5311
635056,18.7312
635071,20.6404
635071,20.6404
635086,20.8106
635101,22.6896
635101,22.6896
635116,22.4241
635132,23.2525
635132,23.2525
635146,24.031
635161,24.2172
635176,25.6489
635176,25.6489
635192,25.7923
635206,27.6457
635206,27.6457
635221,27.8752
635236,28.5722
635236,28.5722
635252,29.3797
635266,29.4453
635266,29.4453
635281,31.5122
635296,31.5981
635296,31.5981
635312,32.8659
635326,32.5825
635341,32.9255
635341,32.9255
635341,32.9255
635372,34.0988
635372,34.0988
635386,35.5243
635401,35.3754
635401,35.3754
635416,36.9562
635432,36.8981
635432,36.8981
635446,37.3034
635461,38.4925
635461,38.4925
635476,38.7504
635492,40.8169
635492,40.8169
635506,40.5383
635521,41.9604
635536,41.9972
635536,41.9972
635552,42.3161
635566,44.2414
635566,44.2414
635581,44.4762
635597,46.5953
635597,46.5953
635597,46.5953
635627,47.0034
635627,47.0034
635642,47.5202
635657,47.7995
635657,47.7995
635672,49.2522
635687,49.4104
635702,51.0502
635702,51.0502
635717,50.651
635732,51.208
635732,51.208
635747,51.8963
635762,52.1833
635762,52.1833
635777,54.0072
635792,53.7687
635792,53.7687
635807,55.3625
635822,54.9705
635822,54.9705
635837,55.2683
635852,56.8711
635852,56.8711
635867,57.2471
635882,59.1782
635897,58.9504
635897,58.9504
635912,60.4372
635927,60.7476
635927,60.7476
635942,61.0887
635957,63.3267
635957,63.3267
635972,63.6445
635987,65.8502
635987,65.8502
636002,65.7081
636017,66.8813
636017,66.8813
636032,67.4069
636047,67.7388
636047,67.7388
636062,69.5886
636077,69.7819
636077,69.7819
636092,71.5589
636107,70.8187
636107,70.8187
636107,70.8187
636137,72.0292
636152,72.4064
636152,72.4064
636167,73.7076
636182,73.6539
636182,73.6539
636197,75.417
636212,74.6696
636212,74.6696
636227,75.1527
636242,76.162
636242,76.162
636257,76.4409
636272,78.6454
636272,78.6454
636287,78.2784
636302,80.0116
636317,79.6047
636317,79.6047
636332,79.9742
636347,82.5719
636347,82.5719
636362,82.8566
636377,85.2882
636377,85.2882
636393,84.9115
636407,86.2593
636407,86.2593
636422,86.5467
636437,86.9726
636437,86.9726
636453,88.1177
636467,88.1471
636467,88.1471
636482,87.3338
636497,87.8254
636513,87.1782
636513,87.1782
636527,86.9821
636542,86.7275
636542,86.7275
636557,84.9715
636573,84.9881
636573,84.9881
636587,83.4583
636602,84.4037
636602,84.4037
636617,83.9619
636633,82.9039
636633,82.9039
636647,82.402
636662,80.8442
636662,80.8442
636677,80.9608
636693,79.0019
636707,79.0148
636707,79.0148
636722,78.6896
636737,77.3449
636737,77.3449
636753,76.6006
636767,73.8644
636767,73.8644
636782,74.3987
636797,72.5991
636797,72.5991
636813,72.3772
636827,72.0525
636827,72.0525
636842,69.2542
636857,69.1376
636857,69.1376
636873,66.8014
636888,67.9545
636903,66.6465
636903,66.6465
636918,66.4295
636918,66.4295
636933,65.8911
636948,59.4923
636963,60.8345
636963,60.8345
636978,58.6823
636993,59.1749
636993,59.1749
637008,58.9966
637023,58.9802
637023,58.9802
637038,58.351
637053,56.3326
637053,56.3326
637068,56.278
637083,54.3463
637083,54.3463
637098,54.88
637113,54.3183
637128,52.9161
637128,52.9161
637143,52.3461
637158,49.8946
637158,49.8946
637173,50.1424
637188,48.3863
637188,48.3863
637203,48.8314
637218,48.3207
637218,48.3207
637233,46.1141
637233,46.1141
637233,46.1141
637263,43.1761
637278,44.0753
637278,44.0753
637293,42.6021
637308,42.4273
637323,41.9428
637323,41.9428
637338,39.8733
637353,39.5799
637353,39.5799
637368,36.8397
637383,37.888
637383,37.888
637398,36.6495
637413,36.3584
637413,36.3584
637428,35.8283
637443,33.581
637458,33.4532
637458,33.4532
637473,31.4078
637488,32.2637
637488,32.2637
637503,31.6677
637518,30.3851
637518,30.3851
637533,29.8268
637548,27.6414
637548,27.6414
637563,28.1353
637578,26.0949
637578,26.0949
637593,26.6434
637608,26.1714
637608,26.1714
637623,24.5994
637638,24.1165
637638,24.1165
637654,21.2456
637668,22.3401
637683,20.6297
637683,20.6297
637698,20.9619
637714,20.5759
637714,20.5759
637728,18.3797
637743,17.9775
637743,17.9775
637758,15.5065
637774,16.4429
637774,16.4429
637788,15.2691
637803,14.7879
637803,14.7879
637818,14.2098
637834,12.2499
637834,12.2499
637848,11.8992
637863,9.38593
637863,9.38593
637863,9.38593
637894,9.61224
637894,9.61224
637908,8.84755
637923,8.25697
637923,8.25697
637923,8.25697
637954,5.92398
637968,3.78897
637968,3.78897
637983,4.8972
637998,4.41562
637998,4.41562
638014,2.77094
638028,2.24838
638028,2.24838
638043,-0.024231
638058,0.562241
638058,0.562241
638074,-1.11932
638088,-0.802597
638104,-1.36296
638104,-1.36296
638119,-2.62462
638134,-3.29303
638134,-3.29303
638149,-6.19948
638164,-5.04271
638164,-5.04271
638179,-6.43001
638194,-6.10954
638194,-6.10954
638209,-6.53423
638224,-9.48358
638224,-9.48358
638239,-9.30156
638254,-11.6873
638269,-10.4812
638269,-10.4812
638284,-11.1148
638299,-12.3684
638299,-12.3684
638314,-12.9878
638329,-14.9416
638329,-14.9416
638344,-14.797
638359,-17.028
638359,-17.028
638374,-16.3
638389,-17.0895
638389,-17.0895
638404,-17.7347
638419,-18.2998
638419,-18.2998
638434,-21.3833
638449,-20.7147
638449,-20.7147
638464,-22.5043
638479,-21.6447
638479,-21.6447
638494,-21.9275
638509,-24.1095
638524,-24.4112
638524,-24.4112
638539,-26.3158
638554,-25.8907
638554,-25.8907
638569,-27.094
638584,-27.1864
638584,-27.1864
638599,-27.7357
638614,-29.0924
638614,-29.0924
638629,-29.5518
638644,-32.5034
638644,-32.5034
638659,-31.5502
638674,-32.5493
638674,-32.5493
638689,-32.3499
638704,-32.8742
638719,-35.7777
638719,-35.7777
638734,-35.4735
638749,-37.4946
638749,-37.4946
638764,-36.7858
638779,-37.3006
638779,-37.3006
638794,-38.9497
638809,-39.6266
638809,-39.6266
638824,-41.494
638839,-41.1519
638839,-41.1519
638854,-43.0711
638869,-42.9775
638869,-42.9775
638884,-43.4646
638899,-44.2979
638915,-44.7035
638915,-44.7035
638929,-47.235
638944,-46.5477
638944,-46.5477
638959,-47.9311
638975,-47.3003
638975,-47.3003
638989,-47.6478
639004,-49.4255
639004,-49.4255
639019,-49.7468
639035,-51.465
639035,-51.465
639049,-50.8518
639064,-51.8452
639064,-51.8452
639079,-52.5475
639079,-52.5475
639109,-54.2662
639109,-54.2662
639124,-54.4402
639139,-56.7091
639139,-56.7091
639155,-56.1037
639169,-56.7563
639169,-56.7563
639184,-57.2951
639199,-57.6384
639199,-57.6384
639215,-60.0717
639229,-59.7954
639229,-59.7954
639244,-61.662
639259,-61.0991
639259,-61.0991
639275,-61.7406
639289,-63.0101
639304,-63.2238
639304,-63.2238
639304,-63.2238
639335,-64.4401
639335,-64.4401
639349,-65.8734
639365,-65.7515
639365,-65.7515
639380,-66.1941
639395,-67.2419
639395,-67.2419
639410,-67.5664
639425,-69.3856
639425,-69.3856
639440,-68.9133
639455,-69.9097
639470,-69.8612
639470,-69.8612
639485,-70.0977
639500,-71.7398
639500,-71.7398
639515,-71.8122
639530,-73.2514
639530,-73.2514
639545,-72.727
639560,-73.4014
639560,-73.4014
639575,-74.2152
639590,-74.5256
639590,-74.5256
639605,-76.0697
639620,-76.0947
639620,-76.0947
639635,-77.834
639650,-77.5688
639665,-78.0738
639665,-78.0738
639680,-78.756
639695,-79.0455
639695,-79.0455
639710,-80.5014
639710,-80.5014
639710,-80.5014
639740,-81.0726
639755,-80.9346
