0,1,0,4.01999e-05,1,2.43411e-05,0.497448
-0.000246997,0.999999,0.00174768,0.00134582,0.999993,0.00351207,100.986
-0.00175544,0.999992,0.00347467,0.0002827,0.999984,0.00560651,201.36
-0.00223867,0.999992,0.00334776,-0.000381743,0.99998,0.0062655,301.805
-0.00123973,0.999996,0.00236631,0.000454364,0.99998,0.00626256,402.186
-0.000347469,0.999999,0.00147064,0.000891076,0.999985,0.00533988,502.919
-0.000749187,1,0.000469257,0.000322674,0.999987,0.00511905,603.341
-0.000862557,0.999999,-0.00085183,6.02436e-05,0.999991,0.00421536,703.763
0.000538614,1,-0.000623655,-0.00175642,0.999985,0.00526822,804.26
0.0044942,0.99999,0.000210982,-0.000109788,0.999968,0.00796748,904.857
0.0148478,0.999887,0.00236487,0.00781794,0.999906,0.0112944,1005.44
0.0464738,0.998919,-0.0013213,0.0171204,0.99973,0.0157011,1106.14
0.0875991,0.996155,0.000724256,0.0576596,0.998084,0.0224461,1206.81
0.13455,0.990854,0.0101953,0.105289,0.993885,0.0332686,1307.51
0.187437,0.982064,0.0204551,0.167545,0.984804,0.0457133,1408.2
0.247425,0.968356,0.0326767,0.226224,0.972315,0.0585325,1508.87
0.30969,0.949736,0.0457634,0.29676,0.952104,0.0736968,1609.56
0.37498,0.925067,0.0603429,0.370726,0.924486,0.0888153,1710.18
0.44037,0.895095,0.0698509,0.433016,0.8954,0.103718,1810.85
0.505186,0.859545,0.0772632,0.476757,0.87042,0.122771,1911.54
0.565402,0.820577,0.0835081,0.535127,0.832995,0.140566,2012.19
0.620504,0.778447,0.0948389,0.593173,0.789379,0.158199,2112.92
0.670669,0.73403,0.106782,0.645573,0.742618,0.178201,2213.67
0.71571,0.688463,0.117381,0.692668,0.694783,0.193621,2314.3
0.755971,0.641681,0.129432,0.728611,0.651867,0.210228,2414.74
0.791638,0.59591,0.134908,0.763943,0.60599,0.221737,2515.2
0.823406,0.550618,0.137197,0.795226,0.560871,0.230302,2615.64
0.851251,0.506863,0.135871,0.822473,0.519198,0.232319,2716.07
0.876467,0.463357,0.130791,0.848889,0.47431,0.233277,2816.52
0.897939,0.421495,0.126679,0.871988,0.430129,0.233721,2916.95
0.917055,0.378541,0.125368,0.891122,0.386184,0.238254,3017.39
0.934172,0.333951,0.125699,0.908548,0.341404,0.240801,3117.88
0.950062,0.285764,0.125384,0.926333,0.292469,0.237424,3218.32
0.962665,0.241232,0.122812,0.940278,0.245918,0.235375,3318.77
0.972524,0.200188,0.118832,0.949854,0.203451,0.237458,3419.22
0.980865,0.15688,0.115296,0.95812,0.154847,0.240891,3519.67
0.987507,0.112261,0.110581,0.964528,0.107471,0.241116,3620.1
0.991595,0.0696953,0.109005,0.967717,0.0635548,0.243897,3720.53
0.993417,0.0281429,0.111043,0.967877,0.014436,0.251011,3820.93
0.993633,-0.00859844,0.112338,0.967004,-0.0306879,0.252909,3921.38
0.993096,-0.0326027,0.112682,0.965932,-0.0547154,0.252945,4021.86
0.992728,-0.0399803,0.113542,0.965689,-0.0623316,0.25211,4122.29
0.992744,-0.0354377,0.114902,0.965934,-0.056912,0.252455,4222.79
0.992943,-0.0238383,0.11617,0.966427,-0.0453754,0.252905,4323.24
0.993191,-0.00170775,0.116481,0.967447,-0.0242836,0.251908,4423.71
0.992783,0.0362957,0.114299,0.969391,0.0176265,0.244889,4524.18
0.990436,0.0844596,0.1091,0.970277,0.0628629,0.233691,4624.62
0.984122,0.142124,0.10632,0.967505,0.115505,0.224928,4725.06
0.972585,0.207942,0.104106,0.959143,0.181122,0.217348,4825.51
0.95571,0.275336,0.103967,0.946387,0.243997,0.211701,4925.95
0.933205,0.344009,0.103858,0.928503,0.308868,0.206116,5026.41
0.906856,0.408968,0.101774,0.905713,0.375315,0.197034,5126.87
0.874507,0.474641,0.0997693,0.877486,0.440908,0.188733,5227.32
0.836583,0.538776,0.0992454,0.843276,0.506356,0.180249,5327.75
0.790775,0.604746,0.0946448,0.80318,0.571833,0.167066,5428.21
0.73986,0.66733,0.0853089,0.753433,0.639767,0.151783,5528.66
0.68288,0.727072,0.0710101,0.705038,0.697214,0.129672,5629.11
0.621843,0.780493,0.0643564,0.645581,0.755271,0.113101,5729.55
0.559317,0.826964,0.0574039,0.586703,0.803732,0.0989708,5830
0.502759,0.862837,0.0524011,0.529892,0.843554,0.0873662,5930.49
0.452618,0.890238,0.051124,0.484328,0.871283,0.079332,6030.93
0.404355,0.913285,0.0490791,0.443247,0.893394,0.0733552,6131.39
0.359114,0.932371,0.0414933,0.398729,0.914909,0.062913,6231.84
0.314416,0.94882,0.0297203,0.358359,0.932461,0.0457933,6332.29
0.271465,0.962311,0.016237,0.313179,0.949171,0.0315234,6432.82
0.232844,0.972498,0.00553621,0.273414,0.961709,0.0190324,6533.34
0.195523,0.980698,0.00148949,0.236125,0.971642,0.0125415,6633.82
0.161785,0.986825,-0.00126962,0.202095,0.979324,0.00914827,6734.27
0.135865,0.99072,-0.00395734,0.178034,0.984005,0.0061858,6834.72
0.118015,0.992983,-0.00759534,0.155621,0.987815,0.00195497,6935.16
0.107218,0.994179,-0.0106118,0.14574,0.98932,-0.00266511,7035.61
0.0985268,0.99506,-0.0121784,0.136807,0.990592,-0.00345314,7136.06
0.0933206,0.995546,-0.0133651,0.131939,0.991251,-0.00391842,7236.51
0.0939091,0.995488,-0.0135945,0.132228,0.991212,-0.00382916,7336.97
0.0976543,0.995138,-0.0128354,0.134371,0.990929,-0.00206308,7437.42
0.10617,0.994305,-0.00929021,0.144806,0.989459,0.00154923,7537.87
0.12499,0.992158,-0.000708244,0.159701,0.987086,0.0125561,7638.33
0.155772,0.987756,0.00853074,0.189885,0.981508,0.0242447,7738.78
0.197515,0.980119,0.0188526,0.231843,0.972061,0.0367227,7839.24
0.256749,0.966024,0.0296262,0.282426,0.957952,0.0506405,7939.7
0.320078,0.946476,0.04165,0.340875,0.937873,0.0648111,8040.33
0.385315,0.92113,0.0552477,0.404164,0.910961,0.0824776,8140.93
0.44957,0.890493,0.0700583,0.46975,0.87632,0.10677,8241.44
0.511205,0.855169,0.0857692,0.527407,0.8399,0.128108,8341.85
0.571388,0.814693,0.0989512,0.581117,0.800276,0.147862,8442.38
0.62923,0.769361,0.110243,0.637153,0.752762,0.165486,8542.85
0.682773,0.721192,0.117059,0.690273,0.700763,0.180155,8643.31
0.732358,0.669999,0.121462,0.735843,0.649329,0.192117,8743.75
0.777503,0.615922,0.127,0.777073,0.595239,0.204572,8844.19
0.818628,0.558611,0.133427,0.815975,0.533887,0.2217,8944.64
0.857105,0.496661,0.13675,0.85157,0.469078,0.234086,9045.08
0.890909,0.432123,0.139829,0.881172,0.405408,0.243272,9145.53
0.919096,0.367555,0.142009,0.906084,0.338767,0.253477,9245.97
0.941548,0.305121,0.142789,0.924058,0.277803,0.262573,9346.41
0.958795,0.247113,0.140174,0.938215,0.218495,0.268352,9446.85
0.97132,0.196758,0.133508,0.949425,0.163836,0.267865,9547.3
0.9794,0.153945,0.130681,0.955345,0.12133,0.269438,9647.7
0.984869,0.11826,0.126681,0.958435,0.0833767,0.272861,9748.14
0.988265,0.0945776,0.11995,0.961799,0.0579722,0.26755,9848.6
0.990095,0.0767905,0.117543,0.963417,0.0398711,0.265026,9949.05
0.990841,0.06867,0.116272,0.963518,0.0324207,0.265673,10049.5
0.991032,0.0710444,0.113181,0.964357,0.0337996,0.262441,10150
0.990229,0.0838055,0.111466,0.964659,0.0481181,0.259073,10250.4
0.987973,0.106675,0.111936,0.963783,0.0703973,0.257231,10350.9
0.983352,0.143036,0.112075,0.960932,0.107877,0.254899,10451.3
0.976282,0.185001,0.112463,0.956868,0.148023,0.249988,10552
0.964999,0.235235,0.115937,0.948639,0.196674,0.247802,10652.5
0.949483,0.290255,0.11931,0.936655,0.250207,0.245103,10753.1
0.927679,0.354714,0.116579,0.92002,0.313504,0.235118,10853.5
0.899664,0.421743,0.112865,0.897088,0.381368,0.223143,10953.9
0.867018,0.488979,0.0958162,0.869113,0.451057,0.202956,11054.3
0.827132,0.555771,0.0835042,0.835183,0.519684,0.179996,11154.7
0.781355,0.619853,0.0725722,0.796202,0.584056,0.157929,11255.1
0.727626,0.683274,0.060819,0.747029,0.651252,0.13349,11355.5
0.672788,0.737756,0.055445,0.697108,0.707183,0.118046,11455.9
0.615865,0.786116,0.0522781,0.645309,0.756569,0.10574,11556.3
0.563393,0.824812,0.0476834,0.595167,0.798142,0.0935246,11656.7
0.514035,0.85686,0.0395053,0.54978,0.831432,0.0804031,11757.2
0.465753,0.884417,0.0297024,0.506568,0.859779,0.0645799,11857.6
0.414765,0.909755,0.0177946,0.457723,0.88785,0.0470497,11958.1
0.367281,0.930096,0.0052376,0.410915,0.911194,0.0295979,12058.5
0.324082,0.946013,-0.00552766,0.36964,0.929042,0.0157317,12158.9
0.285212,0.958352,-0.01469,0.331829,0.94333,0.00431193,12259.4
0.251648,0.967559,-0.0224281,0.298939,0.954258,-0.00520544,12359.8
0.222187,0.974608,-0.0278031,0.270323,0.962682,-0.0129949,12460.2
0.193689,0.980616,-0.0296376,0.241437,0.970284,-0.0160552,12560.7
0.165688,0.985804,-0.0271723,0.208399,0.9779,-0.0167664,12661.1
0.141649,0.989558,-0.0266785,0.183391,0.982888,-0.0173296,12761.5
0.12509,0.991744,-0.0282502,0.164036,0.986292,-0.0179249,12861.9
0.124916,0.991447,-0.0378105,0.149698,0.988651,-0.0126646,12962.3
0.114156,0.992704,-0.0388284,0.144487,0.989318,-0.0193457,13062.8
0.105344,0.993621,-0.0402619,0.137516,0.990185,-0.0249699,13163.2
0.102218,0.993818,-0.043331,0.130861,0.991028,-0.0271902,13263.6
0.0981647,0.994139,-0.0453093,0.127095,0.991506,-0.0276127,13364.1
0.0981593,0.994155,-0.0449522,0.126085,0.991639,-0.0274882,13464.5
0.102759,0.9938,-0.0424608,0.132172,0.990908,-0.0251353,13564.9
0.111484,0.992994,-0.0391734,0.145045,0.989154,-0.023168,13665.4
0.13088,0.990872,-0.0323129,0.160692,0.986884,-0.0153971,13765.8
0.162927,0.986379,-0.022641,0.18862,0.982041,-0.0042059,13866.2
0.207781,0.978087,-0.0131846,0.236725,0.971538,0.00866263,13966.7
0.259653,0.9657,-0.0022113,0.288214,0.957295,0.0227713,14067.1
0.313767,0.949414,0.0128312,0.335638,0.94116,0.0395452,14167.5
0.373424,0.927112,0.0319211,0.388726,0.919164,0.0634829,14267.9
0.435382,0.899107,0.0452746,0.44758,0.890489,0.0818641,14368.4
0.497267,0.865582,0.0591109,0.504777,0.857113,0.102747,14468.8
0.562108,0.82377,0.0737443,0.565608,0.815404,0.123302,14569.2
0.621508,0.778187,0.0903045,0.621811,0.769404,0.146178,14669.7
0.67604,0.729529,0.103724,0.673749,0.719682,0.167691,14770.1
0.725744,0.677763,0.118048,0.720599,0.667591,0.187244,14870.5
0.768425,0.626205,0.131874,0.759984,0.614549,0.211552,14970.9
0.807462,0.572351,0.142901,0.795467,0.560319,0.230814,15071.4
0.841825,0.518501,0.149964,0.826149,0.507007,0.245808,15171.8
0.872352,0.464736,0.151733,0.854809,0.451599,0.255657,15272.2
0.899449,0.411175,0.148077,0.880252,0.397075,0.259784,15372.7
0.921683,0.361226,0.14148,0.902329,0.344643,0.258888,15473.1
0.939209,0.315549,0.135341,0.918557,0.298086,0.259612,15573.6
0.952716,0.275091,0.129067,0.931935,0.256286,0.256545,15674
0.96351,0.236402,0.125558,0.941119,0.21733,0.258965,15774.4
0.972343,0.197184,0.125176,0.94855,0.177356,0.262293,15874.9
0.980432,0.153732,0.122966,0.954924,0.132137,0.265818,15975.3
0.985602,0.113649,0.125197,0.957592,0.0925442,0.272862,16075.7
0.988624,0.0809644,0.126765,0.959474,0.0570967,0.275951,16176.2
0.990106,0.0577904,0.127875,0.959747,0.029657,0.279296,16276.6
0.990837,0.0478411,0.126311,0.960061,0.0176997,0.279228,16377
0.990919,0.0508267,0.124491,0.960795,0.0215395,0.276421,16477.5
0.99032,0.0641655,0.12309,0.961254,0.0347309,0.273468,16577.9
0.98854,0.0887758,0.122106,0.961131,0.0577278,0.26999,16678.3
0.985463,0.122127,0.118105,0.960232,0.0957632,0.262265,16778.7
0.980251,0.163589,0.111124,0.959984,0.133083,0.246414,16879.2
0.971246,0.212063,0.10822,0.95502,0.177854,0.237283,16979.6
0.957175,0.26797,0.109585,0.944435,0.232529,0.23232,17080
0.937244,0.330562,0.110925,0.928636,0.296443,0.223061,17180.4
0.911008,0.397756,0.108891,0.90646,0.365061,0.212274,17280.9
0.879246,0.465576,0.100831,0.879134,0.434758,0.195213,17381.3
0.845746,0.526567,0.0862773,0.849826,0.497799,0.173181,17481.7
0.809388,0.583059,0.0702484,0.818238,0.556794,0.143062,17582.1
0.767417,0.638088,0.0625829,0.781156,0.611477,0.126063,17682.5
0.719968,0.690345,0.0712187,0.729451,0.673245,0.121004,17783
0.672247,0.737348,0.0663599,0.687601,0.717092,0.113947,17883.4
0.621521,0.781547,0.053834,0.641403,0.761663,0.0920399,17983.9
0.563935,0.825287,0.0296524,0.595995,0.800952,0.0571352,18084.5
0.499338,0.866254,0.0163531,0.531587,0.846353,0.0331808,18185
0.437637,0.899111,0.00864216,0.469524,0.882761,0.0166971,18285.4
0.381549,0.924341,0.00391616,0.415399,0.909611,0.00721321,18385.8
0.332485,0.943099,-0.00434014,0.368347,0.929669,-0.00596963,18486.3
0.291344,0.956425,-0.019279,0.329565,0.943825,-0.0241153,18586.7
0.25509,0.966278,-0.0351823,0.292074,0.95537,-0.0442878,18687.1
0.224594,0.973253,-0.0483487,0.263106,0.962814,-0.0613564,18787.5
0.200703,0.978215,-0.0530526,0.239625,0.968424,-0.0688047,18888
0.182173,0.981578,-0.0576118,0.221169,0.97228,-0.0758579,18988.4
0.165541,0.984412,-0.0594251,0.199857,0.976787,-0.077093,19088.8
0.150803,0.986608,-0.0621638,0.181045,0.980392,-0.0778019,19189.3
0.14036,0.988116,-0.0626654,0.170084,0.982393,-0.0772919,19289.7
0.13631,0.988714,-0.0621789,0.163461,0.983571,-0.0766005,19390.1
0.133154,0.98913,-0.0623869,0.158914,0.984513,-0.0740203,19490.6
0.1316,0.989257,-0.0636722,0.157982,0.984596,-0.0749059,19591
0.136589,0.988652,-0.0625358,0.161756,0.984104,-0.0733051,19691.4
0.15332,0.986479,-0.0579027,0.180277,0.981379,-0.0662843,19791.8
0.191193,0.980092,-0.0535404,0.215866,0.974948,-0.053632,19892.3
0.242596,0.969074,-0.0452089,0.270092,0.961934,-0.0416146,19992.7
0.303323,0.952278,-0.0341037,0.332155,0.942897,-0.0248648,20093.1
0.364991,0.930819,-0.0189584,0.391196,0.920302,-0.00304609,20193.6
0.42622,0.904617,-0.00236302,0.447006,0.894226,0.0233215,20294
0.487219,0.873158,0.0146359,0.501768,0.863715,0.0471552,20394.4
0.547409,0.836412,0.0275668,0.558788,0.826597,0.0670279,20494.9
0.603784,0.796104,0.0408008,0.608389,0.788669,0.0886723,20595.3
0.656395,0.752653,0.0515677,0.656725,0.746381,0.107825,20695.7
0.707262,0.703702,0.0677145,0.701834,0.700118,0.131391,20796.1
0.75366,0.652096,0.0822736,0.747127,0.645888,0.156932,20896.6
0.796677,0.596854,0.0952443,0.786359,0.590812,0.180499,20997
0.836003,0.538258,0.106666,0.825689,0.530924,0.190675,21097.4
0.871364,0.475966,0.119087,0.856859,0.469123,0.213809,21197.8
0.903545,0.409497,0.126171,0.884698,0.404402,0.231876,21298.2
0.930526,0.343242,0.127698,0.909743,0.338445,0.240458,21398.7
0.950886,0.28123,0.12933,0.926575,0.279571,0.25159,21499.1
0.965612,0.226008,0.128506,0.939495,0.224185,0.259012,21599.5
0.976665,0.17345,0.126652,0.948218,0.172475,0.266706,21699.9
0.983845,0.12774,0.125432,0.953826,0.125433,0.27291,21800.4
0.988123,0.090371,0.124283,0.957075,0.0882572,0.276072,21900.8
0.990402,0.0616217,0.123726,0.958446,0.0617211,0.278513,22001.2
0.991464,0.0481426,0.121174,0.959131,0.0465921,0.279097,22101.6
0.991702,0.0482073,0.11918,0.959548,0.048558,0.277322,22202
0.991577,0.0555382,0.117009,0.960159,0.0558449,0.273813,22302.5
0.990774,0.0688839,0.116715,0.959468,0.0712091,0.272668,22402.9
0.989299,0.0885597,0.11595,0.958844,0.0882094,0.269876,22503.3
0.986605,0.116513,0.114172,0.95761,0.114059,0.264522,22603.7
0.980985,0.155498,0.116143,0.954062,0.149059,0.25989,22704.1
0.970005,0.207769,0.126182,0.943714,0.196351,0.266171,22804.5
0.955409,0.264625,0.131029,0.930647,0.253208,0.264157,22905
0.936804,0.324807,0.129997,0.91585,0.311422,0.25344,23005.4
0.915739,0.383543,0.119652,0.896635,0.375588,0.234471,23105.8
0.891208,0.44136,0.10464,0.876774,0.434276,0.206567,23206.3
0.861675,0.500659,0.0828115,0.852818,0.491993,0.175048,23306.7
0.828389,0.557254,0.0569155,0.823257,0.550017,0.140454,23407.1
0.789558,0.612798,0.0328167,0.787857,0.606543,0.106697,23507.5
0.743938,0.668117,0.0133259,0.747085,0.660516,0.0746969,23608
0.69004,0.723769,0.00227835,0.698819,0.713346,0.0527885,23708.4
0.630959,0.775811,-0.00308499,0.642018,0.76587,0.0354203,23808.8
0.569968,0.821605,-0.0101834,0.585202,0.810681,0.0182058,23909.2
0.50508,0.862849,-0.0196802,0.524275,0.851547,-0.00152262,24009.6
0.449613,0.892742,-0.0293534,0.472512,0.88107,-0.0211334,24110.1
0.399193,0.916065,-0.0383529,0.42433,0.90474,-0.0372357,24210.5
0.356079,0.933237,-0.0477361,0.384104,0.921601,-0.0557934,24310.9
0.315476,0.947293,-0.0557955,0.348527,0.934653,-0.0703674,24411.3
0.276526,0.958951,-0.062832,0.311151,0.946795,-0.0822293,24511.8
0.237449,0.969146,-0.0661449,0.272832,0.957787,-0.0905818,24612.2
0.201331,0.977142,-0.0682726,0.235591,0.967035,-0.0966406,24712.7
0.167706,0.983384,-0.0695122,0.202266,0.974172,-0.100382,24813.1
0.14152,0.98753,-0.0689825,0.172916,0.979658,-0.101829,24913.5
0.122833,0.989807,-0.0720821,0.153351,0.982682,-0.104011,25014
0.111537,0.99094,-0.074831,0.142972,0.983939,-0.10687,25114.4
0.104586,0.991507,-0.0773117,0.138246,0.984323,-0.109521,25219.3
0.103805,0.991562,-0.0776563,0.137315,0.984384,-0.110145,25320.2
0.105966,0.991469,-0.0759097,0.139317,0.984454,-0.106952,25421
0.113979,0.990723,-0.0740169,0.146825,0.983698,-0.103818,25521.7
0.13152,0.988741,-0.0713798,0.162338,0.981765,-0.0989012,25622.1
0.15715,0.984874,-0.0729937,0.191021,0.976875,-0.0960436,25722.5
0.193257,0.97852,-0.0717744,0.223688,0.970277,-0.0923219,25823
0.239291,0.96868,-0.0663301,0.272577,0.958616,-0.082194,25923.4
0.29337,0.954315,-0.0567381,0.325443,0.943166,-0.0672544,26023.9
0.353046,0.934608,-0.0432057,0.381663,0.923116,-0.0467835,26124.3
0.415915,0.90899,-0.0274387,0.441164,0.897157,-0.021968,26224.8
0.483058,0.875507,-0.011964,0.503212,0.864152,0.0040986,26325.2
0.549685,0.835366,0.00325925,0.567624,0.822762,0.0294039,26425.7
0.616842,0.786855,0.0191371,0.630658,0.773771,0.0595701,26526.1
0.681708,0.73103,0.0294946,0.693038,0.716024,0.0837061,26626.5
0.741461,0.669577,0.0436355,0.749859,0.652417,0.109824,26727
0.796238,0.602189,0.0580952,0.799501,0.584378,0.138923,26827.5
0.845697,0.52917,0.0691251,0.843773,0.510218,0.166504,26927.9
0.887732,0.45365,0.0783365,0.879603,0.435692,0.190975,27028.4
0.923257,0.373829,0.0885964,0.908435,0.359469,0.213369,27128.8
0.950143,0.297172,0.0944439,0.931448,0.281939,0.230031,27229.3
0.970439,0.222364,0.0938315,0.946319,0.216093,0.240381,27329.9
0.98286,0.161089,0.0896645,0.958249,0.146676,0.245445,27430.3
0.990232,0.109214,0.0866959,0.964122,0.0896529,0.249863,27530.8
0.993893,0.069011,0.0861224,0.965635,0.0508222,0.254882,27631.3
0.995102,0.0444356,0.0883198,0.966366,0.0227151,0.256164,27731.8
0.995258,0.0340063,0.0911375,0.965085,0.0129759,0.261612,27832.2
0.995317,0.0337016,0.0906092,0.964833,0.0150179,0.262434,27932.8
0.995271,0.0404202,0.0883436,0.965591,0.0216468,0.259162,28033.3
0.994905,0.0552664,0.0843249,0.966424,0.0351554,0.254533,28133.8
0.993488,0.0822985,0.0788068,0.967136,0.0595971,0.247176,28234.3
0.990229,0.119657,0.0716297,0.967126,0.0955023,0.235679,28334.8
0.983702,0.167677,0.0649324,0.964149,0.144987,0.222247,28435.3
0.974538,0.217724,0.0536105,0.959597,0.192738,0.204999,28535.7
0.962505,0.267387,0.0457185,0.951617,0.240934,0.190721,28636.1
0.944715,0.325431,0.0401113,0.93911,0.295069,0.176084,28736.6
0.921136,0.387956,0.0316149,0.919745,0.3587,0.159381,28837.1
0.89204,0.451284,0.0246966,0.894783,0.423048,0.142803,28937.5
0.855819,0.517007,0.0167226,0.865937,0.484983,0.122242,29038
0.816396,0.57749,0.00208006,0.83071,0.548305,0.0963373,29138.4
0.772163,0.6354,-0.00576082,0.792031,0.605236,0.0798419,29238.8
0.723351,0.690398,-0.0106964,0.748112,0.660833,0.0602299,29339.3
0.666697,0.745159,-0.0159942,0.696166,0.716718,0.0408412,29439.7
0.60833,0.793406,-0.0210522,0.639031,0.768802,0.0241119,29540.1
0.552613,0.83306,-0.0251465,0.58556,0.810592,0.00771746,29640.6
0.497522,0.866829,-0.0328827,0.531081,0.847277,-0.00854382,29741
0.444209,0.894953,-0.0417079,0.482503,0.875524,-0.0254452,29841.5
0.39533,0.917392,-0.0459053,0.43635,0.898902,-0.0396644,29942.2
0.351028,0.935141,-0.0478635,0.392423,0.918484,-0.0488952,30042.8
0.306266,0.95071,-0.0485005,0.351023,0.934671,-0.0563263,30143.4
0.260571,0.963899,-0.0547907,0.30691,0.949272,-0.0684628,30244.3
0.21703,0.973842,-0.067315,0.264169,0.960463,-0.087886,30345.2
0.178054,0.980926,-0.0779904,0.227699,0.968029,-0.10522,30446
0.149528,0.98498,-0.086347,0.200598,0.972542,-0.117986,30546.6
0.126889,0.987975,-0.0883467,0.182555,0.975442,-0.123224,30647.1
0.106936,0.990381,-0.0878113,0.157283,0.979719,-0.124141,30747.6
0.0932094,0.991634,-0.0893065,0.143485,0.981568,-0.126229,30848.1
0.0875118,0.992168,-0.0891362,0.140239,0.982033,-0.126261,30948.7
0.0863198,0.992503,-0.0865337,0.139144,0.982521,-0.123652,31049.2
0.0870286,0.992618,-0.0844839,0.138978,0.983017,-0.119837,31149.8
0.0867649,0.992813,-0.0824288,0.138697,0.983232,-0.118386,31250.3
