0,1,0,0,1,0,0.218958
-0.00116478,0.999999,-9.28298e-05,0.000736477,1,0.000601983,100.704
-0.00206446,0.999998,-0.000129395,-0.000434193,1,0.000618633,201.107
-0.00184091,0.999998,-0.000298549,0.000287161,1,0.00107591,301.514
-0.00173942,0.999999,-7.95935e-05,0.000952381,0.999999,0.00120296,401.924
-0.000159086,1,4.85953e-05,-8.43174e-05,1,0.000982558,502.337
0.00260012,0.999997,-1.59324e-05,-0.0013206,0.999999,0.000428864,602.74
0.00544903,0.999982,-0.0025587,-0.00305658,0.999994,0.0019912,703.141
0.00783853,0.999953,-0.00566742,-0.00372234,0.999987,0.00346441,803.548
0.0101972,0.999921,-0.00741305,-0.00353774,0.999988,0.00362324,903.954
0.0134734,0.999882,-0.00733011,-0.00135669,0.999998,0.00158541,1004.36
0.0173591,0.999816,-0.00816015,-7.37145e-05,1,0.000359973,1104.77
0.0227311,0.999688,-0.0103095,-0.000233733,1,0.000207301,1205.18
0.0303978,0.999434,-0.0143584,-0.000216601,1,-0.000703284,1305.55
0.0428713,0.998779,-0.0245314,0.00606796,0.999967,-0.00548416,1405.91
0.0658263,0.996752,-0.0463975,0.0360028,0.999343,0.00423185,1506.29
0.0977734,0.99235,-0.0753753,0.0858311,0.996226,0.0129383,1606.65
0.134971,0.984813,-0.109209,0.145157,0.989134,0.02332,1707.03
0.179304,0.972652,-0.147642,0.204359,0.978062,0.0404202,1807.39
0.222628,0.957374,-0.18404,0.26066,0.963779,0.0564506,1907.78
0.275548,0.934518,-0.225274,0.311647,0.947302,0.0741399,2008.16
0.324444,0.908137,-0.264617,0.373524,0.923436,0.0880196,2108.54
0.372058,0.875609,-0.308028,0.438054,0.892356,0.108675,2208.91
0.420035,0.837153,-0.350349,0.498722,0.856354,0.133919,2309.26
0.464399,0.796066,-0.388087,0.557768,0.815129,0.1564,2409.61
0.508146,0.751338,-0.421046,0.607318,0.774731,0.175951,2509.96
0.552373,0.698345,-0.455191,0.661103,0.72319,0.199852,2610.31
0.594637,0.63382,-0.494651,0.713621,0.659491,0.236257,2710.7
0.62964,0.569108,-0.528838,0.761957,0.587633,0.272231,2811.1
0.658051,0.508718,-0.555135,0.797066,0.528343,0.292472,2911.5
0.684422,0.448882,-0.574518,0.827188,0.469817,0.308275,3011.91
0.707113,0.395954,-0.585842,0.850027,0.417434,0.321253,3112.32
0.725256,0.346674,-0.594828,0.868588,0.367819,0.332064,3212.75
0.746407,0.299198,-0.594438,0.872241,0.338854,0.352669,3313.15
0.760782,0.256456,-0.596189,0.883558,0.299131,0.360343,3413.55
0.770511,0.218358,-0.598859,0.899176,0.254665,0.35585,3513.97
0.777789,0.181607,-0.601717,0.907941,0.218889,0.357396,3614.36
0.782674,0.148566,-0.604441,0.913683,0.186937,0.360886,3714.77
0.784851,0.117734,-0.608397,0.915639,0.159742,0.368902,3815.18
0.785204,0.0865587,-0.613158,0.917448,0.1314,0.375531,3915.58
0.784875,0.0550619,-0.617203,0.916674,0.10674,0.385119,4015.98
0.785647,0.0219304,-0.618286,0.91672,0.0784389,0.391755,4116.4
0.78517,-0.0110437,-0.619182,0.917107,0.0575539,0.394466,4216.79
0.781167,-0.0562905,-0.621779,0.912856,0.0097483,0.408167,4317.2
0.776041,-0.0983579,-0.622966,0.906941,-0.0374206,0.419594,4417.56
0.76882,-0.131554,-0.625787,0.903301,-0.064916,0.424068,4517.89
0.758016,-0.158252,-0.632746,0.894296,-0.0863183,0.439072,4618.21
0.749204,-0.179027,-0.637686,0.885509,-0.104699,0.452673,4718.55
0.743551,-0.193342,-0.640118,0.880008,-0.121872,0.459057,4818.91
0.742325,-0.200215,-0.639428,0.879835,-0.134371,0.455889,4919.26
0.738732,-0.200432,-0.643508,0.883521,-0.134249,0.448742,5019.65
0.735178,-0.196768,-0.648688,0.880468,-0.130297,0.455851,5120.04
0.731696,-0.190363,-0.654511,0.876899,-0.129327,0.462952,5220.41
0.729843,-0.185157,-0.658063,0.875861,-0.123411,0.466517,5320.81
0.728912,-0.180684,-0.660335,0.876893,-0.119278,0.465654,5421.17
0.729377,-0.177798,-0.660604,0.877309,-0.118102,0.46517,5521.56
0.729473,-0.173717,-0.661583,0.879427,-0.116394,0.461586,5621.91
0.732967,-0.158638,-0.661509,0.884111,-0.10035,0.456376,5722.32
0.734856,-0.13521,-0.664609,0.887716,-0.0845493,0.452563,5822.73
0.736836,-0.0989938,-0.668786,0.892682,-0.0528653,0.447579,5923.12
0.738715,-0.0544882,-0.671813,0.897583,-0.0146216,0.440605,6023.47
0.738715,-0.00327048,-0.674011,0.897238,0.0366841,0.440023,6123.82
0.732836,0.0480129,-0.67871,0.896633,0.104525,0.430263,6224.17
0.727671,0.102299,-0.678255,0.893202,0.157069,0.421333,6324.52
0.723732,0.154426,-0.67258,0.887447,0.204987,0.412819,6424.94
0.720421,0.202624,-0.663278,0.880853,0.248941,0.40265,6525.33
0.71837,0.247927,-0.649982,0.875179,0.291474,0.386142,6625.69
0.716483,0.287827,-0.635459,0.868709,0.329403,0.369918,6726.08
0.715007,0.322779,-0.620145,0.856302,0.374878,0.355268,6826.47
0.709909,0.36129,-0.604566,0.84652,0.407761,0.342251,6926.86
0.704978,0.396019,-0.588366,0.829515,0.45542,0.323262,7027.25
0.69555,0.438187,-0.569388,0.803516,0.516416,0.296103,7131.73
0.681987,0.48687,-0.545758,0.776364,0.565508,0.278316,7232.08
0.660964,0.539831,-0.521257,0.747416,0.610643,0.261694,7332.47
0.634196,0.592752,-0.496428,0.711333,0.656358,0.251398,7432.81
0.601221,0.647641,-0.468076,0.668896,0.702681,0.242522,7533.17
0.56931,0.691306,-0.444953,0.623664,0.746138,0.233069,7633.52
0.532346,0.737031,-0.416405,0.579908,0.783414,0.223538,7733.87
0.493575,0.777578,-0.38956,0.533296,0.818287,0.214481,7834.22
0.456816,0.812689,-0.361741,0.484958,0.85049,0.203674,7934.56
0.422007,0.842297,-0.33533,0.439873,0.876833,0.194101,8034.91
0.388992,0.867894,-0.308944,0.399072,0.898104,0.184798,8135.26
0.357293,0.890938,-0.280306,0.356419,0.918647,0.170449,8235.62
0.325573,0.912136,-0.249018,0.314299,0.936534,0.155306,8335.98
0.292494,0.931591,-0.215834,0.266705,0.954143,0.135938,8436.34
0.256144,0.948947,-0.184088,0.215759,0.968657,0.123091,8536.75
0.222229,0.962893,-0.153139,0.170455,0.979047,0.111405,8637.18
0.193949,0.972826,-0.126465,0.131963,0.986423,0.0977465,8737.57
0.167547,0.980532,-0.102393,0.0931806,0.992664,0.0770373,8837.95
0.141798,0.986903,-0.0769101,0.0563921,0.99651,0.0615412,8938.31
0.115739,0.991793,-0.0543238,0.0247665,0.998255,0.053604,9038.64
0.094194,0.994857,-0.0372306,-0.0075218,0.998635,0.0516849,9139.01
0.0778148,0.99668,-0.0239261,-0.0270502,0.998284,0.0519322,9239.38
0.068869,0.997515,-0.0148565,-0.0423776,0.997894,0.0491003,9339.77
0.0626802,0.997978,-0.0104558,-0.0476797,0.997773,0.0466283,9440.14
0.0573015,0.998332,-0.00700012,-0.0567055,0.997144,0.0498725,9540.52
0.0525305,0.998605,-0.00527525,-0.0554734,0.99715,0.0511288,9640.89
0.0511178,0.998679,-0.00506689,-0.0542533,0.997028,0.0546973,9741.26
0.0493002,0.998778,-0.00342614,-0.0530327,0.996664,0.0620383,9841.62
0.0484749,0.998813,-0.00467003,-0.0514586,0.995621,0.0780342,9941.99
0.0458344,0.998915,-0.00827713,-0.0536778,0.995474,0.0784126,10042.4
0.0446142,0.99895,-0.0103696,-0.056008,0.995463,0.0769182,10142.8
0.0461505,0.99888,-0.0104518,-0.0601289,0.995119,0.0782448,10243.2
0.0465902,0.99884,-0.0121438,-0.0607448,0.995021,0.0790037,10343.6
0.0501932,0.998652,-0.0131779,-0.060846,0.994941,0.0799352,10444
0.0519031,0.998555,-0.0138701,-0.0610126,0.99483,0.0811794,10544.3
0.0499575,0.998683,-0.0116541,-0.0603636,0.994787,0.0821775,10644.7
0.0466931,0.998855,-0.0103391,-0.0603917,0.994845,0.0814495,10745.1
0.049277,0.998715,-0.0117753,-0.0614727,0.994707,0.0823199,10845.5
0.051028,0.998625,-0.0119656,-0.0614712,0.994643,0.0830988,10945.8
0.0525634,0.998519,-0.0139768,-0.063715,0.994541,0.0826201,11046.2
0.0527273,0.998512,-0.0139123,-0.0631013,0.994532,0.0832067,11146.6
0.0526578,0.998514,-0.0139653,-0.0636599,0.994522,0.0828927,11247
0.0536522,0.998464,-0.0138216,-0.0639571,0.994432,0.083735,11347.3
0.0534209,0.998473,-0.014025,-0.0643393,0.99449,0.0827498,11447.7
0.0538508,0.998449,-0.0140596,-0.0652047,0.994473,0.0822813,11548
0.0539221,0.998445,-0.0140928,-0.0657476,0.994482,0.0817398,11648.4
0.0535556,0.998472,-0.0135432,-0.0663396,0.994441,0.0817484,11748.8
