0,1,0,0,1,0,0.219376
0.00295599,0.999996,-0.000256909,0.0111935,0.999937,0.00107617,100.741
0.00102626,0.999999,-8.68502e-05,0.0130396,0.999915,-0.000354005,201.147
-0.00138517,0.999999,-0.000175404,0.0096219,0.999953,-0.000997126,301.53
-0.00180816,0.999998,0.000456683,0.008061,0.999967,-0.000837122,401.907
4.80862e-05,1,0.000564041,0.00998359,0.99995,-0.000426262,502.619
0.00563792,0.999983,0.00168362,0.0145485,0.999894,3.30896e-05,603.003
0.0170482,0.999843,0.00486322,0.024571,0.999688,0.00446114,703.344
0.0361002,0.999293,0.0105742,0.0425349,0.99903,0.0113868,803.725
0.0603352,0.998062,0.0152412,0.0715797,0.997206,0.021385,904.096
0.0966343,0.995156,0.01811,0.106839,0.993936,0.0260168,1004.48
0.143574,0.98931,0.0255734,0.155617,0.987142,0.0365495,1104.99
0.19499,0.980092,0.037412,0.205274,0.977253,0.0532919,1205.41
0.248546,0.967264,0.0512375,0.262726,0.962145,0.072471,1305.83
0.306529,0.949375,0.0687628,0.306776,0.946794,0.0973161,1406.26
0.370745,0.924906,0.0842517,0.371557,0.920458,0.121254,1506.72
0.435621,0.894644,0.0992348,0.435292,0.887983,0.14835,1607.14
0.49888,0.859202,0.113541,0.495019,0.851005,0.175349,1707.56
0.556634,0.82077,0.12844,0.547469,0.812171,0.201631,1807.99
0.607614,0.781491,0.141698,0.595691,0.769864,0.229045,1908.41
0.653475,0.741118,0.153996,0.645084,0.72334,0.246264,2008.83
0.69733,0.697715,0.164088,0.688798,0.672255,0.271349,2109.26
0.739722,0.6503,0.172981,0.729451,0.618966,0.291173,2209.69
0.784339,0.594914,0.175756,0.760649,0.57217,0.306651,2310.11
0.823252,0.539699,0.176018,0.796786,0.51542,0.315394,2410.54
0.854229,0.488677,0.17745,0.825878,0.458658,0.32796,2510.97
0.880201,0.439112,0.180079,0.848442,0.405088,0.340661,2611.4
0.902613,0.389502,0.183247,0.864723,0.357512,0.352759,2711.84
0.920478,0.342969,0.187333,0.878355,0.309785,0.364041,2812.27
0.934176,0.299729,0.193598,0.887129,0.266512,0.376793,2912.69
0.946166,0.256406,0.197553,0.894212,0.223635,0.38778,3013.14
0.956224,0.215286,0.198215,0.90059,0.183487,0.394045,3113.56
0.964816,0.175308,0.195957,0.906428,0.148968,0.395217,3213.99
0.972031,0.13701,0.190752,0.911801,0.108946,0.395917,3314.44
0.977146,0.102266,0.186355,0.915733,0.0731582,0.395071,3414.93
0.979363,0.0711499,0.189175,0.915634,0.0410139,0.399916,3515.37
0.97962,0.0444117,0.195893,0.912086,0.0146894,0.409737,3615.77
0.978809,0.01944,0.203854,0.906307,-0.008396,0.422537,3716.18
0.978962,-0.000293789,0.204046,0.904973,-0.0296863,0.424432,3816.63
0.979353,-0.0202254,0.201148,0.905561,-0.0507665,0.421168,3917.07
0.979408,-0.0362667,0.198613,0.904435,-0.0683454,0.421103,4017.5
0.979155,-0.0522823,0.196275,0.904725,-0.0828071,0.417872,4117.91
0.977302,-0.0652596,0.201552,0.899417,-0.0962405,0.426367,4218.35
0.976383,-0.0748964,0.202653,0.89783,-0.105354,0.427554,4318.79
0.976152,-0.0812848,0.201302,0.897581,-0.112228,0.426327,4419.21
0.976003,-0.0837739,0.201005,0.89694,-0.115221,0.426877,4519.66
0.976602,-0.0797454,0.199726,0.89784,-0.113594,0.425419,4620.12
0.977763,-0.0675849,0.198527,0.900567,-0.102116,0.422554,4720.54
0.979204,-0.0487118,0.19695,0.903952,-0.084197,0.419265,4820.98
0.980423,-0.0221367,0.195658,0.908481,-0.0600335,0.413592,4921.42
0.98079,0.00733742,0.194932,0.912801,-0.0382754,0.406608,5021.85
0.979803,0.0421467,0.195481,0.915679,-0.00219155,0.401906,5122.3
0.977402,0.0822332,0.194746,0.918059,0.0329607,0.395072,5222.74
0.973379,0.121155,0.194567,0.918426,0.0740798,0.388595,5323.17
0.968061,0.159842,0.193161,0.917878,0.110734,0.381101,5423.6
0.960745,0.200637,0.191615,0.915738,0.146951,0.37394,5524.03
0.952776,0.241007,0.184759,0.914333,0.183465,0.361022,5624.46
0.942364,0.2815,0.180859,0.908569,0.225584,0.35159,5724.94
0.929233,0.324655,0.176426,0.90222,0.265505,0.339865,5825.36
0.911008,0.37268,0.176567,0.892695,0.310062,0.327047,5925.79
0.888462,0.423976,0.17573,0.87705,0.361612,0.31626,6026.22
0.859055,0.481218,0.174514,0.858707,0.413792,0.302322,6126.68
0.827555,0.535922,0.167158,0.835326,0.470867,0.283753,6227.12
0.796205,0.58499,0.154421,0.815468,0.518479,0.25728,6327.54
0.759695,0.634942,0.140408,0.791438,0.565608,0.231764,6427.97
0.721428,0.680099,0.130414,0.76006,0.615531,0.208402,6528.41
0.678131,0.725185,0.119361,0.728495,0.658909,0.187446,6628.9
0.632536,0.767247,0.105988,0.691258,0.704003,0.162919,6729.34
0.583609,0.806923,0.0909824,0.651359,0.746618,0.135255,6829.78
0.534537,0.841517,0.07824,0.609166,0.785168,0.111492,6930.21
0.486704,0.871076,0.0659454,0.567871,0.81847,0.0873538,7030.64
0.439986,0.896374,0.0541142,0.526664,0.847519,0.0658513,7131.06
0.388527,0.92052,0.0411329,0.48644,0.872658,0.0429475,7231.49
0.34456,0.93828,0.0301711,0.448145,0.893611,0.0250093,7331.92
0.301716,0.953127,0.0227591,0.408774,0.912568,0.0111583,7432.4
0.258928,0.965745,0.0171763,0.369212,0.929346,-0.000729093,7532.85
0.218505,0.975699,0.0163974,0.327732,0.944738,-0.0079731,7633.3
0.184049,0.982805,0.0149162,0.291098,0.956562,-0.0159541,7733.74
0.154748,0.987819,0.016363,0.260421,0.965336,-0.0175688,7834.18
0.128603,0.991608,0.0133256,0.239267,0.97069,-0.0226996,7934.73
0.105983,0.994353,0.00575523,0.216663,0.975675,-0.033432,8035.16
0.0855981,0.996326,-0.0032033,0.200211,0.978685,-0.0457576,8135.65
0.0678221,0.997643,-0.0105121,0.183381,0.981568,-0.0538453,8236.08
0.0500681,0.998611,-0.0164853,0.167999,0.98381,-0.0624288,8336.51
0.0345332,0.999253,-0.0174082,0.152375,0.986263,-0.0637928,8436.93
0.0236347,0.999578,-0.0169519,0.142546,0.987711,-0.064106,8537.39
0.0202843,0.999647,-0.0172137,0.141183,0.987884,-0.0644609,8637.81
0.0202749,0.999648,-0.0171996,0.141462,0.987871,-0.0640444,8738.27
0.0220486,0.999614,-0.0169608,0.142909,0.987665,-0.0640098,8838.74
0.0212858,0.999612,-0.018035,0.142671,0.987579,-0.065837,8939.17
0.0200358,0.99963,-0.0184602,0.140411,0.987811,-0.0671987,9039.66
0.0184145,0.999672,-0.0178888,0.139726,0.987909,-0.0671856,9140.16
0.0148706,0.99974,-0.017348,0.136456,0.988347,-0.0674587,9240.61
0.0105522,0.999789,-0.0177191,0.131874,0.988941,-0.0678676,9341.04
0.00890686,0.999788,-0.0186492,0.130833,0.989026,-0.0686401,9441.47
0.00818702,0.99977,-0.019916,0.131159,0.988903,-0.0697855,9541.95
0.00765216,0.99977,-0.020111,0.130276,0.989056,-0.0692659,9642.38
