0,1,0,0,1,0,0.197864
-0.00575375,0.99998,0.00256731,0.00147299,0.999995,0.00272272,100.668
-0.000174954,1,-0.000574401,0.0012171,0.999999,-0.00106259,201.05
-0.000202891,0.999999,-0.000982834,0.00291147,0.999996,-0.000154558,301.684
-0.000919393,0.999999,-0.00103772,0.00299906,0.999995,0.000802971,402.26
-0.00121243,0.999998,-0.00136459,0.00318876,0.999995,-9.1479e-05,502.849
-0.00298364,0.999995,-0.000655705,0.00339701,0.999993,0.00166326,603.432
-0.00136529,0.999997,-0.00219845,0.000563364,0.999999,-0.000751454,704.003
-0.000344341,1,6.93215e-05,-0.0002007,1,0.000386067,804.584
-0.000842474,1,6.43509e-05,-0.00860685,0.999931,0.00800967,905.166
0.0124717,0.999751,-0.018487,-0.0178173,0.999471,0.0272166,1005.75
0.0376679,0.998112,-0.0485117,-0.016696,0.997609,0.0670655,1106.33
0.0756037,0.992684,-0.094142,-0.020175,0.99294,0.116886,1206.91
0.130987,0.979653,-0.152061,-0.0231034,0.983621,0.17876,1307.49
0.199499,0.95442,-0.221998,-0.0238519,0.96727,0.252627,1408.07
0.269406,0.915308,-0.299387,-0.0253469,0.940355,0.339251,1508.68
0.340823,0.856034,-0.388647,-0.0186507,0.882032,0.470821,1609.26
0.409062,0.781398,-0.471261,-0.0197735,0.804283,0.593917,1709.83
0.476375,0.693021,-0.541099,-0.0262984,0.71412,0.699529,1810.4
0.532601,0.600162,-0.596776,-0.0114497,0.60113,0.799069,1910.96
0.579274,0.51499,-0.631844,-0.00769115,0.50672,0.862076,2011.54
0.613347,0.433659,-0.660111,-0.0076421,0.419975,0.907503,2112.12
0.638867,0.363051,-0.678265,-0.0152201,0.348997,0.937,2212.7
0.655042,0.297546,-0.69454,-0.0280978,0.287899,0.957248,2313.27
0.65878,0.232466,-0.71552,-0.0521351,0.220106,0.974081,2413.85
0.664274,0.15555,-0.731125,-0.0710114,0.135437,0.988238,2514.44
0.665814,0.0810193,-0.741706,-0.0766429,0.0485886,0.995874,2615.08
0.668003,0.0144604,-0.744018,-0.0840647,-0.0322239,0.995939,2715.68
0.665191,-0.0422777,-0.745476,-0.094654,-0.103554,0.990109,2816.24
0.65948,-0.084083,-0.747005,-0.103539,-0.1541,0.982615,2916.83
0.651527,-0.115217,-0.749825,-0.11517,-0.185538,0.975864,3017.38
0.646074,-0.135123,-0.751219,-0.121547,-0.204932,0.9712,3117.96
0.643215,-0.142458,-0.752317,-0.120543,-0.212663,0.969661,3218.53
0.642545,-0.136546,-0.753984,-0.118945,-0.207971,0.970876,3319.21
0.637655,-0.121279,-0.760715,-0.115338,-0.191778,0.974637,3419.76
0.636882,-0.0783333,-0.766972,-0.110616,-0.141077,0.983799,3520.36
0.632685,-0.014195,-0.774279,-0.104204,-0.0777689,0.991511,3620.95
0.634408,0.0741735,-0.769432,-0.0914441,0.00463122,0.995799,3721.55
0.6227,0.164257,-0.765026,-0.0804037,0.0901081,0.992681,3822.16
0.606173,0.258581,-0.752123,-0.0745171,0.189799,0.978991,3922.75
0.592338,0.346447,-0.7274,-0.0783879,0.300241,0.950637,4023.33
0.564078,0.447964,-0.693646,-0.0798778,0.405432,0.910629,4123.92
0.536422,0.545586,-0.643885,-0.0727887,0.508223,0.858144,4224.5
0.497539,0.640601,-0.584881,-0.058219,0.597207,0.799972,4325.1
0.451306,0.723617,-0.522208,-0.0481887,0.673988,0.737169,4425.69
0.398897,0.795854,-0.455519,-0.0413282,0.745151,0.665614,4526.26
0.345533,0.851666,-0.394045,-0.0491428,0.810095,0.584235,4626.83
0.295648,0.894795,-0.334566,-0.0593532,0.860932,0.505246,4727.41
0.249102,0.92636,-0.282496,-0.0689125,0.899395,0.431671,4827.97
0.201533,0.950654,-0.235883,-0.0812649,0.927712,0.364343,4928.55
0.161458,0.966719,-0.198458,-0.0998858,0.948603,0.300291,5029.37
0.122454,0.980133,-0.156026,-0.115159,0.965033,0.235476,5130.04
0.0953995,0.987965,-0.121751,-0.126646,0.977019,0.171448,5230.64
0.0790668,0.992485,-0.0933882,-0.133226,0.98329,0.124067,5331.22
0.063528,0.996057,-0.061919,-0.127601,0.988487,0.0813052,5431.8
0.051843,0.997805,-0.0412106,-0.128975,0.990561,0.0464153,5532.37
0.0434167,0.998654,-0.0283888,-0.127467,0.991282,0.0333532,5632.97
0.0340487,0.999211,-0.0204628,-0.130538,0.991162,0.0236328,5733.55
0.0309063,0.999429,-0.0136263,-0.13777,0.990188,0.0233961,5834.12
0.0321316,0.999411,-0.0120632,-0.136007,0.990415,0.0241013,5934.74
0.0331536,0.999341,-0.0147715,-0.134023,0.990716,0.0227717,6035.32
0.0325231,0.99932,-0.0173487,-0.134079,0.990705,0.0229253,6135.89
0.0357404,0.999064,-0.0243718,-0.137265,0.990061,0.0306101,6236.46
0.0542781,0.997336,-0.0487217,-0.144203,0.987949,0.0562349,6337.11
0.0944911,0.991411,-0.090417,-0.156997,0.982963,0.0955779,6437.69
0.151503,0.976348,-0.154242,-0.151399,0.973457,0.171641,6538.26
0.213175,0.950264,-0.227056,-0.143298,0.949807,0.278086,6638.84
0.274994,0.911851,-0.304806,-0.133947,0.914973,0.380634,6739.4
0.340689,0.860652,-0.378431,-0.138826,0.869445,0.474123,6839.97
0.400284,0.800567,-0.445943,-0.142878,0.810141,0.568558,6940.55
0.452441,0.733528,-0.507183,-0.149895,0.742343,0.653037,7041.12
0.497399,0.661822,-0.56088,-0.159026,0.669904,0.725216,7141.72
0.538129,0.58505,-0.606741,-0.170786,0.593528,0.786484,7242.3
0.572178,0.502344,-0.648277,-0.184768,0.517454,0.835525,7342.86
0.599914,0.420496,-0.680651,-0.198737,0.439493,0.875985,7443.43
0.621313,0.331446,-0.71001,-0.212704,0.348511,0.912851,7544.03
0.63598,0.247598,-0.730907,-0.229636,0.262931,0.937088,7644.65
0.648145,0.16253,-0.74397,-0.244616,0.173423,0.953985,7745.28
0.660932,0.0760292,-0.746584,-0.251002,0.0793988,0.964725,7845.91
0.672577,0.00875728,-0.739975,-0.261393,0.0174432,0.965075,7946.58
0.674564,-0.065057,-0.735344,-0.258084,-0.065455,0.963903,8047.25
0.672105,-0.119969,-0.730673,-0.262418,-0.118144,0.957695,8147.9
0.673098,-0.157368,-0.722617,-0.275396,-0.153304,0.949029,8248.52
0.674388,-0.190006,-0.713512,-0.264015,-0.19117,0.945384,8349.18
0.674921,-0.207091,-0.708233,-0.263372,-0.213191,0.940843,8449.81
0.672193,-0.214334,-0.708673,-0.266531,-0.221195,0.938102,8550.43
0.672202,-0.208126,-0.710512,-0.264105,-0.210633,0.941214,8651.07
0.676099,-0.193528,-0.710941,-0.258583,-0.186438,0.947828,8751.74
0.678821,-0.164408,-0.715662,-0.250372,-0.156741,0.955378,8852.4
0.677437,-0.125908,-0.724725,-0.249173,-0.100982,0.963181,8953.09
0.673472,-0.0584119,-0.736901,-0.256969,-0.0256704,0.96608,9053.72
0.667928,0.0250919,-0.743803,-0.253077,0.0504042,0.966133,9154.36
0.66005,0.129667,-0.739947,-0.236152,0.158966,0.958626,9254.99
0.645352,0.247351,-0.72273,-0.230358,0.269811,0.934954,9355.67
0.624231,0.371135,-0.687455,-0.235119,0.370843,0.898441,9456.4
0.612467,0.475874,-0.631212,-0.243661,0.448971,0.859684,9557.01
0.573737,0.578828,-0.579469,-0.217814,0.535441,0.816004,9657.62
0.529046,0.669182,-0.52183,-0.208073,0.617061,0.758909,9758.02
0.471047,0.754228,-0.457446,-0.204683,0.705608,0.678398,9858.38
0.407601,0.825071,-0.391306,-0.209838,0.782077,0.586793,9958.79
0.341011,0.8816,-0.326334,-0.223746,0.842392,0.49022,10059.2
0.28235,0.92115,-0.267884,-0.239781,0.889097,0.38989,10159.6
0.229856,0.948884,-0.216303,-0.250359,0.919528,0.302971,10260
0.182439,0.968784,-0.167853,-0.265575,0.938321,0.22142,10360.4
0.146951,0.981185,-0.125231,-0.286806,0.946383,0.148675,10460.8
0.11434,0.989861,-0.0842708,-0.291594,0.953174,0.0802116,10561.1
0.0864996,0.994746,-0.0547549,-0.299022,0.953837,0.0279792,10661.5
0.0658632,0.997294,-0.032678,-0.304396,0.952547,-0.000253569,10761.9
0.0548715,0.998226,-0.0231235,-0.310138,0.950293,-0.0275574,10862.3
0.0510497,0.998509,-0.0193648,-0.307724,0.951002,-0.0300688,10962.7
0.0522155,0.998507,-0.016036,-0.305902,0.951394,-0.0357324,11063.1
0.0506829,0.998642,-0.0120761,-0.302015,0.952852,-0.0293634,11163.5
0.0509151,0.998609,-0.013747,-0.304148,0.952066,-0.0326552,11263.9
0.0559273,0.998326,-0.0147548,-0.307626,0.950884,-0.0344857,11364.3
0.0733856,0.996528,-0.0393469,-0.314979,0.948769,-0.0250593,11464.7
0.106825,0.990167,-0.0903223,-0.315967,0.948237,0.0318577,11565.1
0.157184,0.974527,-0.159973,-0.322181,0.940911,0.104352,11665.5
0.228273,0.946034,-0.230029,-0.334444,0.923113,0.189769,11765.9
0.289191,0.90325,-0.317032,-0.347862,0.895598,0.277306,11866.2
0.351499,0.845076,-0.402859,-0.36215,0.849948,0.382673,11966.6
0.412592,0.77526,-0.478268,-0.366706,0.799212,0.476224,12067
0.483046,0.686798,-0.543118,-0.377854,0.732949,0.565698,12167.4
0.549888,0.594123,-0.587062,-0.392095,0.698322,0.598842,12267.8
0.604404,0.494159,-0.624904,-0.40045,0.618892,0.675733,12368.2
0.629483,0.432542,-0.645493,-0.392863,0.535818,0.747369,12468.6
0.65574,0.344421,-0.671849,-0.414215,0.460188,0.785274,12569
0.672152,0.247292,-0.697897,-0.430599,0.34941,0.832166,12669.4
0.685843,0.15109,-0.711895,-0.441957,0.245921,0.86267,12769.8
0.695754,0.0407131,-0.717127,-0.457347,0.135367,0.878927,12870.2
0.700743,-0.0585103,-0.711012,-0.47143,0.0768875,0.878547,12970.6
0.69763,-0.130828,-0.704414,-0.485886,0.00111634,0.874023,13071.4
0.68789,-0.182936,-0.702385,-0.478367,-0.0818996,0.874335,13172.1
0.676993,-0.218594,-0.702779,-0.477039,-0.117275,0.871024,13272.8
0.676294,-0.249586,-0.693063,-0.489694,-0.126792,0.862628,13373.2
0.678869,-0.276385,-0.680257,-0.482409,-0.120502,0.86762,13473.6
0.680537,-0.285228,-0.67492,-0.471346,-0.169101,0.865586,13574
0.687657,-0.275485,-0.671743,-0.466024,-0.16471,0.869307,13674.5
0.693634,-0.244623,-0.67752,-0.455911,-0.144518,0.878215,13774.9
0.700302,-0.192146,-0.687502,-0.448843,-0.103446,0.887604,13875.3
0.702125,-0.123614,-0.701243,-0.443224,-0.0476485,0.895145,13975.7
0.697543,-0.022428,-0.716193,-0.426363,0.0175094,0.904383,14076.2
0.687108,0.0911637,-0.720815,-0.392722,0.101754,0.914012,14176.6
0.672822,0.204938,-0.710853,-0.380743,0.211618,0.900141,14277
0.649102,0.32697,-0.686847,-0.374656,0.324686,0.868455,14377.4
0.608199,0.45923,-0.64746,-0.366835,0.430871,0.82449,14477.9
0.560217,0.579172,-0.592214,-0.369566,0.551071,0.74816,14578.3
0.503621,0.690161,-0.519659,-0.378108,0.65235,0.656868,14678.7
0.442742,0.778675,-0.444575,-0.396346,0.736845,0.547695,14779.1
0.377341,0.850413,-0.366624,-0.402391,0.793667,0.456263,14879.5
0.315993,0.90029,-0.29938,-0.416573,0.834295,0.361139,14980
0.260878,0.936463,-0.234483,-0.406469,0.84993,0.335265,15080.4
0.21049,0.960903,-0.179892,-0.404149,0.872679,0.274038,15180.9
0.176097,0.976708,-0.122608,-0.419107,0.886677,0.195333,15281.3
0.140794,0.98731,-0.0734723,-0.419075,0.900807,0.11369,15381.8
0.113653,0.992594,-0.0429187,-0.434548,0.900004,0.0341004,15482.2
0.0917315,0.995477,-0.0247718,-0.445882,0.89506,-0.0076472,15582.7
0.0804464,0.996617,-0.0169016,-0.45362,0.890828,-0.0256374,15683.1
0.0751852,0.997043,-0.0159517,-0.452877,0.891169,-0.0268805,15783.5
0.0738683,0.997103,-0.0181921,-0.455716,0.889514,-0.0330165,15883.9
0.0767849,0.996813,-0.0216667,-0.457583,0.88881,-0.0252571,15984.3
0.0936816,0.99456,-0.0455696,-0.463223,0.885677,-0.0316972,16084.7
0.131211,0.985706,-0.105687,-0.475168,0.879884,0.00468613,16185.1
0.188895,0.963184,-0.191305,-0.486914,0.869055,0.0875311,16285.6
0.255309,0.926179,-0.277513,-0.490806,0.850046,0.19114,16386
0.326772,0.871721,-0.365137,-0.493921,0.823385,0.279431,16486.5
0.405806,0.795537,-0.449939,-0.504149,0.773057,0.384993,16586.9
0.485145,0.697145,-0.527849,-0.509934,0.710785,0.484516,16687.3
0.550064,0.58836,-0.592676,-0.515087,0.646431,0.562863,16787.7
0.603046,0.475571,-0.640446,-0.527779,0.554867,0.643098,16888.3
0.645603,0.363297,-0.671724,-0.535082,0.45666,0.710741,16988.9
0.683592,0.249221,-0.685998,-0.546952,0.373985,0.748988,17089.3
0.705567,0.140695,-0.694538,-0.553447,0.269004,0.788249,17189.7
0.714873,0.0386646,-0.698186,-0.564638,0.176858,0.80617,17290.2
0.714099,-0.0613472,-0.697354,-0.575027,0.0948545,0.812619,17390.6
0.707284,-0.141348,-0.692656,-0.59356,0.0480959,0.803353,17491
0.69645,-0.208523,-0.686642,-0.610638,-0.0183164,0.7917,17591.4
0.684003,-0.256617,-0.682854,-0.615868,-0.0373943,0.786963,17691.8
0.67231,-0.290729,-0.680793,-0.623139,-0.0329123,0.78142,17792.3
0.660726,-0.309849,-0.683694,-0.639001,-0.0454694,0.767863,17892.7
0.636753,-0.323396,-0.699973,-0.646109,-0.0440343,0.761976,17993.1
0.626931,-0.320586,-0.71006,-0.677022,-0.0485841,0.734359,18093.5
0.627789,-0.301998,-0.717413,-0.678099,-0.0261112,0.734508,18194
0.62862,-0.266457,-0.730644,-0.650107,-0.0152776,0.759691,18294.4
0.634921,-0.22284,-0.739744,-0.639788,0.0391186,0.767557,18394.8
0.64121,-0.16458,-0.74951,-0.632965,0.108822,0.766496,18495.2
0.653211,-0.079752,-0.752966,-0.628519,0.145104,0.764142,18595.7
0.660278,0.0222929,-0.750692,-0.605411,0.201327,0.770032,18696.1
0.662619,0.135959,-0.736515,-0.579845,0.260633,0.771916,18796.5
0.65558,0.256997,-0.71005,-0.555801,0.336353,0.760235,18896.9
0.636497,0.373713,-0.674695,-0.542857,0.436373,0.717558,18997.3
0.600269,0.489803,-0.632276,-0.53644,0.526906,0.659247,19097.8
0.551862,0.593153,-0.586193,-0.546272,0.595021,0.589526,19198.2
0.491314,0.690814,-0.530463,-0.561877,0.655247,0.504927,19298.7
0.428458,0.774354,-0.465623,-0.575108,0.703586,0.417401,19399.1
0.364798,0.841996,-0.397453,-0.585863,0.743403,0.32268,19499.5
0.304135,0.893679,-0.329914,-0.592575,0.772691,0.227614,19599.9
0.242397,0.936003,-0.255236,-0.598853,0.787116,0.147743,19700.3
0.182297,0.967492,-0.175305,-0.603728,0.794053,0.0706831,19800.7
0.124317,0.988072,-0.0908968,-0.59979,0.800145,-0.00494711,19901.1
0.0685769,0.997645,-0.00214138,-0.600112,0.797012,-0.0681267,20001.6
0.0163935,0.995906,0.0889224,-0.598566,0.791445,-0.123847,20102
-0.0314308,0.983022,0.180788,-0.580676,0.796966,-0.166331,20202.4
-0.0750582,0.958842,0.273849,-0.576997,0.794608,-0.188884,20302.8
-0.112997,0.924144,0.364958,-0.579108,0.788656,-0.206543,20403.2
-0.145317,0.878966,0.454208,-0.574906,0.789211,-0.215951,20503.6
-0.171273,0.824366,0.539528,-0.576503,0.787253,-0.218821,20604
-0.190766,0.76061,0.620552,-0.580335,0.782537,-0.225504,20704.4
-0.203423,0.688859,0.695771,-0.581646,0.78265,-0.221703,20804.9
-0.209139,0.609311,0.764856,-0.583779,0.78488,-0.207776,20905.3
-0.207755,0.524258,0.82583,-0.586778,0.79173,-0.169885,21005.7
-0.199348,0.43406,0.878554,-0.599585,0.794734,-0.0943428,21106.1
-0.184085,0.340339,0.92211,-0.609032,0.793012,0.0147388,21206.5
-0.161935,0.243198,0.956366,-0.614303,0.773229,0.157334,21306.8
-0.133603,0.145672,0.980272,-0.606796,0.739137,0.292368,21407.2
-0.098916,0.0471611,0.99398,-0.599365,0.693738,0.399366,21507.6
-0.0590358,-0.0490645,0.997051,-0.591375,0.63717,0.494261,21607.9
-0.0138038,-0.143469,0.989561,-0.585864,0.580815,0.565174,21708.3
0.0359302,-0.234131,0.971543,-0.581613,0.502962,0.639343,21808.8
0.0892236,-0.319428,0.943403,-0.574253,0.456222,0.679779,21909.1
0.146027,-0.399246,0.905142,-0.570293,0.411726,0.710811,22009.5
0.205062,-0.471722,0.857573,-0.561945,0.31993,0.762801,22109.9
0.265732,-0.536156,0.801204,-0.5803,0.226751,0.782202,22210.3
0.327211,-0.591665,0.736797,-0.603646,0.155125,0.782018,22310.8
0.388505,-0.637399,0.665425,-0.627872,0.0769442,0.774507,22411.2
0.449441,-0.673166,0.587243,-0.643224,0.0210764,0.765391,22511.6
0.50871,-0.698101,0.503858,-0.647254,-0.0179203,0.762067,22612
0.564852,-0.711796,0.417483,-0.653019,-0.0499415,0.755696,22712.4
0.618359,-0.714449,0.327412,-0.647922,-0.0867581,0.756753,22812.7
0.668231,-0.705805,0.235182,-0.642313,-0.101569,0.759685,22913.1
0.713306,-0.686116,0.142978,-0.633525,-0.0876807,0.768741,23013.5
0.753435,-0.655532,0.0511661,-0.627791,-0.0838168,0.773859,23113.9
0.788073,-0.614342,-0.0391002,-0.615087,-0.0602298,0.786158,23214.2
0.81661,-0.56321,-0.126276,-0.602335,-0.0228834,0.797918,23314.6
0.838752,-0.502595,-0.209515,-0.58694,0.00737927,0.8096,23415
0.854079,-0.433641,-0.287242,-0.572389,0.0900313,0.815027,23515.4
0.862453,-0.357205,-0.358585,-0.560067,0.153748,0.814058,23615.7
0.86381,-0.275015,-0.422141,-0.559525,0.254568,0.788753,23716.1
0.858148,-0.18649,-0.478339,-0.559715,0.326374,0.76171,23816.5
0.845429,-0.0932899,-0.525881,-0.547872,0.387841,0.741228,23916.8
0.826003,0.00229314,-0.563663,-0.539343,0.455174,0.70847,24017.3
0.80014,0.099413,-0.59152,-0.535076,0.523065,0.663401,24117.6
0.767845,0.197876,-0.609312,-0.531283,0.576575,0.620728,24218
0.729823,0.295379,-0.616533,-0.52447,0.635551,0.566578,24318.4
0.68624,0.391408,-0.613088,-0.526871,0.691867,0.493691,24418.8
0.638246,0.483461,-0.599091,-0.532784,0.735318,0.41887,24519.2
0.586107,0.571135,-0.574706,-0.539267,0.766477,0.348868,24619.6
0.530646,0.65305,-0.540318,-0.548889,0.792258,0.266558,24719.9
0.472345,0.728472,-0.496208,-0.56363,0.808269,0.170374,24820.3
0.412205,0.796078,-0.443114,-0.582131,0.80937,0.0777754,24920.7
0.351602,0.854497,-0.382378,-0.58087,0.813788,0.018558,25021.1
0.289559,0.904559,-0.31294,-0.585896,0.808707,-0.0521882,25121.4
0.228544,0.944132,-0.237457,-0.596192,0.795907,-0.105318,25221.8
0.169159,0.973033,-0.156829,-0.60064,0.78912,-0.128553,25322.2
0.111048,0.991314,-0.0704829,-0.602746,0.787148,-0.130772,25422.6
0.0566326,0.998235,0.0179683,-0.604382,0.784255,-0.140256,25523.1
0.00514902,0.993951,0.109723,-0.607728,0.780938,-0.144253,25623.5
-0.0419731,0.978414,0.202355,-0.613601,0.775369,-0.149343,25723.9
