4.29614,-1.8,0.279765
8.92956,-3.6,0.279765
13.2464,-5.4,0.285305
17.4961,-7.2,1.11345
21.7474,-9,2.05435
25.9626,-10.8,2.99527
30.173,-12.6,4.59799
34.3872,-14.4,6.22299
38.5958,-16.2,7.85371
42.8067,-18,9.48883
47.0854,-19.8,11.5705
51.3003,-21.6,13.6844
55.5169,-23.4,15.7674
59.7285,-25.2,17.8223
63.9794,-27,19.8967
68.1996,-28.8,21.9561
72.4138,-30.6,24.0134
76.6303,-32.4,26.0415
80.8434,-34.2,28.0682
85.061,-36,30.0966
89.2718,-37.8,32.1128
93.4851,-39.6,34.1298
97.7015,-41.4,36.1485
101.917,-43.2,38.1668
106.132,-45,40.0266
110.348,-46.8,41.8867
114.596,-48.6,43.7607
118.81,-50.4,45.6208
123.051,-52.2,47.3927
127.269,-54,49.1551
131.482,-55.8,50.9152
135.7,-57.6,52.6912
139.912,-59.4,54.4651
144.13,-61.2,56.2413
148.341,-63,58.0066
152.555,-64.8,59.7736
156.773,-66.6,61.5423
160.986,-68.4,63.3092
165.205,-70.2,65.1418
169.415,-72,66.9718
173.629,-73.8,68.8026
177.846,-75.6,70.6349
182.061,-77.4,72.5033
186.277,-79.2,74.3729
190.49,-81,76.2407
194.705,-82.8,78.097
198.917,-84.6,79.9509
203.128,-86.4,81.8059
207.344,-88.2,83.6621
211.559,-90,85.5043
215.804,-91.8,87.3597
220.02,-93.6,89.2019
224.261,-95.4,90.8873
228.474,-97.2,92.5613
232.688,-99,94.2359
236.904,-100.8,95.9115
241.115,-102.6,97.5342
245.331,-104.4,99.1586
249.541,-106.2,100.781
253.752,-108,102.403
257.968,-109.8,103.995
262.181,-111.6,105.585
266.396,-113.4,107.176
270.608,-115.2,108.768
274.823,-117,110.362
279.083,-118.8,111.953
283.295,-120.6,113.565
287.511,-122.4,115.384
291.722,-124.2,117.202
295.938,-126,119.021
300.149,-127.8,120.945
304.364,-129.6,122.871
308.572,-131.4,124.793
312.786,-133.2,126.718
317.031,-135,128.445
321.245,-136.8,130.159
325.489,-138.6,131.886
329.701,-140.4,133.688
333.914,-142.2,135.49
338.13,-144,137.294
342.342,-145.8,139.096
346.558,-147.6,140.909
350.77,-149.4,142.72
354.985,-151.2,144.532
359.195,-153,146.324
363.407,-154.8,148.116
367.622,-156.6,149.91
371.834,-158.4,151.703
376.05,-160.2,153.521
380.262,-162,155.337
384.477,-163.8,157.155
388.687,-165.6,158.97
392.899,-167.4,160.799
397.115,-169.2,162.629
401.327,-171,164.458
405.542,-172.8,166.264
409.755,-174.6,168.07
414.037,-176.4,169.906
418.249,-178.2,171.711
422.461,-180,173.526
426.702,-181.8,175.353
430.914,-183.6,177.168
435.131,-185.4,178.991
439.341,-187.2,180.811
443.552,-189,182.631
447.768,-190.8,184.454
451.979,-192.6,186.269
456.195,-194.4,188.086
460.407,-196.2,189.901
464.623,-198,191.721
468.832,-199.8,193.539
473.043,-201.6,195.358
477.258,-203.4,197.178
481.469,-205.2,198.986
485.684,-207,200.796
489.896,-208.8,202.604
494.112,-210.6,204.425
498.321,-212.4,206.243
502.534,-214.2,208.062
506.749,-216,209.883
510.962,-217.8,211.701
515.208,-219.6,213.532
519.421,-221.4,215.349
523.633,-223.2,217.166
527.85,-225,219.001
532.061,-226.8,220.833
536.277,-228.6,222.667
540.489,-230.4,224.43
544.705,-232.2,226.195
548.915,-234,227.958
553.129,-235.8,229.722
557.345,-237.6,231.539
561.558,-239.4,233.354
565.774,-241.2,235.17
569.985,-243,237.05
574.202,-244.8,238.933
578.413,-246.6,240.813
582.625,-248.4,242.694
586.842,-250.2,244.552
591.054,-252,246.409
595.271,-253.8,248.267
599.481,-255.6,250.123
603.696,-257.4,251.97
607.913,-259.2,253.817
612.131,-261,255.665
616.377,-262.8,257.526
620.591,-264.6,259.374
624.809,-266.4,261.223
629.046,-268.2,263.092
633.26,-270,264.951
637.476,-271.8,266.811
641.688,-273.6,268.669
645.905,-275.4,270.534
650.118,-277.2,272.396
654.334,-279,274.26
658.544,-280.8,276.122
662.757,-282.6,277.999
666.973,-284.4,279.879
671.186,-286.2,281.756
675.404,-288,283.653
679.615,-289.8,285.548
683.827,-291.6,287.442
688.043,-293.4,289.339
692.257,-295.2,291.246
696.473,-297,293.154
700.685,-298.8,295.061
704.901,-300.6,296.998
709.111,-302.4,298.931
713.324,-304.2,300.866
717.569,-306,302.816
721.785,-307.8,304.749
726.002,-309.6,306.682
730.241,-311.4,308.625
734.461,-313.2,310.577
738.674,-315,312.527
742.889,-316.8,314.476
747.106,-318.6,316.428
751.319,-320.4,318.366
755.537,-322.2,320.305
759.747,-324,322.241
764,-325.8,324.196
768.214,-327.6,326.154
772.428,-329.4,328.113
776.646,-331.2,330.074
780.86,-333,332.02
785.077,-334.8,333.968
789.34,-336.6,335.937
793.554,-338.4,337.883
797.771,-340.2,339.829
801.984,-342,341.774
806.202,-343.8,343.719
810.415,-345.6,345.674
814.66,-347.4,347.643
818.873,-349.2,349.596
823.087,-351,351.546
827.305,-352.8,353.507
831.545,-354.6,355.466
835.764,-356.4,357.373
839.978,-358.2,358.968
844.195,-360,358.214
848.41,-361.8,356.357
852.623,-363.6,354.405
856.842,-365.4,352.429
861.055,-367.2,350.445
865.272,-369,348.457
869.485,-370.8,346.463
873.698,-372.6,344.467
877.916,-374.4,342.468
882.127,-376.199,340.471
886.347,-377.999,338.49
890.561,-379.799,336.512
894.78,-381.599,334.532
898.992,-383.399,332.553
903.206,-385.199,330.58
907.423,-386.999,328.605
911.639,-388.799,326.631
915.886,-390.599,324.676
920.102,-392.399,322.735
924.321,-394.199,320.792
928.533,-395.999,318.853
932.749,-397.799,317.132
936.967,-399.599,315.409
941.181,-401.399,313.688
945.399,-403.199,312
949.611,-404.999,310.314
953.824,-406.799,308.628
958.041,-408.599,306.941
962.254,-410.399,305.091
966.47,-412.199,303.24
970.682,-413.999,301.391
974.899,-415.799,299.616
979.112,-417.599,297.843
983.325,-419.399,296.07
987.543,-421.199,294.295
991.757,-422.999,292.437
995.975,-424.799,290.578
1000.19,-426.599,288.72
1004.41,-428.399,286.902
1008.62,-430.199,285.088
1012.83,-431.999,283.273
1017.08,-433.799,281.443
1021.29,-435.599,279.58
1025.51,-437.399,277.715
1029.75,-439.199,275.842
1034.01,-440.999,273.961
1038.22,-442.799,272.136
1042.43,-444.599,270.31
1046.65,-446.399,268.484
1050.86,-448.199,266.834
1055.08,-449.999,265.183
1059.29,-451.799,263.534
1063.51,-453.599,261.884
1067.73,-455.399,260.264
1071.94,-457.199,258.645
1076.16,-458.999,257.025
1080.37,-460.799,255.513
1084.59,-462.599,254
1088.8,-464.399,252.489
1093.01,-466.199,250.978
1097.23,-467.999,249.356
1101.45,-469.799,247.736
1105.66,-471.599,246.114
1109.88,-473.399,244.494
1114.1,-475.199,242.931
1118.34,-476.999,241.359
1122.56,-478.799,239.797
1126.78,-480.599,238.139
1130.99,-482.399,236.485
1135.21,-484.199,234.828
1139.42,-485.999,233.308
1143.63,-487.799,231.787
1147.85,-489.599,230.265
1152.06,-491.399,228.744
1156.28,-493.199,227.202
1160.5,-494.999,225.661
1164.71,-496.799,224.118
1168.92,-498.599,222.578
1173.14,-500.399,221.072
1177.36,-502.199,219.565
1181.57,-503.999,218.059
1185.79,-505.799,216.56
1190,-507.599,215.063
1194.22,-509.399,213.563
1198.43,-511.199,212.065
1202.64,-512.999,210.517
1206.86,-514.799,208.966
1211.08,-516.599,207.416
1215.32,-518.399,205.767
1219.54,-520.199,204.13
1223.75,-521.999,202.494
1227.97,-523.799,200.856
1232.21,-525.599,198.974
1236.43,-527.398,197.101
1240.64,-529.198,195.23
1244.86,-530.998,193.357
1249.07,-532.798,191.481
1253.29,-534.598,189.604
1257.5,-536.398,187.725
1261.72,-538.198,185.923
1265.93,-539.998,184.119
1270.15,-541.798,182.316
1274.37,-543.598,180.512
1278.58,-545.398,178.709
1282.79,-547.198,176.905
1287.01,-548.998,175.099
1291.22,-550.798,173.302
1295.44,-552.598,171.504
1299.65,-554.398,169.707
1303.86,-556.198,167.91
1308.08,-557.998,166.114
1312.3,-559.798,164.319
1316.54,-561.598,162.51
1320.76,-563.398,160.713
1324.98,-565.198,158.915
1329.19,-566.998,157.119
1333.43,-568.798,155.313
1337.65,-570.598,153.527
1341.86,-572.398,151.745
1346.08,-574.198,149.96
1350.3,-575.998,148.178
1354.51,-577.798,146.386
1358.73,-579.598,144.597
1362.94,-581.398,142.806
1367.16,-583.198,141.051
1371.37,-584.998,139.298
1375.59,-586.798,137.544
1379.82,-588.598,135.671
1384.04,-590.398,133.805
1388.25,-592.198,131.941
1392.46,-593.998,130.077
1396.68,-595.798,128.229
1400.9,-597.598,126.382
1405.11,-599.398,124.533
1409.33,-601.198,122.687
1413.54,-602.998,120.878
1417.79,-604.798,119.055
1422.05,-606.598,117.231
1426.38,-608.398,115.383
1430.6,-610.198,113.584
1434.85,-611.998,111.772
1439.06,-613.798,109.979
1443.27,-615.598,108.174
1447.5,-617.398,106.364
1451.71,-619.198,104.558
1455.92,-620.998,102.737
1460.13,-622.798,100.918
1464.35,-624.598,99.0931
1468.57,-626.398,97.2719
1472.78,-628.198,95.4235
1476.99,-629.998,93.5751
1481.21,-631.798,91.7267
1485.42,-633.598,89.8748
1489.64,-635.398,87.9829
1493.92,-637.198,86.0614
1498.14,-638.998,84.1667
1502.35,-640.798,82.251
1506.57,-642.598,80.3337
1510.79,-644.398,78.4183
1515.01,-646.198,76.4593
1519.25,-647.998,74.4893
1523.47,-649.798,72.5321
1527.69,-651.598,70.5737
1531.91,-653.398,68.6112
1536.16,-655.198,66.6355
1540.38,-656.998,64.6742
1544.6,-658.798,62.7117
1548.81,-660.598,60.744
1553.03,-662.398,58.7762
1557.25,-664.198,56.8061
1561.46,-665.998,54.8399
1565.68,-667.798,52.8711
1569.9,-669.598,50.9055
1574.11,-671.398,48.9411
1578.31,-673.198,46.9873
1582.53,-674.997,45.03
1586.75,-676.797,43.0694
1590.96,-678.597,41.0955
1595.18,-680.397,39.1203
1599.39,-682.197,37.148
1603.6,-683.997,35.1747
1607.82,-685.797,33.2086
1612.04,-687.597,31.2432
1616.29,-689.397,29.2629
1620.51,-691.197,27.2978
1624.73,-692.997,25.3047
1628.94,-694.797,23.3163
1633.15,-696.597,21.3276
1637.37,-698.397,19.3387
1641.59,-700.197,17.3522
1645.8,-701.997,15.3648
1650.02,-703.797,13.3465
1654.23,-705.597,11.3284
1658.45,-707.397,9.31633
1662.66,-709.197,7.31086
1666.87,-710.997,5.32204
1671.08,-712.797,3.37242
1675.3,-714.597,1.59933
1679.51,-716.397,1.3774
1683.72,-718.197,3.07114
1687.94,-719.997,5.01826
1692.15,-721.797,7.00929
1696.36,-723.597,9.0023
1700.58,-725.397,11.0007
1704.79,-727.197,13.0047
1709,-728.997,15.0081
1713.22,-730.797,17.0078
1717.47,-732.597,19.0233
1721.68,-734.397,21.0241
1725.9,-736.197,22.9727
1730.12,-737.997,24.9195
1734.36,-739.797,26.8797
1738.57,-741.597,28.8267
1742.79,-743.397,30.6601
1747,-745.197,32.4951
1751.22,-746.997,34.3282
1755.44,-748.797,36.0943
1759.65,-750.597,37.8575
1763.86,-752.397,39.6212
1768.08,-754.197,41.3869
1772.3,-755.997,43.0254
1776.51,-757.797,44.666
1780.73,-759.597,46.3053
1784.95,-761.397,47.9469
1789.16,-763.197,49.6317
1793.37,-764.997,51.318
1797.59,-766.797,53.0052
1801.8,-768.597,54.741
1806.02,-770.397,56.4781
1810.23,-772.197,58.2136
1814.45,-773.997,59.9515
1818.69,-775.797,61.7354
1822.91,-777.597,63.5092
1827.13,-779.397,65.2837
1831.34,-781.197,67.078
1835.59,-782.997,68.8848
1839.83,-784.797,70.6921
1844.05,-786.597,72.4893
1848.27,-788.397,74.3687
1852.48,-790.197,76.2487
1856.7,-791.997,78.1301
1860.91,-793.797,79.9513
1865.13,-795.597,81.7745
1869.34,-797.397,83.5949
1873.56,-799.197,85.4164
1877.78,-800.997,87.2103
1881.99,-802.797,89.0023
1886.21,-804.597,90.7958
1890.43,-806.397,92.5484
1894.64,-808.197,94.3016
1898.86,-809.997,96.0526
1903.07,-811.797,97.804
1907.29,-813.597,99.4304
1911.5,-815.397,101.055
1915.72,-817.197,102.681
1919.96,-818.997,104.316
1924.18,-820.797,105.899
1928.4,-822.596,107.478
1932.61,-824.396,109.057
1936.85,-826.196,110.651
1941.07,-827.996,112.236
1945.29,-829.796,113.821
1949.5,-831.596,115.405
1953.72,-833.396,116.896
1957.94,-835.196,118.389
1962.15,-836.996,119.881
1966.37,-838.796,121.395
1970.58,-840.596,122.909
1974.8,-842.396,124.424
1979.01,-844.196,125.937
1983.22,-845.996,127.512
1987.44,-847.796,129.089
1991.66,-849.596,130.665
1995.87,-851.396,132.21
2000.09,-853.196,133.752
2004.31,-854.996,135.296
2008.52,-856.796,136.838
2012.74,-858.596,138.301
2016.98,-860.396,139.775
2021.2,-862.196,141.238
2025.42,-863.996,142.689
2029.63,-865.796,144.137
2033.85,-867.596,145.586
2038.09,-869.396,147.045
2042.31,-871.196,148.542
2046.53,-872.996,150.039
2050.74,-874.796,151.536
2054.96,-876.596,153.033
2059.17,-878.396,154.708
2063.38,-880.196,156.384
2067.6,-881.996,158.061
2071.82,-883.796,160.028
2076.03,-885.596,161.996
2080.25,-887.396,163.962
2084.47,-889.196,165.93
2088.68,-890.996,167.747
2092.89,-892.796,169.564
2097.11,-894.596,171.384
2101.32,-896.396,173.159
2105.54,-898.196,174.937
2109.75,-899.996,176.712
2114.01,-901.796,178.505
2118.25,-903.596,180.304
2122.47,-905.396,182.093
2126.69,-907.196,183.883
2130.9,-908.996,185.671
2135.12,-910.796,187.451
2139.36,-912.596,189.241
2143.57,-914.396,191.021
2147.79,-916.196,192.811
2152.01,-917.996,194.6
2156.22,-919.796,196.391
2160.44,-921.596,198.183
2164.66,-923.396,199.977
2168.87,-925.196,201.768
2173.08,-926.996,203.56
2177.3,-928.796,205.374
2181.52,-930.596,207.185
2185.74,-932.396,208.999
2189.95,-934.196,210.811
2194.21,-935.996,212.669
2198.42,-937.796,214.508
2202.64,-939.596,216.347
2206.85,-941.396,218.169
2211.07,-943.196,219.989
2215.29,-944.996,221.812
2219.53,-946.796,223.644
2223.75,-948.596,225.45
2227.97,-950.396,227.258
2232.19,-952.196,229.063
2236.41,-953.996,230.864
2240.65,-955.796,232.675
2244.87,-957.596,234.476
2249.08,-959.396,236.274
2253.3,-961.196,238.078
2257.52,-962.996,239.883
2261.73,-964.796,241.688
2265.95,-966.596,243.493
2270.17,-968.396,245.305
2274.38,-970.195,247.119
2278.6,-971.995,248.931
2282.81,-973.795,250.74
2287.03,-975.595,252.551
2291.24,-977.395,254.361
2295.46,-979.195,256.177
2299.68,-980.995,257.991
2303.89,-982.795,259.805
2308.11,-984.595,261.621
2312.32,-986.395,263.439
2316.54,-988.195,265.259
2320.78,-989.995,267.089
2325.01,-991.795,268.909
2329.22,-993.595,270.749
2333.43,-995.395,272.59
2337.65,-997.195,274.433
2341.89,-998.995,276.282
2346.11,-1000.8,278.122
2350.33,-1002.6,279.96
2354.54,-1004.4,281.799
2358.76,-1006.2,283.627
2362.97,-1008,285.455
2367.19,-1009.8,287.286
2371.4,-1011.6,289.116
2375.62,-1013.4,290.949
2379.84,-1015.2,292.779
2384.05,-1017,294.612
2388.27,-1018.8,296.439
2392.48,-1020.6,298.267
2396.7,-1022.4,300.097
2400.91,-1024.2,301.941
2405.13,-1026,303.786
2409.34,-1027.8,305.63
2413.56,-1029.6,307.475
2417.81,-1031.4,309.344
2422.02,-1033.2,311.198
2426.24,-1035,313.053
2430.46,-1036.8,314.906
2434.67,-1038.6,316.791
2438.89,-1040.4,318.673
2443.12,-1042.2,320.567
2447.35,-1044,322.487
2451.56,-1045.8,324.406
2455.78,-1047.6,326.326
2459.99,-1049.4,328.244
2464.21,-1051.2,330.216
2468.42,-1053,332.185
2472.64,-1054.8,334.156
2476.86,-1056.6,336.164
2481.07,-1058.4,338.171
2485.29,-1060.2,340.179
2489.5,-1062,342.184
2493.72,-1063.8,344.208
2497.93,-1065.6,346.234
2502.15,-1067.4,348.256
2506.37,-1069.2,350.282
2510.58,-1071,352.301
2514.8,-1072.8,354.315
2519.04,-1074.6,356.315
2523.26,-1076.4,358.193
2527.48,-1078.2,358.925
2531.69,-1080,357.307
2535.91,-1081.8,355.353
2540.13,-1083.6,353.355
2544.37,-1085.4,351.329
2548.58,-1087.2,349.311
2552.8,-1089,347.312
2557.02,-1090.8,345.309
2561.23,-1092.6,343.307
2565.45,-1094.4,341.302
2569.66,-1096.2,339.289
2573.88,-1098,337.275
2578.09,-1099.8,335.257
2582.31,-1101.6,333.242
2586.53,-1103.4,331.224
2590.74,-1105.2,329.207
2594.96,-1107,327.19
2599.17,-1108.8,325.17
2603.38,-1110.6,323.15
2607.6,-1112.4,321.127
2611.82,-1114.2,319.108
2616.04,-1116,317.086
2620.28,-1117.8,315.054
2624.5,-1119.6,313.031
2628.71,-1121.4,311.216
2632.93,-1123.2,309.4
2637.15,-1125,307.584
2641.36,-1126.8,305.748
2645.61,-1128.6,303.9
2649.82,-1130.4,302.062
2654.04,-1132.2,300.224
2658.26,-1134,298.421
2662.47,-1135.8,296.617
2666.69,-1137.6,294.812
2670.9,-1139.4,293.008
2675.12,-1141.2,291.17
2679.33,-1143,289.334
2683.55,-1144.8,287.498
2687.77,-1146.6,285.667
2691.98,-1148.4,283.838
2696.2,-1150.2,282.007
2700.41,-1152,280.179
2704.63,-1153.8,278.375
2708.84,-1155.6,276.573
2713.06,-1157.4,274.771
2717.28,-1159.2,272.999
2721.52,-1161,271.217
2725.74,-1162.8,269.445
2729.95,-1164.6,267.676
2734.17,-1166.4,265.883
2738.39,-1168.2,264.093
2742.6,-1170,262.301
2746.82,-1171.8,260.621
2751.03,-1173.6,258.944
2755.25,-1175.4,257.265
2759.46,-1177.2,255.588
2763.68,-1179,253.996
2767.89,-1180.8,252.403
2772.11,-1182.6,250.811
2776.33,-1184.4,249.195
2780.54,-1186.2,247.58
2784.76,-1188,245.963
2788.97,-1189.8,244.349
2793.18,-1191.6,242.791
2797.4,-1193.4,241.232
2801.62,-1195.2,239.674
2805.83,-1197,238.115
2810.05,-1198.8,236.625
2814.27,-1200.6,235.132
2818.51,-1202.4,233.632
2822.72,-1204.2,232.055
2826.94,-1206,230.477
2831.16,-1207.8,228.901
2835.38,-1209.6,227.323
2839.59,-1211.4,225.845
2843.8,-1213.2,224.367
2848.05,-1215,222.878
2852.26,-1216.8,221.413
2856.48,-1218.6,219.948
2860.69,-1220.4,218.484
2864.91,-1222.2,217.019
2869.12,-1224,215.541
2873.34,-1225.8,214.063
2877.55,-1227.6,212.584
2881.77,-1229.4,211.093
2885.98,-1231.2,209.6
2890.2,-1233,208.108
2894.42,-1234.8,206.615
2898.63,-1236.6,205.118
2902.84,-1238.4,203.619
2907.06,-1240.2,202.12
2911.27,-1242,200.623
2915.49,-1243.8,198.893
2919.92,-1245.6,197.133
2924.27,-1247.4,195.298
2928.56,-1249.2,193.382
2932.78,-1251,191.502
2937,-1252.8,189.624
2941.22,-1254.6,187.749
2945.44,-1256.4,186.019
2949.69,-1258.2,184.276
2953.9,-1260,182.55
2958.12,-1261.8,180.787
2962.33,-1263.6,179.024
2966.55,-1265.4,177.258
2970.77,-1267.2,175.428
2974.98,-1269,173.6
2979.18,-1270.8,171.775
2983.39,-1272.6,169.947
2987.61,-1274.4,168.123
2991.83,-1276.2,166.301
2996.04,-1278,164.48
3000.25,-1279.8,162.66
3004.47,-1281.6,160.851
3008.68,-1283.4,159.045
3012.89,-1285.2,157.239
3017.12,-1287,155.424
3021.36,-1288.8,153.598
3025.58,-1290.6,151.783
3029.82,-1292.4,149.972
3034.04,-1294.2,148.137
3038.25,-1296,146.318
3042.47,-1297.8,144.497
3046.68,-1299.6,142.698
3050.92,-1301.4,140.889
3055.14,-1303.2,139.09
3059.36,-1305,137.293
3063.57,-1306.8,135.514
3067.79,-1308.6,133.735
3072,-1310.4,131.957
3076.22,-1312.2,130.178
3080.43,-1314,128.337
3084.65,-1315.8,126.494
3088.86,-1317.6,124.654
3093.08,-1319.4,122.847
3097.3,-1321.2,121.039
3101.51,-1323,119.233
3105.73,-1324.8,117.425
3109.94,-1326.6,115.628
3114.16,-1328.4,113.829
3118.4,-1330.2,112.021
3122.61,-1332,110.211
3126.83,-1333.8,108.4
3131.04,-1335.6,106.59
3135.26,-1337.4,104.779
3139.47,-1339.2,102.951
3143.68,-1341,101.122
3147.9,-1342.8,99.2913
3152.11,-1344.6,97.4621
3156.33,-1346.4,95.6093
3160.54,-1348.2,93.7588
3164.76,-1350,91.9067
3168.97,-1351.8,90.0786
3173.19,-1353.6,88.2498
3177.4,-1355.4,86.4198
3181.62,-1357.2,84.5976
3185.84,-1359,82.773
3190.05,-1360.8,80.9505
3194.27,-1362.6,79.1272
3198.48,-1364.4,77.3223
3202.69,-1366.2,75.5171
3206.91,-1368,73.7101
3211.12,-1369.8,71.9057
3215.34,-1371.6,70.0936
3219.58,-1373.4,68.273
3223.8,-1375.2,66.4628
3228.02,-1377,64.661
3232.23,-1378.8,62.8601
3236.45,-1380.6,61.0581
3240.66,-1382.4,59.2587
3244.88,-1384.2,57.4473
3249.09,-1386.01,55.6377
3253.34,-1387.81,53.8156
3257.56,-1389.61,51.994
3261.77,-1391.41,50.1746
3265.99,-1393.21,48.3539
3270.21,-1395.01,46.535
3274.42,-1396.81,44.6899
3278.64,-1398.61,42.8477
3282.85,-1400.41,41.0044
3287.07,-1402.21,39.1217
3291.28,-1404.01,37.2405
3295.5,-1405.81,35.3577
3299.71,-1407.61,33.4781
3303.93,-1409.41,31.5846
3308.15,-1411.21,29.6895
3312.36,-1413.01,27.7964
3316.58,-1414.81,25.8832
3320.82,-1416.61,23.961
3325.04,-1418.41,22.0486
3329.25,-1420.21,20.1401
3333.47,-1422.01,18.2134
3337.69,-1423.81,16.2856
3341.91,-1425.61,14.3591
3346.13,-1427.41,12.4343
3350.34,-1429.21,10.4727
3354.58,-1431.01,8.50173
3358.79,-1432.81,6.55204
3363,-1434.61,4.5968
3367.22,-1436.41,2.69017
3371.43,-1438.21,1.12464
3375.64,-1440.01,1.78876
3379.86,-1441.81,3.63989
3384.07,-1443.61,5.60466
3388.28,-1445.41,7.59214
3392.49,-1447.21,9.6013
3396.7,-1449.01,11.616
3400.92,-1450.81,13.6324
3405.14,-1452.61,15.6529
3409.35,-1454.41,17.6741
3413.56,-1456.21,19.6966
3417.78,-1458.01,21.7236
3422.02,-1459.81,23.7752
3426.24,-1461.61,25.8173
3430.46,-1463.41,27.857
3434.68,-1465.21,29.899
3438.89,-1467.01,31.9254
3443.1,-1468.81,33.9521
3447.32,-1470.61,35.9809
3451.54,-1472.41,38.0081
3455.78,-1474.21,40.0514
3459.99,-1476.01,42.0815
3464.21,-1477.81,44.1134
3468.43,-1479.61,45.9736
3472.64,-1481.41,47.835
3476.86,-1483.21,49.698
3481.07,-1485.01,51.5594
3485.29,-1486.81,53.4127
3489.5,-1488.61,55.2643
3493.72,-1490.41,57.1161
3497.93,-1492.21,58.9408
3502.14,-1494.01,60.764
3506.36,-1495.81,62.5887
3510.58,-1497.61,64.4119
3514.79,-1499.41,66.2151
3519.04,-1501.21,68.0277
3523.25,-1503.01,69.8309
3527.47,-1504.81,71.6983
3531.69,-1506.61,73.5641
3535.9,-1508.41,75.4314
3540.12,-1510.21,77.2969
3544.34,-1512.01,79.1596
3548.55,-1513.81,81.0197
3552.76,-1515.61,82.8805
3556.98,-1517.41,84.7268
3561.19,-1519.21,86.5713
3565.41,-1521.01,88.4176
3569.62,-1522.81,90.261
3573.84,-1524.61,92.0725
3578.06,-1526.41,93.8882
3582.27,-1528.21,95.7011
3586.49,-1530.01,97.5149
3590.7,-1531.81,99.2025
3594.92,-1533.61,100.892
3599.13,-1535.41,102.579
3603.35,-1537.21,104.188
3607.56,-1539.01,105.8
3611.78,-1540.81,107.409
3616,-1542.61,109.021
3620.24,-1544.41,110.63
3624.46,-1546.21,112.23
3628.67,-1548.01,113.827
3632.89,-1549.81,115.375
3637.11,-1551.61,116.926
3641.38,-1553.41,118.494
3645.59,-1555.21,120.045
3649.81,-1557.01,121.544
3654.03,-1558.81,123.044
3658.27,-1560.61,124.551
3662.49,-1562.41,126.2
3666.71,-1564.21,127.851
3670.92,-1566.01,129.5
3675.14,-1567.81,131.151
3679.35,-1569.61,132.658
3683.57,-1571.41,134.166
3687.78,-1573.21,135.676
3692,-1575.01,137.226
3696.21,-1576.81,138.778
3700.43,-1578.61,140.328
3704.65,-1580.41,141.879
3708.86,-1582.21,143.419
3713.07,-1584.01,144.96
3717.29,-1585.81,146.503
3721.53,-1587.61,148.054
3725.75,-1589.41,149.599
3729.97,-1591.21,151.143
3734.18,-1593.01,152.687
3738.4,-1594.81,154.18
3742.61,-1596.61,155.673
3746.83,-1598.41,157.167
3751.04,-1600.21,158.66
3755.26,-1602.01,160.331
3759.49,-1603.81,162.009
3763.71,-1605.61,163.678
3767.93,-1607.41,165.542
3772.14,-1609.21,167.405
3776.36,-1611.01,169.268
3780.57,-1612.81,171.13
3784.79,-1614.61,172.932
3789,-1616.41,174.732
3793.21,-1618.21,176.532
3797.43,-1620.01,178.328
3801.64,-1621.81,180.121
3805.86,-1623.61,181.917
3810.07,-1625.41,183.71
3814.29,-1627.21,185.515
3818.5,-1629.01,187.319
3822.75,-1630.81,189.134
3826.97,-1632.61,190.954
3831.18,-1634.41,192.772
3835.4,-1636.21,194.591
3839.61,-1638.01,196.407
3843.82,-1639.81,198.217
3848.04,-1641.61,200.029
3852.25,-1643.41,201.838
3856.47,-1645.21,203.649
3860.71,-1647.01,205.474
3864.93,-1648.81,207.292
3869.14,-1650.61,209.108
3873.36,-1652.41,210.892
3877.58,-1654.21,212.68
3881.79,-1656.01,214.465
3886.01,-1657.81,216.252
3890.22,-1659.61,218.047
3894.44,-1661.41,219.843
3898.65,-1663.21,221.637
3902.87,-1665.01,223.438
3907.09,-1666.81,225.24
3911.3,-1668.61,227.041
3915.52,-1670.41,228.844
3919.76,-1672.21,230.651
3924.02,-1674.01,232.468
3928.24,-1675.81,234.264
3932.45,-1677.61,236.061
3936.67,-1679.41,237.859
3940.88,-1681.21,239.655
3945.1,-1683.01,241.453
3949.31,-1684.81,243.269
3953.53,-1686.61,245.086
3957.75,-1688.41,246.905
3961.96,-1690.21,248.759
3966.18,-1692.01,250.614
3970.39,-1693.81,252.468
3974.61,-1695.61,254.324
3978.82,-1697.41,256.163
3983.04,-1699.21,258.003
3987.26,-1701.01,259.845
3991.47,-1702.81,261.685
3995.7,-1704.61,263.51
4001.55,-1706.41,266.036
4005.81,-1708.21,267.869
4010.19,-1710.01,269.644
4014.6,-1711.81,271.436
4019,-1713.61,273.216
4023.56,-1715.41,275.047
4027.98,-1717.21,276.817
4032.39,-1719.01,278.583
4036.89,-1720.81,280.386
4041.47,-1722.61,282.21
4046.02,-1724.41,284.029
4050.38,-1726.21,285.768
4054.7,-1728.01,287.509
4058.92,-1729.81,289.204
4063.17,-1731.61,290.916
4067.4,-1733.41,292.615
4071.61,-1735.21,294.388
4075.83,-1737.01,296.164
4080.05,-1738.81,297.938
4084.27,-1740.61,299.76
4088.48,-1742.41,301.58
4092.7,-1744.21,303.4
4096.91,-1746.01,305.222
4101.13,-1747.81,307.054
4105.35,-1749.61,308.888
4109.56,-1751.41,310.719
4113.77,-1753.21,312.54
4117.99,-1755.02,314.363
4122.21,-1756.82,316.185
4126.46,-1758.62,318.022
4130.67,-1760.42,319.852
4134.89,-1762.22,321.685
4139.11,-1764.02,323.514
4143.32,-1765.82,325.342
4147.54,-1767.62,327.172
4151.75,-1769.42,329.001
4155.97,-1771.22,330.83
4160.19,-1773.02,332.66
4164.44,-1774.82,334.503
4168.65,-1776.62,336.332
4172.86,-1778.42,338.18
4177.08,-1780.22,340.03
4181.3,-1782.02,341.878
4185.52,-1783.82,343.727
4189.73,-1785.62,345.594
4193.97,-1787.42,347.478
4198.19,-1789.22,349.349
4202.41,-1791.02,351.256
4206.63,-1792.82,353.163
4210.84,-1794.62,355.065
4215.06,-1796.42,356.963
4219.27,-1798.22,358.82
4223.49,-1800.02,359.057
4227.74,-1801.82,357.205
4231.96,-1803.62,355.304
4236.17,-1805.42,353.377
4240.39,-1807.22,351.45
4244.61,-1809.02,349.519
4248.82,-1810.82,347.593
4253.03,-1812.62,345.665
4257.25,-1814.42,343.735
4261.46,-1816.22,341.808
4265.71,-1818.02,339.847
4269.92,-1819.82,337.898
4274.14,-1821.62,335.948
4278.36,-1823.42,333.992
4282.57,-1825.22,332.036
4286.79,-1827.02,330.077
4291,-1828.82,328.121
4295.22,-1830.62,326.164
4299.43,-1832.42,324.208
4303.64,-1834.22,322.251
4307.86,-1836.02,320.306
4312.08,-1837.82,318.364
4316.29,-1839.62,316.419
4320.51,-1841.42,314.476
4324.76,-1843.22,312.69
4328.97,-1845.02,310.919
4333.19,-1846.82,309.146
4337.41,-1848.62,307.35
4341.68,-1850.42,305.528
4345.9,-1852.22,303.733
4350.12,-1854.02,301.939
4354.33,-1855.82,300.137
4358.55,-1857.62,298.339
4362.76,-1859.42,296.539
4367,-1861.22,294.728
4371.22,-1863.02,292.933
4375.44,-1864.82,291.137
4379.65,-1866.62,289.344
4383.87,-1868.42,287.498
4388.09,-1870.22,285.652
4392.3,-1872.02,283.807
4396.52,-1873.82,281.961
4400.73,-1875.62,280.059
4404.95,-1877.42,278.156
4409.17,-1879.22,276.255
4413.38,-1881.02,274.367
4417.6,-1882.82,272.478
4421.84,-1884.62,270.585
4426.21,-1886.42,268.626
4430.52,-1888.22,266.714
4434.74,-1890.02,264.842
4438.95,-1891.82,262.978
4443.17,-1893.62,261.244
4447.39,-1895.42,259.507
4451.6,-1897.22,257.773
4455.82,-1899.02,256.04
4460.03,-1900.82,254.351
4464.25,-1902.62,252.658
4468.5,-1904.42,250.953
4472.71,-1906.22,249.252
4476.93,-1908.02,247.551
4481.14,-1909.82,245.85
4485.36,-1911.62,244.146
4489.57,-1913.42,242.544
4493.78,-1915.22,240.941
4498,-1917.02,239.337
4502.22,-1918.82,237.734
4506.43,-1920.62,236.157
4510.65,-1922.42,234.581
4514.87,-1924.22,233.004
4519.08,-1926.02,231.378
4523.29,-1927.82,229.752
4527.54,-1929.62,228.113
4531.75,-1931.42,226.487
4535.96,-1933.22,225.001
4540.17,-1935.02,223.517
4544.38,-1936.82,222.031
4548.58,-1938.62,220.548
4552.8,-1940.42,219.032
4557.02,-1942.22,217.515
4561.24,-1944.02,215.999
4565.45,-1945.82,214.425
4569.68,-1947.62,212.843
4573.9,-1949.42,211.268
4578.12,-1951.22,209.42
4582.33,-1953.02,207.575
4586.54,-1954.82,205.729
4590.75,-1956.62,203.885
4594.97,-1958.42,202.024
4599.19,-1960.22,200.166
4603.4,-1962.02,198.308
4607.62,-1963.82,196.447
4611.83,-1965.62,194.564
4616.05,-1967.42,192.68
4620.26,-1969.22,190.797
4624.48,-1971.02,188.996
4628.72,-1972.82,187.187
4632.93,-1974.62,185.387
4637.15,-1976.42,183.586
4641.36,-1978.22,181.802
4645.58,-1980.02,180.016
4649.82,-1981.82,178.233
4654.04,-1983.62,176.425
4658.25,-1985.42,174.635
4662.46,-1987.22,172.843
4666.68,-1989.02,171.05
4670.92,-1990.82,169.272
4675.14,-1992.62,167.503
4679.35,-1994.42,165.737
4683.56,-1996.22,163.947
4687.78,-1998.02,162.156
4691.99,-1999.82,160.367
4696.21,-2001.62,158.576
4700.42,-2003.42,156.784
4704.64,-2005.22,154.989
4708.85,-2007.02,153.197
4713.06,-2008.82,151.397
4717.28,-2010.62,149.597
4721.49,-2012.42,147.797
4725.74,-2014.22,145.984
4729.95,-2016.02,144.169
4734.17,-2017.82,142.354
4738.38,-2019.62,140.542
4742.59,-2021.42,138.729
4746.81,-2023.22,136.895
4751.03,-2025.02,135.064
4755.24,-2026.82,133.23
4759.45,-2028.62,131.411
4763.66,-2030.42,129.59
4767.88,-2032.22,127.768
4772.12,-2034.02,125.937
4776.34,-2035.82,124.112
4780.55,-2037.62,122.29
4784.77,-2039.42,120.466
4788.98,-2041.22,118.666
4793.19,-2043.02,116.867
4797.41,-2044.82,115.065
4801.62,-2046.62,113.266
4805.84,-2048.42,111.436
4810.05,-2050.22,109.608
4814.27,-2052.02,107.779
4818.48,-2053.82,105.953
4822.69,-2055.62,104.117
4826.94,-2057.42,102.27
4831.15,-2059.22,100.436
4835.37,-2061.02,98.6173
4839.58,-2062.82,96.8018
4843.79,-2064.62,94.9858
4848.01,-2066.42,93.1753
4852.23,-2068.22,91.3671
4856.44,-2070.02,89.557
4860.66,-2071.82,87.7489
4864.87,-2073.62,85.9348
4869.09,-2075.42,84.1239
4873.33,-2077.22,82.3008
4877.55,-2079.02,80.4859
4881.76,-2080.82,78.6547
4885.98,-2082.62,76.8216
4890.2,-2084.42,74.9906
4894.41,-2086.22,73.163
4898.63,-2088.02,71.3382
4902.84,-2089.82,69.5112
4907.06,-2091.62,67.6838
4911.27,-2093.42,65.8525
4915.49,-2095.22,64.0193
4919.7,-2097.02,62.1886
4923.92,-2098.82,60.3644
4928.17,-2100.62,58.5259
4932.38,-2102.42,56.7004
4936.6,-2104.22,54.8748
4940.81,-2106.02,53.0576
4945.03,-2107.82,51.2392
4949.24,-2109.62,49.4235
4953.45,-2111.42,47.6072
4957.67,-2113.22,45.7754
4961.89,-2115.02,43.944
4966.11,-2116.82,42.1128
4970.32,-2118.62,40.2898
4974.56,-2120.42,38.4557
4978.78,-2122.22,36.6324
4982.99,-2124.02,34.7974
4987.21,-2125.82,32.9611
4991.42,-2127.62,31.1269
4995.64,-2129.43,29.2916
4999.86,-2131.23,27.4473
5004.08,-2133.03,25.5999
5008.29,-2134.83,23.7575
5012.5,-2136.63,21.915
5016.72,-2138.43,20.0348
5020.94,-2140.23,18.1547
5025.16,-2142.03,16.2748
5029.4,-2143.83,14.3681
5033.61,-2145.63,12.4734
5037.89,-2147.43,10.5537
5042.1,-2149.23,8.66718
5046.32,-2151.03,6.77799
5050.53,-2152.83,4.90592
5054.75,-2154.63,3.0747
5058.95,-2156.43,1.45908
5063.16,-2158.23,1.45694
5067.38,-2160.03,3.07343
5071.59,-2161.83,4.90815
5075.82,-2163.63,6.80405
5080.04,-2165.43,8.70389
5084.25,-2167.23,10.6127
5088.47,-2169.03,12.5234
5092.68,-2170.83,14.4504
5096.9,-2172.63,16.3798
5101.11,-2174.43,18.3085
5105.33,-2176.23,20.2486
5109.54,-2178.03,22.1866
5113.75,-2179.83,24.1257
5117.97,-2181.63,26.0915
5122.18,-2183.43,28.0569
5126.43,-2185.23,30.0367
5130.65,-2187.03,32.0028
5134.86,-2188.83,33.9737
5139.08,-2190.63,35.9421
5143.3,-2192.43,37.9147
5147.51,-2194.23,39.8853
5151.73,-2196.03,41.8692
5155.95,-2197.83,43.8561
5160.16,-2199.63,45.84
5164.38,-2201.43,47.707
5168.59,-2203.23,49.5717
5172.8,-2205.03,51.4364
5177.04,-2206.83,53.3128
5181.26,-2208.63,55.1184
5185.47,-2210.43,56.9255
5189.69,-2212.23,58.7296
5193.9,-2214.03,60.5119
5198.12,-2215.83,62.2961
5202.33,-2217.63,64.0795
5206.55,-2219.43,65.8642
5210.76,-2221.23,67.6471
5214.98,-2223.03,69.4319
5219.19,-2224.83,71.2139
5223.47,-2226.63,73.1125
5227.72,-2228.43,74.9974
5231.93,-2230.23,76.8691
5236.15,-2232.03,78.7414
5240.36,-2233.83,80.5855
5244.58,-2235.63,82.4317
5248.79,-2237.43,84.2751
5253.01,-2239.23,86.1424
5257.23,-2241.03,88.0115
5261.44,-2242.83,89.8792
5265.67,-2244.63,91.7516
5269.88,-2246.43,93.6128
5274.1,-2248.23,95.4759
5278.33,-2250.03,97.3471
5282.55,-2251.83,99.2087
5286.77,-2253.63,100.976
5290.98,-2255.43,102.742
5295.2,-2257.23,104.509
5299.41,-2259.03,106.222
5303.62,-2260.83,107.935
5307.84,-2262.63,109.651
5312.05,-2264.43,111.364
5316.27,-2266.23,113.083
5320.48,-2268.03,114.799
5324.7,-2269.83,116.518
5328.94,-2271.63,118.163
5333.16,-2273.43,119.799
5337.38,-2275.23,121.435
5341.59,-2277.03,123.07
5345.81,-2278.83,124.672
5350.02,-2280.63,126.272
5354.24,-2282.43,127.874
5358.45,-2284.23,129.516
5362.67,-2286.03,131.159
5366.88,-2287.83,132.804
5371.1,-2289.63,134.447
5375.32,-2291.43,135.935
5379.55,-2293.23,137.429
5383.77,-2295.03,138.916
5387.99,-2296.83,140.405
5392.2,-2298.63,141.917
5396.42,-2300.43,143.431
5400.63,-2302.23,144.944
5404.85,-2304.03,146.473
5409.06,-2305.83,148
5413.28,-2307.63,149.527
5417.49,-2309.43,151.057
5421.72,-2311.23,152.609
5425.97,-2313.03,154.167
5430.19,-2314.83,155.715
5434.41,-2316.63,157.488
5438.62,-2318.43,159.257
5442.83,-2320.23,161.026
5447.05,-2322.03,162.797
5451.26,-2323.83,164.715
5455.48,-2325.63,166.636
5459.69,-2327.43,168.554
5463.91,-2329.23,170.366
5468.12,-2331.03,172.179
5472.34,-2332.83,173.991
5476.55,-2334.63,175.805
5480.79,-2336.43,177.59
5485.01,-2338.23,179.366
5489.22,-2340.03,181.14
5493.44,-2341.83,182.931
5497.65,-2343.63,184.723
5501.9,-2345.43,186.529
5506.12,-2347.23,188.322
5510.33,-2349.03,190.099
5514.55,-2350.83,191.878
5518.76,-2352.63,193.655
5522.98,-2354.43,195.433
5527.23,-2356.23,197.24
5531.44,-2358.03,199.033
5535.66,-2359.83,200.827
5539.87,-2361.63,202.633
5544.09,-2363.43,204.441
5548.3,-2365.23,206.247
5552.52,-2367.03,208.053
5556.73,-2368.83,209.881
5560.95,-2370.63,211.708
5565.16,-2372.43,213.536
5569.38,-2374.23,215.355
5573.59,-2376.03,217.173
5577.81,-2377.83,218.993
5582.05,-2379.63,220.823
5586.27,-2381.43,222.633
5590.48,-2383.23,224.44
5594.7,-2385.03,226.249
5598.91,-2386.83,228.036
5603.12,-2388.63,229.824
5607.34,-2390.43,231.614
5611.56,-2392.23,233.402
5615.77,-2394.03,235.215
5619.99,-2395.83,237.024
5624.21,-2397.63,238.837
5628.45,-2399.43,240.659
5632.67,-2401.23,242.478
5636.89,-2403.03,244.297
5641.1,-2404.83,246.115
5645.32,-2406.63,247.921
5649.53,-2408.43,249.724
5653.75,-2410.23,251.529
5657.96,-2412.03,253.335
5662.18,-2413.83,255.159
5666.4,-2415.63,256.984
5670.61,-2417.43,258.807
5674.83,-2419.23,260.635
5679.04,-2421.03,262.461
5683.28,-2422.83,264.297
5687.5,-2424.63,266.126
5691.71,-2426.43,267.955
5695.93,-2428.23,269.785
5700.15,-2430.03,271.613
5704.36,-2431.83,273.435
5708.57,-2433.63,275.254
5712.79,-2435.43,277.075
5717.01,-2437.23,278.897
5721.22,-2439.03,280.719
5725.44,-2440.83,282.543
5729.68,-2442.63,284.376
5733.94,-2444.43,286.223
5738.16,-2446.23,288.055
5742.37,-2448.03,289.884
5746.59,-2449.83,291.715
5750.8,-2451.63,293.527
5755.02,-2453.43,295.341
5759.23,-2455.23,297.153
5763.45,-2457.03,298.975
5767.67,-2458.83,300.799
5771.88,-2460.63,302.622
5776.1,-2462.43,304.446
5780.31,-2464.23,306.262
5784.56,-2466.03,308.09
5788.77,-2467.83,309.907
5792.99,-2469.63,311.723
5797.2,-2471.43,313.55
5801.42,-2473.23,315.376
5805.64,-2475.03,317.203
5809.85,-2476.83,319.037
5814.07,-2478.63,320.872
5818.28,-2480.43,322.704
5822.5,-2482.23,324.537
5826.74,-2484.03,326.411
5830.96,-2485.83,328.271
5835.18,-2487.63,330.132
5839.39,-2489.43,332.023
5843.6,-2491.23,333.915
5847.82,-2493.03,335.806
5852.03,-2494.83,337.695
5856.25,-2496.64,339.593
5860.47,-2498.44,341.486
5864.69,-2500.24,343.378
5868.9,-2502.04,345.264
5873.11,-2503.84,347.16
5877.33,-2505.64,349.049
5881.54,-2507.44,350.921
5885.79,-2509.24,352.774
5890,-2511.04,354.563
5894.22,-2512.84,356.222
5898.44,-2514.64,357.478
5902.65,-2516.44,357.586
5906.87,-2518.24,356.43
5911.08,-2520.04,354.795
5915.3,-2521.84,352.998
5919.51,-2523.64,351.142
5923.83,-2525.44,349.217
5928.22,-2527.24,347.226
5932.45,-2529.04,345.282
5936.67,-2530.84,343.337
5940.89,-2532.64,341.391
5945.1,-2534.44,339.439
5949.31,-2536.24,337.49
5953.52,-2538.04,335.538
5957.74,-2539.84,333.582
5961.95,-2541.64,331.615
5966.16,-2543.44,329.642
5970.37,-2545.24,327.671
5974.59,-2547.04,325.706
5978.8,-2548.84,323.745
5983.01,-2550.64,321.779
5987.27,-2552.44,319.791
5991.49,-2554.24,317.828
5995.72,-2556.04,315.861
5999.94,-2557.84,313.898
6004.16,-2559.64,311.998
6008.38,-2561.44,310.103
6012.59,-2563.24,308.206
6016.81,-2565.04,306.309
6021.03,-2566.84,304.526
6025.26,-2568.64,302.739
6029.49,-2570.44,300.953
6033.71,-2572.24,299.171
6037.93,-2574.04,297.339
6042.15,-2575.84,295.509
6046.38,-2577.64,293.68
6050.59,-2579.44,291.912
6054.81,-2581.24,290.143
6059.03,-2583.04,288.375
6063.25,-2584.84,286.607
6067.47,-2586.64,284.767
6071.69,-2588.44,282.93
6075.92,-2590.24,281.087
6080.13,-2592.04,279.268
6084.36,-2593.84,277.447
6088.6,-2595.64,275.616
6092.82,-2597.44,273.797
6097.04,-2599.24,271.97
6101.26,-2601.04,270.147
6105.48,-2602.84,268.322
6109.7,-2604.64,266.495
6113.92,-2606.44,264.666
6118.14,-2608.24,262.837
6122.35,-2610.04,261.01
6126.58,-2611.84,259.265
6130.81,-2613.64,257.517
6135.04,-2615.44,255.769
6139.25,-2617.24,254.026
6143.47,-2619.04,252.322
6147.69,-2620.84,250.617
6151.91,-2622.64,248.91
6156.14,-2624.44,247.3
6160.35,-2626.24,245.693
6164.57,-2628.04,244.084
6168.79,-2629.84,242.538
6173.01,-2631.64,240.991
6177.23,-2633.44,239.444
6181.45,-2635.24,237.898
6185.68,-2637.04,236.317
6189.92,-2638.84,234.73
6194.14,-2640.64,233.15
6198.36,-2642.44,231.574
6202.58,-2644.24,229.981
6206.8,-2646.04,228.385
6211.01,-2647.84,226.792
6215.24,-2649.64,225.308
6219.45,-2651.44,223.826
6223.67,-2653.24,222.342
6227.91,-2655.04,220.853
6232.12,-2656.84,219.3
6236.34,-2658.64,217.746
6240.56,-2660.44,216.194
6244.79,-2662.24,214.675
6249.01,-2664.04,213.161
6253.22,-2665.84,211.647
6257.44,-2667.64,210.132
6261.66,-2669.44,208.546
6265.89,-2671.24,206.959
6270.1,-2673.04,205.375
6274.32,-2674.84,203.79
6278.54,-2676.64,201.911
6282.76,-2678.44,200.032
6286.98,-2680.24,198.152
6291.22,-2682.04,196.254
6295.44,-2683.84,194.364
6299.65,-2685.64,192.476
6303.87,-2687.44,190.699
6308.09,-2689.24,188.921
6312.31,-2691.04,187.145
6316.53,-2692.84,185.366
6320.74,-2694.64,183.595
6324.97,-2696.44,181.822
6329.19,-2698.24,180.047
6333.41,-2700.04,178.276
6337.63,-2701.84,176.493
6341.85,-2703.64,174.713
6346.07,-2705.44,172.932
6350.29,-2707.24,171.121
6354.51,-2709.04,169.309
6358.72,-2710.84,167.498
6362.94,-2712.64,165.689
6367.16,-2714.44,163.859
6371.38,-2716.24,162.031
6375.6,-2718.04,160.201
6379.82,-2719.84,158.387
6384.04,-2721.64,156.571
6388.26,-2723.44,154.758
6392.5,-2725.24,152.935
6396.72,-2727.04,151.123
6400.94,-2728.84,149.314
6405.16,-2730.64,147.502
6409.37,-2732.44,145.694
6413.59,-2734.24,143.882
6417.81,-2736.04,142.07
6422.03,-2737.84,140.26
6426.25,-2739.64,138.463
6430.48,-2741.44,136.663
6434.77,-2743.24,134.838
6438.99,-2745.04,133.104
6443.21,-2746.84,131.372
6447.43,-2748.64,129.639
6451.64,-2750.44,127.906
6455.87,-2752.24,126.071
6460.08,-2754.04,124.238
6464.3,-2755.84,122.403
6468.52,-2757.64,120.571
6472.73,-2759.44,118.75
6476.96,-2761.24,116.927
6481.17,-2763.04,115.107
6485.39,-2764.84,113.306
6489.61,-2766.64,111.508
6493.85,-2768.44,109.697
6498.07,-2770.24,107.897
6502.29,-2772.04,106.073
6506.51,-2773.84,104.248
6510.73,-2775.64,102.425
6514.95,-2777.44,100.59
6519.16,-2779.24,98.7574
6523.38,-2781.04,96.9245
6527.6,-2782.84,95.0883
6531.84,-2784.64,93.259
6536.06,-2786.44,91.4395
6540.28,-2788.24,89.622
6544.5,-2790.04,87.8018
6548.72,-2791.84,85.9818
6552.94,-2793.64,84.1621
6557.16,-2795.44,82.3385
6561.38,-2797.24,80.5349
6565.6,-2799.04,78.7284
6569.82,-2800.84,76.924
6574.04,-2802.64,75.1175
6578.26,-2804.44,73.3198
6582.48,-2806.24,71.5203
6586.7,-2808.04,69.7196
6590.92,-2809.84,67.9218
6595.16,-2811.64,66.1119
6599.38,-2813.44,64.3158
6603.6,-2815.24,62.5177
6607.82,-2817.04,60.7052
6612.04,-2818.84,58.8942
6616.26,-2820.64,57.0815
6620.47,-2822.44,55.2684
6624.7,-2824.24,53.4537
6628.94,-2826.04,51.6281
6633.16,-2827.84,49.8141
6637.48,-2829.64,47.9388
6641.71,-2831.44,46.1062
6645.93,-2833.24,44.2737
6650.14,-2835.04,42.4385
6654.37,-2836.84,40.6014
6658.58,-2838.64,38.7686
6662.8,-2840.44,36.9341
6667.02,-2842.24,35.0876
6671.24,-2844.04,33.2442
6675.46,-2845.84,31.399
6679.67,-2847.64,29.5442
6683.89,-2849.44,27.688
6688.11,-2851.24,25.833
6692.33,-2853.04,23.981
6696.58,-2854.84,22.1198
6700.8,-2856.64,20.2729
6705.02,-2858.44,18.4284
6709.23,-2860.24,16.5905
6713.45,-2862.04,14.7469
6717.67,-2863.84,12.9086
6721.89,-2865.65,11.0811
6726.12,-2867.45,9.2648
6730.36,-2869.25,7.47224
6734.58,-2871.05,5.75179
6738.8,-2872.85,4.15358
6743.01,-2874.65,2.94572
6747.23,-2876.45,2.71479
6751.45,-2878.25,3.64912
6755.67,-2880.05,5.16329
6759.88,-2881.85,6.87926
6764.1,-2883.65,8.68001
6768.31,-2885.45,10.518
6772.53,-2887.25,12.411
6776.75,-2889.05,14.32
6780.97,-2890.85,16.2366
6785.18,-2892.65,18.1751
6789.4,-2894.45,20.1166
6793.62,-2896.25,22.0612
6797.86,-2898.05,24.0233
6802.08,-2899.85,25.9755
6806.3,-2901.65,27.9303
6810.52,-2903.45,29.8853
6814.74,-2905.25,31.8354
6818.96,-2907.05,33.7831
6823.17,-2908.85,35.7322
6827.39,-2910.65,37.6849
6831.64,-2912.45,39.6334
6835.87,-2914.25,41.5726
6840.08,-2916.05,43.5074
6844.3,-2917.85,45.4442
6848.52,-2919.65,47.2903
6852.74,-2921.45,49.1385
6856.96,-2923.25,50.9887
6861.17,-2925.05,52.6529
6865.39,-2926.85,54.319
6869.61,-2928.65,55.9842
6873.83,-2930.45,57.65
6878.04,-2932.25,59.428
6882.26,-2934.05,61.2054
6886.48,-2935.85,62.9838
6890.7,-2937.65,64.7338
6894.92,-2939.45,66.4872
6899.16,-2941.25,68.2484
6903.38,-2943.05,69.9997
6907.6,-2944.85,71.7449
6911.82,-2946.65,73.4859
6916.04,-2948.45,75.2302
6920.26,-2950.25,77.0857
6924.48,-2952.05,78.943
6928.72,-2953.85,80.8114
6932.94,-2955.65,82.6668
6937.17,-2957.45,84.5459
6941.38,-2959.25,86.4214
6945.61,-2961.05,88.2997
6949.83,-2962.85,90.1713
6954.05,-2964.65,92.043
6958.26,-2966.45,93.9119
6962.48,-2968.25,95.781
6966.7,-2970.05,97.5997
6970.92,-2971.85,99.4174
6975.14,-2973.65,101.236
6979.35,-2975.45,103.052
6983.57,-2977.25,104.706
6987.79,-2979.05,106.363
6992.01,-2980.85,108.017
6996.23,-2982.65,109.626
7000.47,-2984.45,111.243
7004.69,-2986.25,112.852
7008.91,-2988.05,114.46
7013.12,-2989.85,116.104
7017.34,-2991.65,117.749
7021.56,-2993.45,119.393
7025.79,-2995.25,120.956
7030.04,-2997.05,122.526
7034.26,-2998.85,124.087
7038.47,-3000.65,125.645
7042.69,-3002.45,127.265
7046.91,-3004.25,128.889
7051.13,-3006.05,130.509
7055.35,-3007.85,132.143
7059.56,-3009.65,133.773
7063.78,-3011.45,135.406
7068,-3013.25,137.04
7072.22,-3015.05,138.6
7076.44,-3016.85,140.161
7080.65,-3018.65,141.722
7084.88,-3020.45,143.266
7089.09,-3022.25,144.807
7093.31,-3024.05,146.349
7097.53,-3025.85,147.893
7101.77,-3027.65,149.655
7105.99,-3029.45,151.41
7110.21,-3031.25,153.162
7114.43,-3033.05,155.04
7118.64,-3034.85,156.916
7122.86,-3036.65,158.793
7127.08,-3038.45,160.673
7131.37,-3040.25,162.526
7135.6,-3042.05,164.351
7139.82,-3043.85,166.174
7144.04,-3045.65,167.997
7148.25,-3047.45,169.772
7152.47,-3049.25,171.546
7156.69,-3051.05,173.321
7160.91,-3052.85,175.111
7165.13,-3054.65,176.901
7169.34,-3056.45,178.689
7173.55,-3058.25,180.477
7177.78,-3060.05,182.296
7181.99,-3061.85,184.111
7186.21,-3063.65,185.927
7190.43,-3065.45,187.749
7194.65,-3067.25,189.573
7198.86,-3069.05,191.395
7203.1,-3070.85,193.228
7207.33,-3072.65,195.041
7211.54,-3074.45,196.854
7215.77,-3076.25,198.669
7219.98,-3078.05,200.48
7224.2,-3079.85,202.296
7228.42,-3081.65,204.11
7232.66,-3083.45,205.936
7236.88,-3085.25,207.726
7241.1,-3087.05,209.512
7245.32,-3088.85,211.301
7249.54,-3090.65,213.089
7253.76,-3092.45,214.89
7257.98,-3094.25,216.695
7262.2,-3096.05,218.497
7266.42,-3097.85,220.289
7270.64,-3099.65,222.081
7274.86,-3101.45,223.874
7279.07,-3103.25,225.664
7283.29,-3105.05,227.426
7287.51,-3106.85,229.19
7291.73,-3108.65,230.952
7295.95,-3110.45,232.782
7300.17,-3112.25,234.613
7304.41,-3114.05,236.454
7308.63,-3115.85,238.283
7312.85,-3117.65,240.112
7317.07,-3119.45,241.942
7321.28,-3121.25,243.771
7325.51,-3123.05,245.599
7329.75,-3124.85,247.436
7334.06,-3126.65,249.298
7338.27,-3128.45,251.123
7342.49,-3130.25,252.931
7346.72,-3132.05,254.741
7350.93,-3133.85,256.546
7355.15,-3135.65,258.356
7359.37,-3137.45,260.163
7363.59,-3139.25,261.972
7367.81,-3141.05,263.78
7372.03,-3142.85,265.606
7376.25,-3144.65,267.431
7380.46,-3146.45,269.255
7384.68,-3148.25,271.08
7388.9,-3150.05,272.906
7393.11,-3151.85,274.731
7397.34,-3153.65,276.559
7401.55,-3155.45,278.356
7405.8,-3157.25,280.167
7410.02,-3159.05,281.965
7414.24,-3160.85,283.765
7418.46,-3162.65,285.569
7423.32,-3164.45,287.644
7429.44,-3166.25,290.261
7433.72,-3168.05,292.105
7437.94,-3169.85,293.92
7442.15,-3171.65,295.73
7446.37,-3173.45,297.462
7450.58,-3175.25,299.191
7454.8,-3177.05,300.921
7459.01,-3178.85,302.649
7463.22,-3180.65,304.466
7467.45,-3182.45,306.285
7471.67,-3184.25,308.103
7475.89,-3186.05,309.929
7480.11,-3187.85,311.753
7484.33,-3189.65,313.579
7488.54,-3191.45,315.401
7492.76,-3193.25,317.219
7496.98,-3195.05,319.039
7501.2,-3196.85,320.855
7505.42,-3198.65,322.678
7509.67,-3200.45,324.515
7513.9,-3202.25,326.338
7518.12,-3204.05,328.159
7522.34,-3205.85,329.961
7526.56,-3207.65,331.765
7530.81,-3209.45,333.578
7535.03,-3211.25,335.381
7539.25,-3213.05,337.183
7543.47,-3214.85,338.984
7547.69,-3216.65,340.784
7551.91,-3218.45,342.595
7556.14,-3220.25,344.402
7560.35,-3222.05,346.203
7564.57,-3223.85,348.028
7568.79,-3225.65,349.845
7573,-3227.45,351.647
7577.23,-3229.25,353.429
7581.45,-3231.05,355.161
7585.67,-3232.85,356.758
7589.89,-3234.66,357.886
7594.11,-3236.46,357.702
7598.32,-3238.26,356.405
7602.54,-3240.06,354.761
7606.76,-3241.86,353.01
7611.01,-3243.66,351.217
7615.23,-3245.46,349.414
7619.45,-3247.26,347.602
7623.67,-3249.06,345.781
7627.89,-3250.86,343.971
7632.14,-3252.66,342.147
7636.36,-3254.46,340.332
7640.58,-3256.26,338.516
7644.8,-3258.06,336.697
7649.01,-3259.86,334.879
7653.23,-3261.66,333.06
7657.45,-3263.46,331.247
7661.67,-3265.26,329.434
7665.89,-3267.06,327.618
7670.11,-3268.86,325.805
7674.33,-3270.66,323.974
7678.54,-3272.46,322.144
7682.76,-3274.26,320.314
7686.98,-3276.06,318.479
7691.2,-3277.86,316.647
7695.42,-3279.66,314.812
7699.63,-3281.46,312.981
7703.85,-3283.26,311.13
7708.07,-3285.06,309.28
7712.32,-3286.86,307.418
7716.54,-3288.66,305.62
7720.76,-3290.46,303.824
7724.98,-3292.26,302.027
7729.2,-3294.06,300.232
7733.44,-3295.86,298.418
7737.67,-3297.66,296.61
7741.89,-3299.46,294.805
7746.11,-3301.26,293.002
7750.33,-3303.06,291.201
7754.55,-3304.86,289.399
7758.76,-3306.66,287.599
7762.98,-3308.46,285.759
7767.2,-3310.26,283.917
7771.42,-3312.06,282.078
7775.64,-3313.86,280.19
7779.86,-3315.66,278.302
7784.08,-3317.46,276.415
7788.29,-3319.26,274.531
7792.51,-3321.06,272.675
7796.74,-3322.86,270.818
7800.95,-3324.66,268.962
7805.17,-3326.46,267.082
7809.39,-3328.26,265.206
7813.63,-3330.06,263.317
7817.86,-3331.86,261.435
7822.07,-3333.66,259.667
7826.3,-3335.46,257.896
7830.54,-3337.26,256.115
7834.83,-3339.06,254.317
7839.17,-3340.86,252.517
7843.39,-3342.66,250.761
7847.61,-3344.46,249.006
7851.83,-3346.26,247.303
7856.05,-3348.06,245.598
7860.27,-3349.86,243.894
7864.49,-3351.66,242.19
7868.7,-3353.46,240.442
7872.92,-3355.26,238.694
7877.14,-3357.06,236.944
7881.35,-3358.86,235.235
7885.58,-3360.66,233.524
7889.83,-3362.46,231.815
7894.05,-3364.26,230.089
7898.27,-3366.06,228.386
7902.48,-3367.86,226.684
7906.71,-3369.66,224.978
7910.92,-3371.46,223.457
7915.17,-3373.26,221.924
7919.39,-3375.06,220.403
7923.61,-3376.86,218.882
7927.83,-3378.66,217.31
7932.08,-3380.46,215.729
7936.3,-3382.26,214.158
7940.52,-3384.06,212.367
7944.74,-3385.86,210.573
7948.95,-3387.66,208.783
7953.17,-3389.46,206.992
7957.39,-3391.26,205.121
7961.61,-3393.06,203.251
7965.83,-3394.86,201.38
7970.04,-3396.66,199.512
7974.26,-3398.46,197.683
7978.48,-3400.26,195.857
7982.7,-3402.06,194.03
7986.92,-3403.86,192.198
7991.13,-3405.66,190.37
7995.35,-3407.46,188.539
7999.56,-3409.26,186.712
8003.78,-3411.06,184.902
8008,-3412.86,183.092
8012.21,-3414.66,181.284
8016.46,-3416.46,179.474
8020.68,-3418.26,177.675
8024.9,-3420.06,175.874
8029.11,-3421.86,174.078
8033.36,-3423.66,172.276
8037.59,-3425.46,170.486
8041.8,-3427.26,168.697
8046.02,-3429.06,166.902
8050.24,-3430.86,165.109
8054.46,-3432.66,163.315
8058.67,-3434.46,161.524
8062.89,-3436.26,159.734
8067.11,-3438.06,157.943
8071.33,-3439.86,156.154
8075.55,-3441.66,154.348
8079.76,-3443.46,152.544
8084.13,-3445.26,150.675
8088.35,-3447.06,148.868
8092.56,-3448.86,147.057
8096.79,-3450.66,145.243
8101.01,-3452.46,143.432
8105.23,-3454.26,141.621
8109.44,-3456.06,139.806
8113.65,-3457.86,137.991
8117.91,-3459.66,136.16
8122.12,-3461.46,134.329
8126.38,-3463.26,132.478
8130.63,-3465.06,130.634
8134.86,-3466.86,128.799
8139.07,-3468.66,126.996
8143.29,-3470.46,125.193
8147.51,-3472.26,123.388
8151.73,-3474.06,121.585
8155.95,-3475.86,119.791
8160.17,-3477.66,117.999
8164.39,-3479.46,116.204
8168.61,-3481.26,114.391
8172.82,-3483.06,112.578
8177.04,-3484.86,110.763
8181.26,-3486.66,108.954
8185.48,-3488.46,107.144
8189.7,-3490.26,105.337
8193.92,-3492.06,103.527
8198.14,-3493.86,101.716
8202.36,-3495.66,99.9056
8206.58,-3497.46,98.0943
8210.8,-3499.26,96.2847
8215.02,-3501.06,94.4493
8219.25,-3502.86,92.6075
8223.47,-3504.66,90.7742
8227.7,-3506.46,88.9393
8231.95,-3508.26,87.0938
8236.17,-3510.06,85.2602
8240.38,-3511.86,83.4287
8244.6,-3513.66,81.6135
8248.82,-3515.46,79.8008
8253.04,-3517.26,77.9852
8257.26,-3519.06,76.1643
8261.48,-3520.86,74.3455
8265.7,-3522.66,72.5259
8269.91,-3524.46,70.7064
8274.14,-3526.26,68.8788
8278.35,-3528.06,67.055
8282.57,-3529.86,65.2321
8286.79,-3531.66,63.4143
8291.01,-3533.46,61.5994
8295.23,-3535.26,59.7828
8299.44,-3537.06,57.9693
8303.67,-3538.86,56.1591
8307.89,-3540.66,54.349
8312.1,-3542.46,52.5424
8316.32,-3544.26,50.7353
8320.57,-3546.06,48.92
8324.79,-3547.86,47.1106
8329.01,-3549.66,45.3054
8333.26,-3551.46,43.4948
8337.48,-3553.26,41.6947
8341.7,-3555.06,39.8976
8345.92,-3556.86,38.0929
8350.14,-3558.66,36.2918
8354.36,-3560.46,34.4899
8358.57,-3562.26,32.6903
8362.79,-3564.06,30.8769
8367.01,-3565.86,29.0637
8371.23,-3567.66,27.252
8375.45,-3569.46,25.4394
8379.67,-3571.26,23.6017
8383.89,-3573.06,21.7625
8388.11,-3574.86,19.9247
8392.33,-3576.66,18.0932
8396.55,-3578.46,16.2638
8400.76,-3580.26,14.4367
8404.98,-3582.06,12.6094
8409.2,-3583.86,10.7943
8413.42,-3585.66,8.98514
8417.63,-3587.46,7.18486
8421.91,-3589.26,5.39234
8426.13,-3591.06,3.67563
8430.34,-3592.86,2.13945
8434.59,-3594.66,1.50555
8438.8,-3596.46,2.56017
8443.02,-3598.26,4.16806
8447.25,-3600.06,5.89433
8451.46,-3601.86,7.65584
8455.68,-3603.67,9.43583
8459.9,-3605.47,11.2244
8464.12,-3607.27,13.0184
8468.33,-3609.07,14.8118
8472.55,-3610.87,16.6084
8476.77,-3612.67,18.4088
8480.99,-3614.47,20.22
8485.21,-3616.27,22.0344
8489.42,-3618.07,23.8465
8493.64,-3619.87,25.6605
8497.86,-3621.67,27.4768
8502.08,-3623.47,29.2922
8506.3,-3625.27,31.1075
8510.52,-3627.07,32.9211
8514.74,-3628.87,34.7503
8518.95,-3630.67,36.576
8523.19,-3632.47,38.4137
8527.42,-3634.27,40.2352
8531.71,-3636.07,42.0846
8535.93,-3637.87,43.9047
8540.15,-3639.67,45.7245
8544.37,-3641.47,47.5225
8548.59,-3643.27,49.3181
8552.8,-3645.07,51.1134
8557.03,-3646.87,52.803
8561.24,-3648.67,54.4906
8565.46,-3650.47,56.1806
8569.68,-3652.27,57.8672
8573.89,-3654.07,59.5955
8578.11,-3655.87,61.3247
8582.33,-3657.67,63.0517
8586.55,-3659.47,64.7681
8590.77,-3661.27,66.4835
8594.99,-3663.07,68.201
8599.2,-3664.87,69.9154
8603.42,-3666.67,71.6644
8607.64,-3668.47,73.4155
8611.86,-3670.27,75.1663
8616.08,-3672.07,77.049
8620.29,-3673.87,78.9291
8624.54,-3675.67,80.825
8628.77,-3677.47,82.7087
8633.02,-3679.27,84.5667
8637.24,-3681.07,86.4154
8641.46,-3682.87,88.2589
8645.68,-3684.67,90.1055
8649.9,-3686.47,91.9181
8654.12,-3688.27,93.7298
8658.34,-3690.07,95.5394
8662.55,-3691.87,97.3353
8666.77,-3693.67,99.1341
8670.99,-3695.47,100.931
8675.21,-3697.27,102.729
8679.42,-3699.07,104.536
8683.64,-3700.87,106.345
8687.86,-3702.67,108.156
8692.08,-3704.47,109.963
8696.3,-3706.27,111.726
8700.51,-3708.07,113.484
8704.73,-3709.87,115.246
8708.95,-3711.67,117.009
8713.16,-3713.47,118.775
8717.38,-3715.27,120.541
8721.6,-3717.07,122.284
8725.85,-3718.87,124.038
8730.07,-3720.67,125.781
8734.32,-3722.47,127.54
8738.54,-3724.27,129.309
8742.76,-3726.07,131.079
8746.98,-3727.87,132.85
8751.19,-3729.67,134.618
8755.41,-3731.47,136.503
8759.63,-3733.27,138.385
8763.85,-3735.07,140.269
8768.07,-3736.87,142.07
8772.28,-3738.67,143.871
8776.5,-3740.47,145.673
8780.72,-3742.27,147.473
8784.94,-3744.07,149.348
8789.16,-3745.87,151.219
8793.38,-3747.67,153.092
8797.6,-3749.47,154.895
8801.81,-3751.27,156.694
8806.04,-3753.07,158.497
8810.25,-3754.87,160.298
8814.48,-3756.67,162.082
8818.69,-3758.47,163.862
8822.91,-3760.27,165.646
8827.16,-3762.07,167.489
8831.38,-3763.87,169.322
8835.63,-3765.67,171.166
8839.85,-3767.47,172.997
8844.07,-3769.27,174.789
8848.28,-3771.07,176.579
8852.5,-3772.87,178.368
8856.72,-3774.67,180.136
8860.93,-3776.47,181.901
8865.15,-3778.27,183.669
8869.37,-3780.07,185.434
8873.58,-3781.87,187.22
8877.8,-3783.67,189.008
8882.02,-3785.47,190.795
8886.24,-3787.27,192.612
8890.46,-3789.07,194.427
8894.68,-3790.87,196.244
8898.9,-3792.67,198.06
8903.12,-3794.47,199.871
8907.34,-3796.27,201.684
8911.55,-3798.07,203.494
8915.78,-3799.87,205.313
8919.99,-3801.67,207.128
8926.22,-3803.47,209.802
8930.57,-3805.27,211.678
8934.84,-3807.07,213.523
8939.05,-3808.87,215.34
8943.26,-3810.67,217.158
8947.48,-3812.47,218.837
8951.69,-3814.27,220.515
8955.91,-3816.07,222.195
8960.12,-3817.87,223.874
8964.34,-3819.67,225.6
8968.56,-3821.47,227.324
8972.78,-3823.27,229.049
8977,-3825.07,230.847
8981.22,-3826.87,232.645
8985.44,-3828.67,234.443
8989.65,-3830.47,236.239
8993.88,-3832.27,238.049
8998.11,-3834.07,239.863
9002.34,-3835.87,241.68
9006.56,-3837.67,243.486
9010.82,-3839.47,245.3
9015.25,-3841.27,247.197
9019.66,-3843.07,249.083
9024.11,-3844.87,250.99
9028.58,-3846.67,252.907
9033.16,-3848.47,254.87
9037.63,-3850.27,256.721
9042.09,-3852.07,258.56
9046.58,-3853.87,260.421
9051.09,-3855.67,262.281
9055.76,-3857.47,264.178
9060.14,-3859.27,265.947
9064.49,-3861.07,267.709
9068.71,-3862.87,269.378
9072.93,-3864.67,271.044
9077.15,-3866.47,272.712
9081.37,-3868.27,274.513
9085.59,-3870.07,276.317
9089.81,-3871.87,278.12
9094.04,-3873.67,279.923
9098.25,-3875.47,281.743
9102.47,-3877.27,283.562
9106.69,-3879.07,285.383
9110.91,-3880.87,287.205
9115.13,-3882.67,289.004
9119.34,-3884.47,290.801
9123.56,-3886.27,292.598
9127.82,-3888.07,294.425
9132.04,-3889.87,296.235
9136.3,-3891.67,298.059
9140.52,-3893.47,299.868
9144.74,-3895.27,301.683
9148.95,-3897.07,303.496
9153.17,-3898.87,305.308
9157.39,-3900.67,307.137
9161.61,-3902.47,308.964
9165.83,-3904.27,310.793
9170.05,-3906.07,312.618
9174.27,-3907.87,314.442
9178.48,-3909.67,316.263
9182.7,-3911.47,318.085
9186.92,-3913.27,319.9
9191.14,-3915.07,321.714
9195.36,-3916.87,323.528
9199.57,-3918.67,325.34
9203.79,-3920.47,327.146
9208.01,-3922.27,328.951
9212.23,-3924.07,330.754
9216.45,-3925.87,332.564
9220.67,-3927.67,334.373
9224.89,-3929.47,336.182
9229.13,-3931.27,337.997
9233.53,-3933.07,339.862
9237.75,-3934.87,341.652
9241.97,-3936.67,343.434
9246.2,-3938.47,345.211
9250.41,-3940.27,346.974
9254.63,-3942.07,348.727
9258.85,-3943.87,350.463
9263.07,-3945.67,352.184
9267.29,-3947.47,353.858
9271.5,-3949.27,355.419
9275.72,-3951.07,356.713
9279.94,-3952.87,357.321
9284.16,-3954.67,356.794
9288.38,-3956.47,355.519
9292.73,-3958.27,353.887
9296.95,-3960.07,352.184
9301.17,-3961.87,350.432
9305.39,-3963.67,348.649
9309.6,-3965.47,346.878
9313.82,-3967.27,345.099
9318.04,-3969.07,343.31
9322.25,-3970.88,341.509
9326.47,-3972.68,339.703
9330.7,-3974.48,337.896
9334.94,-3976.28,336.07
9339.16,-3978.08,334.268
9343.38,-3979.88,332.465
9347.6,-3981.68,330.658
9351.82,-3983.48,328.86
9356.04,-3985.28,327.058
9360.26,-3987.08,325.257
9364.48,-3988.88,323.453
9368.7,-3990.68,321.658
9372.91,-3992.48,319.859
9377.14,-3994.28,318.059
9381.35,-3996.08,316.262
9385.57,-3997.88,314.453
9389.83,-3999.68,312.647
9394.05,-4001.48,310.82
9398.27,-4003.28,309.017
9402.49,-4005.08,307.215
9406.71,-4006.88,305.41
9410.92,-4008.68,303.607
9415.14,-4010.48,301.912
9419.36,-4012.28,300.22
9423.57,-4014.08,298.527
9427.79,-4015.88,296.798
9432.01,-4017.68,295.069
9436.26,-4019.48,293.326
9440.48,-4021.28,291.597
9444.7,-4023.08,289.904
9448.91,-4024.88,288.212
9453.13,-4026.68,286.52
9457.35,-4028.48,284.714
9461.57,-4030.28,282.91
9465.79,-4032.08,281.099
9470.01,-4033.88,279.294
9474.23,-4035.68,277.407
9478.44,-4037.48,275.523
9482.66,-4039.28,273.638
9486.88,-4041.08,271.787
9491.1,-4042.88,269.939
9495.32,-4044.68,268.089
9499.54,-4046.48,266.241
9503.75,-4048.28,264.445
9507.97,-4050.08,262.646
9512.19,-4051.88,260.851
9516.41,-4053.68,259.052
9520.63,-4055.48,257.264
9524.85,-4057.28,255.474
9529.06,-4059.08,253.689
9533.28,-4060.88,251.898
9537.53,-4062.68,250.094
9541.75,-4064.48,248.304
9545.98,-4066.28,246.509
9550.19,-4068.08,244.731
9554.41,-4069.88,242.952
9558.63,-4071.68,241.173
9562.85,-4073.48,239.37
9567.07,-4075.28,237.566
9571.29,-4077.08,235.762
9575.5,-4078.88,233.957
9579.72,-4080.68,232.216
9583.94,-4082.48,230.475
9588.16,-4084.28,228.73
9592.38,-4086.08,226.922
9596.6,-4087.88,225.11
9600.82,-4089.68,223.302
9605.04,-4091.48,221.491
9609.25,-4093.28,219.823
9613.46,-4095.08,218.153
9617.68,-4096.88,216.482
9621.91,-4098.68,214.662
9626.13,-4100.48,212.842
9630.35,-4102.28,211.024
9634.6,-4104.08,209.192
9638.81,-4105.88,207.371
9643.04,-4107.68,205.547
9647.26,-4109.48,203.721
9651.48,-4111.28,201.9
9655.7,-4113.08,200.076
9659.92,-4114.88,198.255
9664.14,-4116.68,196.431
9668.36,-4118.48,194.624
9672.58,-4120.28,192.817
9676.8,-4122.08,191.008
9681.01,-4123.88,189.201
9685.24,-4125.68,187.347
9689.45,-4127.48,185.494
9693.67,-4129.27,183.642
9697.89,-4131.07,181.811
9702.11,-4132.87,179.985
9706.33,-4134.67,178.156
9710.54,-4136.47,176.329
9714.76,-4138.27,174.523
9718.98,-4140.07,172.719
9723.19,-4141.87,170.915
9727.41,-4143.67,169.118
9731.66,-4145.47,167.311
9735.91,-4147.27,165.498
9740.13,-4149.07,163.7
9744.36,-4150.87,161.92
9748.57,-4152.67,160.142
9752.79,-4154.47,158.363
9757.01,-4156.27,156.573
9761.23,-4158.07,154.784
9765.45,-4159.87,152.995
9769.67,-4161.67,151.206
9773.88,-4163.47,149.417
9778.11,-4165.27,147.627
9782.32,-4167.07,145.839
9786.54,-4168.87,144.05
9790.76,-4170.67,142.246
9794.98,-4172.47,140.44
9799.2,-4174.27,138.639
9803.41,-4176.07,136.822
9807.63,-4177.87,135.004
9811.85,-4179.67,133.187
9816.07,-4181.47,131.368
9820.29,-4183.27,129.528
9824.51,-4185.07,127.687
9828.72,-4186.87,125.848
9832.94,-4188.67,124.023
9837.19,-4190.47,122.182
9841.41,-4192.27,120.355
9845.63,-4194.07,118.527
9849.86,-4195.87,116.721
9854.08,-4197.67,114.917
9858.29,-4199.47,113.116
9862.51,-4201.27,111.304
9866.73,-4203.07,109.491
9870.95,-4204.87,107.68
9875.17,-4206.67,105.868
9879.38,-4208.47,104.041
9883.6,-4210.27,102.214
9887.82,-4212.07,100.385
9892.04,-4213.87,98.5586
9896.26,-4215.67,96.7348
9900.48,-4217.47,94.9128
9904.7,-4219.27,93.0882
9908.92,-4221.06,91.2932
9913.13,-4222.86,89.4968
9917.35,-4224.66,87.698
9921.57,-4226.46,85.9026
9925.79,-4228.26,84.094
9930.06,-4230.06,82.2649
9934.31,-4231.86,80.443
9938.56,-4233.66,78.6259
9942.79,-4235.46,76.8182
9947.01,-4237.26,75.0108
9951.23,-4239.06,73.2069
9955.45,-4240.86,71.3891
9959.66,-4242.66,69.5756
9963.88,-4244.46,67.7592
9968.1,-4246.26,65.9297
9972.32,-4248.06,64.1024
9976.54,-4249.86,62.2739
9980.76,-4251.66,60.4467
9984.98,-4253.46,58.6169
9989.19,-4255.26,56.7913
9993.41,-4257.06,54.9633
9997.63,-4258.86,53.1388
10001.8,-4260.66,51.3145
10006.1,-4262.46,49.4915
10010.3,-4264.26,47.6683
10014.5,-4266.06,45.8592
10018.7,-4267.86,44.0532
10022.9,-4269.66,42.2475
10027.2,-4271.46,40.4393
10031.4,-4273.26,38.6215
10035.7,-4275.06,36.7787
10039.9,-4276.86,34.9606
10044.1,-4278.66,33.1651
10048.3,-4280.46,31.3738
10052.5,-4282.26,29.5811
10056.7,-4284.06,27.7845
10061,-4285.86,25.9908
10065.2,-4287.66,24.196
10069.4,-4289.46,22.405
10073.6,-4291.26,20.6084
10077.8,-4293.06,18.8115
10082,-4294.86,17.0199
10086.3,-4296.66,15.2293
10090.5,-4298.46,13.4169
10094.7,-4300.26,11.611
10098.9,-4302.06,9.81887
10103.1,-4303.86,8.04312
10107.3,-4305.66,6.30339
10111.6,-4307.46,4.64609
10115.8,-4309.26,3.19359
10120,-4311.06,2.37062
10124.2,-4312.85,2.78622
10128.4,-4314.65,4.07576
10132.6,-4316.45,5.67366
10136.9,-4318.25,7.40443
10141.1,-4320.05,9.16164
10145.3,-4321.85,10.9424
10149.6,-4323.65,12.7178
10153.8,-4325.45,14.5069
10158,-4327.25,16.2999
10162.2,-4329.05,18.0962
10166.4,-4330.85,19.9022
10170.7,-4332.65,21.7107
10174.9,-4334.45,23.523
10179.1,-4336.25,25.3283
10183.3,-4338.05,27.1351
10187.5,-4339.85,28.9449
10191.7,-4341.65,30.7538
10196,-4343.45,32.5842
10200.2,-4345.25,34.4127
10204.4,-4347.05,36.2437
10208.6,-4348.85,38.0786
10212.8,-4350.65,39.9154
10217,-4352.45,41.7568
10221.3,-4354.25,43.5938
10225.5,-4356.05,45.4482
10229.7,-4357.85,47.2998
10233.9,-4359.65,49.1525
10238.2,-4361.45,51.0286
10242.4,-4363.25,52.8842
10246.6,-4365.05,54.74
10250.9,-4366.85,56.5925
10255.1,-4368.65,58.2809
10259.3,-4370.45,59.9667
10263.5,-4372.25,61.654
10267.7,-4374.05,63.3434
10272,-4375.85,65.0806
10276.2,-4377.65,66.8195
10280.4,-4379.45,68.5584
10284.6,-4381.25,70.2533
10288.8,-4383.05,71.9451
10293,-4384.85,73.6369
10297.3,-4386.65,75.238
10301.5,-4388.45,76.837
10305.7,-4390.25,78.4383
10309.9,-4392.05,80.0372
10314.1,-4393.85,81.804
10318.4,-4395.65,83.5672
10322.6,-4397.45,85.3318
10326.8,-4399.25,87.0989
10331.1,-4401.05,88.9524
10335.3,-4402.85,90.7907
10339.6,-4404.65,92.627
10343.8,-4406.44,94.4331
10348,-4408.24,96.2398
10352.2,-4410.04,98.0447
10356.4,-4411.84,99.851
10360.7,-4413.64,101.651
10364.9,-4415.44,103.453
10369.1,-4417.24,105.253
10373.3,-4419.04,106.981
10377.5,-4420.84,108.712
10381.8,-4422.64,110.442
10386,-4424.44,112.174
10390.2,-4426.24,113.94
10394.4,-4428.04,115.711
10398.6,-4429.84,117.477
10402.8,-4431.64,119.349
10407.1,-4433.44,121.22
10411.3,-4435.24,123.09
10415.5,-4437.04,124.961
10419.7,-4438.84,126.71
10424.6,-4440.64,128.728
10430.5,-4442.44,131.173
10434.8,-4444.24,133.037
10439.1,-4446.04,134.893
10443.3,-4447.84,136.714
10447.5,-4449.64,138.35
10451.7,-4451.44,139.985
10455.9,-4453.24,141.62
10460.1,-4455.04,143.254
10464.4,-4456.84,144.938
10468.6,-4458.64,146.619
10472.8,-4460.44,148.3
10477,-4462.24,149.982
10481.2,-4464.04,151.837
10485.5,-4465.84,153.693
10489.7,-4467.64,155.548
10493.9,-4469.44,157.401
10498.1,-4471.24,159.254
10502.3,-4473.04,161.104
10506.5,-4474.84,162.957
10510.8,-4476.64,164.745
10515,-4478.44,166.535
10519.2,-4480.24,168.324
10523.4,-4482.04,170.127
10527.6,-4483.84,171.931
10531.9,-4485.64,173.735
10536.1,-4487.44,175.552
10540.3,-4489.24,177.36
10544.6,-4491.04,179.158
10548.8,-4492.84,180.957
10553,-4494.64,182.752
10557.2,-4496.44,184.529
10561.4,-4498.23,186.305
10565.7,-4500.03,188.082
10569.9,-4501.83,189.865
10574.1,-4503.63,191.648
10578.3,-4505.43,193.429
10582.5,-4507.23,195.233
10586.7,-4509.03,197.039
10591,-4510.83,198.842
10595.2,-4512.63,200.647
10599.4,-4514.43,202.46
10603.6,-4516.23,204.274
10607.8,-4518.03,206.09
10612,-4519.83,207.902
10616.3,-4521.63,209.734
10620.5,-4523.43,211.563
10624.7,-4525.23,213.396
10628.9,-4527.03,215.208
10633.2,-4528.83,217.047
10637.4,-4530.63,218.876
10641.7,-4532.43,220.702
10645.9,-4534.23,222.495
10650.1,-4536.03,224.285
10654.3,-4537.83,226.076
10658.6,-4539.63,227.869
10662.8,-4541.43,229.664
10667,-4543.23,231.459
10671.2,-4545.03,233.254
10675.4,-4546.83,235.063
10679.6,-4548.63,236.87
10683.9,-4550.43,238.679
10688.1,-4552.23,240.478
10692.3,-4554.03,242.274
10696.5,-4555.83,244.073
10700.7,-4557.63,245.869
10705,-4559.43,247.642
10709.2,-4561.23,249.412
10713.4,-4563.03,251.184
10717.6,-4564.83,252.992
10721.8,-4566.63,254.8
10726.1,-4568.43,256.608
10730.3,-4570.23,258.415
10734.5,-4572.03,260.261
10738.7,-4573.83,262.116
10743,-4575.63,263.971
10747.2,-4577.43,265.818
10751.4,-4579.23,267.657
10755.6,-4581.03,269.499
10759.9,-4582.83,271.339
10764.1,-4584.63,273.153
10768.3,-4586.43,274.962
10772.5,-4588.23,276.775
10776.7,-4590.02,278.588
10781,-4591.82,280.403
10785.2,-4593.62,282.218
10789.4,-4595.42,284.033
10793.6,-4597.22,285.847
10797.8,-4599.02,287.661
10802.1,-4600.82,289.471
10806.3,-4602.62,291.284
10810.5,-4604.42,293.083
10814.7,-4606.22,294.884
10818.9,-4608.02,296.682
10823.1,-4609.82,298.476
10827.4,-4611.62,300.273
10831.6,-4613.42,302.067
10835.8,-4615.22,303.862
10840,-4617.02,305.666
10844.3,-4618.82,307.463
10848.5,-4620.62,309.258
10852.7,-4622.42,311.051
10856.9,-4624.22,312.848
10861.2,-4626.02,314.645
10865.4,-4627.82,316.442
10869.6,-4629.62,318.247
10873.8,-4631.42,320.05
10878,-4633.22,321.855
10882.3,-4635.02,323.66
10886.5,-4636.82,325.487
10890.7,-4638.62,327.312
10894.9,-4640.42,329.139
10899.1,-4642.22,330.967
10903.3,-4644.02,332.794
10907.6,-4645.82,334.62
10911.8,-4647.62,336.447
10916,-4649.42,338.26
10920.2,-4651.22,340.068
10924.4,-4653.02,341.877
10928.7,-4654.82,343.664
10932.9,-4656.62,345.45
10937.1,-4658.42,347.243
10941.4,-4660.22,349.016
10945.6,-4662.02,350.784
10949.8,-4663.82,352.524
10954,-4665.62,354.226
10958.3,-4667.42,355.843
10962.5,-4669.22,357.232
10966.7,-4671.02,357.873
10970.9,-4672.82,357.196
10975.1,-4674.62,355.793
10979.3,-4676.42,354.17
10983.6,-4678.22,352.467
10987.8,-4680.02,350.724
10992,-4681.81,348.955
10996.2,-4683.61,347.174
11000.4,-4685.41,345.388
11004.7,-4687.21,343.587
11008.9,-4689.01,341.786
11013.1,-4690.81,339.982
11017.3,-4692.61,338.174
11021.5,-4694.41,336.356
11025.8,-4696.21,334.534
11030,-4698.01,332.716
11034.2,-4699.81,330.893
11038.4,-4701.61,329.06
11042.7,-4703.41,327.235
11046.9,-4705.21,325.398
11051.1,-4707.01,323.587
11055.3,-4708.81,321.775
11059.6,-4710.61,319.965
11063.8,-4712.41,318.168
11068,-4714.21,316.371
11072.2,-4716.01,314.575
11076.4,-4717.81,312.779
11080.7,-4719.61,310.982
11084.9,-4721.41,309.183
11089.1,-4723.21,307.388
11093.3,-4725.01,305.636
11097.5,-4726.81,303.881
11101.7,-4728.61,302.128
11106,-4730.41,300.372
11110.2,-4732.21,298.644
11114.4,-4734.01,296.913
11118.6,-4735.81,295.186
11122.8,-4737.61,293.455
11127.1,-4739.41,291.703
11131.3,-4741.21,289.951
11135.5,-4743.01,288.197
11139.7,-4744.81,286.42
11144,-4746.61,284.637
11148.3,-4748.41,282.858
11152.5,-4750.21,281.092
11156.7,-4752.01,279.225
11160.9,-4753.81,277.358
11165.1,-4755.61,275.49
11169.3,-4757.41,273.636
11173.6,-4759.21,271.782
11177.8,-4761.01,269.922
11182,-4762.81,268.067
11186.2,-4764.61,266.253
11190.4,-4766.41,264.443
11194.7,-4768.21,262.63
11198.9,-4770.01,260.845
11203.1,-4771.81,259.06
11207.3,-4773.6,257.275
11211.5,-4775.4,255.49
11215.7,-4777.2,253.704
11220,-4779,251.919
11224.2,-4780.8,250.132
11228.4,-4782.6,248.443
11232.6,-4784.4,246.744
11236.9,-4786.2,245.04
11241.1,-4788,243.349
11245.3,-4789.8,241.597
11249.6,-4791.6,239.835
11253.8,-4793.4,238.082
11258,-4795.2,236.301
11262.2,-4797,234.523
11266.4,-4798.8,232.745
11270.7,-4800.6,230.967
11274.9,-4802.4,229.103
11279.1,-4804.2,227.241
11283.3,-4806,225.38
11287.5,-4807.8,223.517
11291.7,-4809.6,221.603
11296,-4811.4,219.689
11300.2,-4813.2,217.778
11304.4,-4815,216.05
11308.6,-4816.8,214.325
11312.8,-4818.6,212.599
11317,-4820.4,210.872
11321.3,-4822.2,209.094
11325.5,-4824,207.313
11329.7,-4825.8,205.533
11333.9,-4827.6,203.729
11338.2,-4829.4,201.912
11342.4,-4831.2,200.088
11346.7,-4833,198.28
11350.9,-4834.8,196.454
11355.1,-4836.6,194.636
11359.4,-4838.4,192.824
11363.6,-4840.2,191.012
11367.8,-4842,189.194
11372,-4843.8,187.379
11376.2,-4845.6,185.563
11380.4,-4847.4,183.831
11384.7,-4849.2,182.097
11388.9,-4851,180.365
11393.1,-4852.8,178.632
11397.3,-4854.6,176.88
11401.5,-4856.4,175.129
11405.7,-4858.2,173.377
11410,-4860,171.535
11414.2,-4861.8,169.69
11418.4,-4863.6,167.848
11422.6,-4865.4,166.005
11426.8,-4867.19,164.111
11431,-4868.99,162.219
11435.3,-4870.79,160.323
11439.5,-4872.59,158.486
11443.8,-4874.39,156.623
11448,-4876.19,154.794
11452.3,-4877.99,152.958
11456.5,-4879.79,151.223
11460.7,-4881.59,149.489
11464.9,-4883.39,147.755
11469.2,-4885.19,146
11473.4,-4886.99,144.243
11477.6,-4888.79,142.484
11481.8,-4890.59,140.729
11486,-4892.39,138.928
11490.2,-4894.19,137.13
11494.5,-4895.99,135.329
11498.7,-4897.79,133.543
11502.9,-4899.59,131.756
11507.1,-4901.39,129.968
11511.3,-4903.19,128.181
11515.6,-4904.99,126.413
11519.8,-4906.79,124.646
11524,-4908.59,122.859
11528.3,-4910.39,121.093
11532.5,-4912.19,119.291
11536.7,-4913.99,117.484
11540.9,-4915.79,115.67
11545.2,-4917.59,113.863
11549.4,-4919.39,112.059
11553.6,-4921.19,110.244
11557.8,-4922.99,108.436
11562.1,-4924.79,106.599
11566.3,-4926.59,104.76
11570.5,-4928.39,102.923
11574.7,-4930.19,101.088
11578.9,-4931.99,99.2539
11583.2,-4933.79,97.4186
11587.4,-4935.59,95.5825
11591.6,-4937.39,93.7533
11595.8,-4939.19,91.9249
11600,-4940.99,90.0969
11604.2,-4942.79,88.2839
11608.5,-4944.59,86.4708
11612.7,-4946.39,84.659
11616.9,-4948.19,82.8434
11621.1,-4949.99,81.0394
11625.3,-4951.79,79.2351
11629.6,-4953.59,77.4332
11633.8,-4955.39,75.631
11638,-4957.19,73.8176
11642.2,-4958.98,72.0175
11646.5,-4960.78,70.2171
11650.7,-4962.58,68.4265
11654.9,-4964.38,66.6214
11659.2,-4966.18,64.8291
11663.4,-4967.98,63.0382
11667.6,-4969.78,61.2384
11671.8,-4971.58,59.442
11676,-4973.38,57.644
11680.2,-4975.18,55.8324
11684.5,-4976.98,54.0208
11688.7,-4978.78,52.2117
11692.9,-4980.58,50.3993
11697.1,-4982.38,48.577
11701.3,-4984.18,46.7582
11705.6,-4985.98,44.9374
11709.8,-4987.78,43.1037
11714.1,-4989.58,41.2403
11718.3,-4991.38,39.4064
11722.5,-4993.18,37.573
11726.7,-4994.98,35.7833
11730.9,-4996.78,33.997
11735.2,-4998.58,32.2063
11739.4,-5000.38,30.404
11743.6,-5002.18,28.6148
11747.8,-5003.98,26.8231
11752.1,-5005.78,25.0364
11756.3,-5007.58,23.212
11760.5,-5009.38,21.4007
11764.8,-5011.18,19.5869
11769,-5012.98,17.77
11773.2,-5014.78,15.9526
11777.4,-5016.58,14.1348
11781.6,-5018.38,12.323
11785.8,-5020.18,10.5496
11790.1,-5021.98,8.78774
11794.3,-5023.78,7.03494
11798.5,-5025.58,5.30745
11802.7,-5027.38,3.66176
11806.9,-5029.18,2.2029
11811.1,-5030.98,1.58852
11815.3,-5032.78,2.54944
11819.6,-5034.58,4.12236
11823.8,-5036.38,5.83397
11828,-5038.18,7.59038
11832.2,-5039.98,9.40156
11836.4,-5041.78,11.2262
11840.7,-5043.58,13.0694
11844.9,-5045.38,14.8952
11849.1,-5047.18,16.7183
11853.3,-5048.98,18.5423
11857.6,-5050.77,20.381
11861.8,-5052.57,22.1443
11866,-5054.37,23.9106
11870.2,-5056.17,25.6734
11874.4,-5057.97,27.4756
11878.7,-5059.77,29.2768
11882.9,-5061.57,31.0784
11887.1,-5063.37,32.8815
11891.3,-5065.17,34.6963
11895.5,-5066.97,36.5139
11899.8,-5068.77,38.3288
11904,-5070.57,40.1461
11908.2,-5072.37,41.9441
11912.4,-5074.17,43.7425
11916.7,-5075.97,45.5444
11920.9,-5077.77,47.2936
11927.1,-5079.57,49.8722
11931.5,-5081.37,51.6818
11935.7,-5083.17,53.4622
11939.9,-5084.97,55.2509
11944.2,-5086.77,57.0253
11948.4,-5088.57,58.7956
11952.6,-5090.37,60.4919
11956.8,-5092.17,62.1898
11961.1,-5093.97,63.9059
11965.3,-5095.77,65.6325
11969.5,-5097.57,67.3567
11973.7,-5099.37,69.0822
11977.9,-5101.17,70.807
11982.2,-5102.97,72.4874
11986.4,-5104.77,74.1686
11990.6,-5106.57,75.8498
11994.8,-5108.37,77.7721
11999,-5110.17,79.6937
12003.2,-5111.97,81.6149
12007.5,-5113.77,83.5393
12011.7,-5115.57,85.4362
12015.9,-5117.37,87.3393
12020.1,-5119.17,89.236
12024.4,-5120.97,91.0332
12028.6,-5122.77,92.8258
12032.8,-5124.57,94.6197
12037,-5126.37,96.4182
12041.3,-5128.17,98.1438
12045.5,-5129.97,99.8602
12049.8,-5131.77,101.601
12054,-5133.57,103.333
12058.2,-5135.37,105.143
12062.5,-5137.17,106.965
12066.7,-5138.97,108.778
12070.9,-5140.77,110.514
12075.2,-5142.56,112.253
12079.4,-5144.36,113.989
12083.6,-5146.16,115.764
12087.8,-5147.96,117.541
12092,-5149.76,119.315
12096.2,-5151.56,121.092
12100.5,-5153.36,122.96
12104.7,-5155.16,124.829
12108.9,-5156.96,126.698
12113.1,-5158.76,128.564
12117.3,-5160.56,130.377
12121.5,-5162.36,132.188
12125.8,-5164.16,134.002
12130,-5165.96,135.861
12134.3,-5167.76,137.742
12138.5,-5169.56,139.612
12142.7,-5171.36,141.471
12146.9,-5173.16,143.019
12151.2,-5174.96,144.566
12155.4,-5176.76,146.115
12159.6,-5178.56,147.929
12163.8,-5180.36,149.757
12168.1,-5182.16,151.574
12172.3,-5183.96,153.391
12176.5,-5185.76,155.29
12180.7,-5187.56,157.189
12184.9,-5189.36,159.088
12189.1,-5191.16,160.838
12193.4,-5192.96,162.59
12197.6,-5194.76,164.343
12201.8,-5196.56,166.093
12206,-5198.36,167.904
12210.2,-5200.16,169.712
12214.5,-5201.96,171.523
12218.7,-5203.76,173.449
12222.9,-5205.56,175.376
12227.1,-5207.36,177.304
12231.3,-5209.16,179.23
12235.5,-5210.96,181.089
12239.8,-5212.76,182.96
12244,-5214.56,184.836
12248.3,-5216.36,186.691
12252.5,-5218.16,188.509
12256.7,-5219.96,190.33
12260.9,-5221.76,192.145
12265.2,-5223.56,193.952
12269.4,-5225.36,195.744
12273.6,-5227.16,197.537
12277.8,-5228.96,199.331
12282,-5230.76,201.153
12286.3,-5232.56,202.975
12290.5,-5234.35,204.796
12294.7,-5236.15,206.617
12298.9,-5237.95,208.419
12303.1,-5239.75,210.218
12307.3,-5241.55,212.02
12311.6,-5243.35,213.782
12315.8,-5245.15,215.547
12320,-5246.95,217.309
12324.2,-5248.75,219.073
12328.4,-5250.55,220.885
12332.6,-5252.35,222.697
12336.9,-5254.15,224.515
12341.1,-5255.95,226.417
12345.3,-5257.75,228.309
12349.6,-5259.55,230.196
12353.8,-5261.35,232.087
12358,-5263.15,233.954
12362.2,-5264.95,235.82
12366.5,-5266.75,237.697
12370.7,-5268.55,239.536
12374.9,-5270.35,241.377
12379.1,-5272.15,243.213
12383.3,-5273.95,245.053
12387.6,-5275.75,246.804
12391.8,-5277.55,248.556
12396,-5279.35,250.307
12400.2,-5281.15,252.076
12404.4,-5282.95,253.846
12408.6,-5284.75,255.616
12412.9,-5286.55,257.386
12417.1,-5288.35,259.256
12421.3,-5290.15,261.123
12425.5,-5291.95,262.992
12429.7,-5293.75,264.82
12434,-5295.55,266.663
12438.2,-5297.35,268.495
12442.5,-5299.15,270.336
12446.7,-5300.95,272.089
12450.9,-5302.75,273.842
12455.1,-5304.55,275.594
12459.3,-5306.35,277.352
12463.6,-5308.15,279.108
12467.8,-5309.95,280.878
12472,-5311.75,282.637
12476.3,-5313.55,284.474
12480.5,-5315.35,286.309
12484.7,-5317.15,288.147
12488.9,-5318.95,289.981
12493.1,-5320.75,291.788
12497.3,-5322.55,293.596
12501.6,-5324.35,295.401
12505.8,-5326.15,297.221
12510,-5327.94,299.036
12514.2,-5329.74,300.852
12518.4,-5331.54,302.666
12522.6,-5333.34,304.482
12526.9,-5335.14,306.302
12531.1,-5336.94,308.118
12535.3,-5338.74,309.921
12539.5,-5340.54,311.734
12543.8,-5342.34,313.538
12548,-5344.14,315.342
12552.2,-5345.94,317.146
12556.4,-5347.74,318.951
12560.7,-5349.54,320.754
12564.9,-5351.34,322.557
12569.1,-5353.14,324.365
12573.3,-5354.94,326.163
12577.6,-5356.74,327.961
12581.8,-5358.54,329.747
12586,-5360.34,331.534
12590.2,-5362.14,333.316
12594.4,-5363.94,335.09
12598.7,-5365.74,336.86
12602.9,-5367.54,338.63
12607.1,-5369.34,340.399
12611.3,-5371.14,342.197
12615.5,-5372.94,343.994
12619.7,-5374.74,345.787
12624,-5376.54,347.589
12628.2,-5378.34,349.423
12632.4,-5380.14,351.244
12636.7,-5381.94,353.051
12640.9,-5383.74,354.796
12645.2,-5385.54,356.469
12649.4,-5387.34,357.796
12653.7,-5389.14,358.029
12657.9,-5390.94,356.932
12662.1,-5392.74,355.387
12666.3,-5394.54,353.715
12670.6,-5396.34,351.987
12674.8,-5398.14,350.244
12679,-5399.94,348.493
12683.2,-5401.74,346.732
12687.4,-5403.54,344.943
12691.7,-5405.34,343.15
12695.9,-5407.14,341.352
12700.1,-5408.94,339.553
12704.3,-5410.74,337.752
12708.5,-5412.54,335.953
12712.7,-5414.34,334.151
12717,-5416.14,332.378
12721.2,-5417.94,330.607
12725.4,-5419.73,328.833
12729.6,-5421.53,327.059
12733.8,-5423.33,325.283
12738.1,-5425.13,323.506
12742.3,-5426.93,321.718
12746.5,-5428.73,319.901
12750.8,-5430.53,318.07
12755,-5432.33,316.254
12759.2,-5434.13,314.439
12763.4,-5435.93,312.611
12767.7,-5437.73,310.78
12771.9,-5439.53,308.936
12776.1,-5441.33,307.126
12780.3,-5443.13,305.319
12784.6,-5444.93,303.51
12788.8,-5446.73,301.701
12793,-5448.53,300.03
12797.2,-5450.33,298.358
12801.4,-5452.13,296.688
12805.7,-5453.93,294.884
12809.9,-5455.73,293.081
12814.1,-5457.53,291.278
12818.3,-5459.33,289.476
12822.5,-5461.13,287.67
12826.8,-5462.93,285.861
12831,-5464.73,284.054
12835.2,-5466.53,282.315
12839.4,-5468.33,280.578
12843.7,-5470.13,278.828
12847.9,-5471.93,277.086
12852.1,-5473.73,275.278
12856.3,-5475.53,273.469
12860.5,-5477.33,271.661
12864.8,-5479.13,269.877
12869,-5480.93,268.096
12873.2,-5482.73,266.304
12877.4,-5484.53,264.521
12881.7,-5486.33,262.734
12885.9,-5488.13,260.943
12890.1,-5489.93,259.156
12894.3,-5491.73,257.367
12898.5,-5493.53,255.552
12902.8,-5495.33,253.736
12907,-5497.13,251.918
12911.2,-5498.93,250.121
12915.4,-5500.73,248.322
12919.6,-5502.53,246.526
12923.8,-5504.33,244.727
12928.1,-5506.13,243.072
12932.3,-5507.93,241.419
12936.5,-5509.73,239.763
12940.8,-5511.52,237.887
12945,-5513.32,236.022
12949.2,-5515.12,234.162
12953.4,-5516.92,232.299
12957.6,-5518.72,230.549
12970,-5520.52,225.333
12974.4,-5522.32,223.464
12979.1,-5524.12,221.488
12983.4,-5525.92,219.651
12987.7,-5527.72,218.78
12991.9,-5529.52,217.907
12996.1,-5531.32,217.038
13000.4,-5533.12,215.726
13004.6,-5534.92,214.412
13008.8,-5536.72,213.097
13013,-5538.52,211.786
13017.3,-5540.32,209.75
13021.5,-5542.12,207.706
13025.8,-5543.92,205.661
13030.3,-5545.72,203.703
13034.5,-5547.52,201.867
13038.8,-5549.32,200.032
13043,-5551.12,198.196
13047.2,-5552.92,196.526
13051.5,-5554.72,194.854
13055.7,-5556.52,193.18
13059.9,-5558.32,191.319
13064.2,-5560.12,189.456
13068.4,-5561.92,187.592
13072.7,-5563.72,185.715
13076.9,-5565.52,183.821
13081.2,-5567.32,181.934
13085.4,-5569.12,180.053
13089.6,-5570.92,178.289
13093.8,-5572.72,176.525
13098.1,-5574.52,174.759
13102.3,-5576.32,173
13106.8,-5578.12,171.119
13111,-5579.92,169.326
13115.2,-5581.72,167.539
13119.8,-5583.52,165.761
13124.1,-5585.32,163.816
13128.3,-5587.12,162.041
13132.5,-5588.92,160.258
13137,-5590.72,158.408
13141.2,-5592.52,156.66
13145.4,-5594.32,154.919
13149.7,-5596.12,153.179
13154.3,-5597.92,151.173
13158.5,-5599.72,149.344
13162.7,-5601.52,147.508
13167.2,-5603.31,145.604
13171.5,-5605.11,143.811
13175.7,-5606.91,141.998
13180,-5608.71,140.213
13184.2,-5610.51,138.433
13188.4,-5612.31,136.65
13192.6,-5614.11,134.872
13196.9,-5615.91,133.063
13201.1,-5617.71,131.262
13205.3,-5619.51,129.461
13209.5,-5621.31,127.66
13213.8,-5623.11,125.87
13218,-5624.91,124.08
13222.2,-5626.71,122.298
13226.5,-5628.51,120.486
13230.7,-5630.31,118.677
13234.9,-5632.11,116.871
13239.2,-5633.91,115.068
13243.7,-5635.71,113.059
13248,-5637.51,111.201
13252.2,-5639.31,109.348
13256.4,-5641.11,107.719
13260.7,-5642.91,106.088
13264.9,-5644.71,104.448
13269.1,-5646.51,102.821
13273.4,-5648.31,100.941
13277.7,-5650.11,99.0089
13282,-5651.91,97.1266
13286.2,-5653.71,95.3345
13290.4,-5655.51,93.5388
13294.7,-5657.31,91.7422
13298.9,-5659.11,89.9396
13303.2,-5660.91,88.161
13307.4,-5662.71,86.3873
13311.6,-5664.51,84.6173
13315.9,-5666.31,82.7955
13320.1,-5668.11,80.981
13324.3,-5669.91,79.1655
13328.5,-5671.71,77.3531
13332.8,-5673.51,75.4536
13337,-5675.31,73.5601
13341.2,-5677.11,71.6754
13345.5,-5678.91,69.7965
13349.7,-5680.71,67.9214
13354,-5682.51,66.0326
13358.2,-5684.31,64.1606
13362.4,-5686.11,62.3431
13366.7,-5687.91,60.5181
13370.9,-5689.71,58.6911
13375.2,-5691.51,56.8608
13379.4,-5693.31,55.0261
13383.6,-5695.1,53.1945
13387.9,-5696.9,51.3536
13392.1,-5698.7,49.5597
13396.3,-5700.5,47.7648
13400.5,-5702.3,45.9724
13404.8,-5704.1,44.137
13409,-5705.9,42.3164
13413.2,-5707.7,40.4905
13417.5,-5709.5,38.669
13421.9,-5711.3,36.7664
13430.1,-5713.1,33.2551
13434.5,-5714.9,31.3856
13438.7,-5716.7,29.6324
13442.9,-5718.5,27.8859
13447.2,-5720.3,26.1406
13451.4,-5722.1,24.3664
13455.6,-5723.9,22.5962
13459.9,-5725.7,20.8134
13464.1,-5727.5,19.0426
13468.3,-5729.3,17.1582
13472.6,-5731.1,15.2405
13476.9,-5732.9,13.3424
13481.1,-5734.7,11.5509
13485.3,-5736.5,9.76854
13489.5,-5738.3,7.99937
13493.8,-5740.1,6.25312
13498,-5741.9,4.53714
13502.2,-5743.7,2.99134
13506.5,-5745.5,2.01588
13510.7,-5747.3,2.44186
13514.9,-5749.1,3.81627
13519.1,-5750.9,5.46245
13523.4,-5752.7,7.19586
13527.6,-5754.5,8.94862
13531.8,-5756.3,10.7106
13536,-5758.1,12.485
13540.3,-5759.9,14.2587
13544.5,-5761.7,16.0423
13548.7,-5763.5,17.8257
13553,-5765.3,19.6128
13557.2,-5767.1,21.4306
13561.4,-5768.9,23.2524
13565.7,-5770.7,25.0778
13569.9,-5772.5,26.9225
13574.1,-5774.3,28.7629
13578.4,-5776.1,30.6145
13582.6,-5777.9,32.4544
13587,-5779.7,34.3596
13591.2,-5781.5,36.1958
13595.5,-5783.3,38.0279
13599.7,-5785.1,39.8569
13604.3,-5786.9,41.7916
13608.5,-5788.69,43.5663
13612.7,-5790.49,45.3497
13617.2,-5792.29,47.2297
13621.5,-5794.09,49.0013
13625.7,-5795.89,50.7729
13629.9,-5797.69,52.5472
13634.4,-5799.49,54.4452
13638.7,-5801.29,56.2104
13642.9,-5803.09,57.9805
13647.1,-5804.89,59.6633
13651.4,-5806.69,61.3439
13655.6,-5808.49,63.0332
13659.8,-5810.29,64.7148
13664,-5812.09,66.3834
13668.3,-5813.89,68.0575
13672.5,-5815.69,69.7258
13676.7,-5817.49,71.3819
13681,-5819.29,73.0434
13685.2,-5821.09,74.6951
13689.4,-5822.89,76.3445
13693.7,-5824.69,77.9721
13697.9,-5826.49,79.6031
13702.1,-5828.29,81.2327
13706.4,-5830.09,82.8837
13710.6,-5831.89,84.5352
13714.8,-5833.69,86.1895
13719.1,-5835.49,87.837
13723.3,-5837.29,89.5981
13727.5,-5839.09,91.3683
13731.9,-5840.89,93.207
13736.2,-5842.69,95.0473
13740.4,-5844.49,96.88
13744.6,-5846.29,98.7145
13748.8,-5848.09,100.545
13753,-5849.89,102.314
13757.3,-5851.69,104.087
13761.5,-5853.49,105.865
13765.8,-5855.29,107.64
13770,-5857.09,109.415
13774.2,-5858.89,111.186
13778.4,-5860.69,112.952
13782.7,-5862.49,114.746
13786.9,-5864.29,116.544
13791.1,-5866.09,118.332
13795.4,-5867.89,120.014
13799.6,-5869.69,121.678
13803.9,-5871.49,123.35
13808.1,-5873.29,125.023
13812.6,-5875.09,126.969
13816.8,-5876.89,128.799
13821.1,-5878.69,130.626
13825.3,-5880.48,132.455
13829.9,-5882.28,134.429
13834.1,-5884.08,136.258
13838.3,-5885.88,138.076
13842.5,-5887.68,139.765
13846.8,-5889.48,141.457
13851,-5891.28,143.146
13855.3,-5893.08,144.831
13859.5,-5894.88,146.558
13863.7,-5896.68,148.289
13868,-5898.48,150.018
13872.2,-5900.28,151.914
13876.4,-5902.08,153.821
13880.6,-5903.88,155.72
13885,-5905.68,157.641
13889.3,-5907.48,159.484
13893.5,-5909.28,161.32
13897.7,-5911.08,163.164
13902.1,-5912.88,164.905
13906.3,-5914.68,166.601
13910.5,-5916.48,168.298
13914.8,-5918.28,169.998
13919,-5920.08,171.7
13923.2,-5921.88,173.395
13927.4,-5923.68,175.092
13931.7,-5925.48,176.897
13935.9,-5927.28,178.706
13940.1,-5929.08,180.501
13944.4,-5930.88,182.305
13948.6,-5932.68,184.171
13952.8,-5934.48,186.046
13957.1,-5936.28,187.914
13961.3,-5938.08,189.72
13965.5,-5939.88,191.53
13969.7,-5941.68,193.343
13974,-5943.48,195.162
13978.2,-5945.28,196.965
13982.4,-5947.08,198.759
13986.7,-5948.88,200.574
13990.9,-5950.68,202.413
13998.9,-5952.48,205.892
14003.2,-5954.28,207.739
14007.4,-5956.08,209.196
14013.3,-5957.88,211.222
14017.8,-5959.68,212.749
14022.2,-5961.48,214.467
14026.5,-5963.28,216.188
14030.9,-5965.08,217.904
14035.3,-5966.88,219.621
14039.7,-5968.68,221.265
14044.2,-5970.48,222.976
14048.7,-5972.27,224.667
14053.3,-5974.07,226.644
14058.1,-5975.87,228.721
14066.4,-5977.67,232.082
14070.7,-5979.47,233.804
14074.9,-5981.27,235.498
14079.1,-5983.07,237.189
14083.3,-5984.87,238.56
14087.6,-5986.67,239.96
14091.8,-5988.47,241.331
14096,-5990.27,242.908
14100.3,-5992.07,244.484
14104.5,-5993.87,246.06
14108.7,-5995.67,247.634
14112.9,-5997.47,249.533
14117.1,-5999.27,251.433
14121.3,-6001.07,253.332
14125.5,-6002.87,255.232
14129.7,-6004.67,257.029
14134,-6006.47,258.842
14138.2,-6008.27,260.64
14142.4,-6010.07,262.439
14146.6,-6011.87,264.242
14150.9,-6013.67,266.041
14155.1,-6015.47,267.841
14159.3,-6017.27,269.697
14163.5,-6019.07,271.555
14167.7,-6020.87,273.414
14171.9,-6022.67,275.184
14176.1,-6024.47,276.956
14180.4,-6026.27,278.726
14184.6,-6028.07,280.498
14188.8,-6029.87,282.31
14193.1,-6031.67,284.153
14197.3,-6033.47,285.969
14201.5,-6035.27,287.772
14205.7,-6037.07,289.575
14209.9,-6038.87,291.378
14214.1,-6040.67,293.182
14218.3,-6042.47,294.971
14222.6,-6044.27,296.761
14226.8,-6046.07,298.552
14231,-6047.87,300.361
14235.2,-6049.67,302.172
14239.4,-6051.47,303.979
14243.6,-6053.27,305.786
14247.8,-6055.07,307.588
14252.1,-6056.87,309.386
14256.3,-6058.67,311.186
14260.5,-6060.47,312.984
14264.7,-6062.27,314.787
14268.9,-6064.06,316.587
14273.1,-6065.86,318.387
14277.3,-6067.66,320.179
14281.6,-6069.46,321.969
14285.8,-6071.26,323.761
14290,-6073.06,325.55
14294.2,-6074.86,327.342
14298.4,-6076.66,329.13
14302.6,-6078.46,330.918
14306.8,-6080.26,332.7
14311.1,-6082.06,334.479
14315.3,-6083.86,336.259
14319.5,-6085.66,338.034
14323.7,-6087.46,339.816
14327.9,-6089.26,341.599
14332.1,-6091.06,343.373
14336.3,-6092.86,345.147
14340.5,-6094.66,346.912
14344.8,-6096.46,348.665
14349,-6098.26,350.399
14353.2,-6100.06,352.121
14357.4,-6101.86,353.79
14361.6,-6103.66,355.338
14365.8,-6105.46,356.599
14370,-6107.26,357.169
14374.3,-6109.06,356.674
14378.5,-6110.86,355.451
14382.7,-6112.66,353.934
14386.9,-6114.46,352.293
14391.1,-6116.26,350.595
14395.3,-6118.06,348.864
14399.5,-6119.86,347.121
14403.8,-6121.66,345.365
14408,-6123.46,343.6
14412.2,-6125.26,341.83
14416.4,-6127.06,340.054
14420.6,-6128.86,338.277
14424.8,-6130.66,336.496
14429,-6132.46,334.714
14433.2,-6134.26,332.928
14437.5,-6136.06,331.14
14441.7,-6137.86,329.35
14445.9,-6139.66,327.555
14450.1,-6141.46,325.762
14454.3,-6143.26,323.967
14458.5,-6145.06,322.169
14462.7,-6146.86,320.369
14467,-6148.66,318.567
14471.2,-6150.46,316.768
14475.4,-6152.26,314.969
14479.6,-6154.06,313.17
14483.8,-6155.85,311.372
14488,-6157.65,309.568
14492.2,-6159.45,307.765
14496.5,-6161.25,305.962
14500.7,-6163.05,304.164
14504.9,-6164.85,302.364
14509.1,-6166.65,300.567
14513.7,-6168.45,298.617
14517.9,-6170.25,296.842
14522.1,-6172.05,295.071
14526.3,-6173.85,293.299
14530.5,-6175.65,291.528
14534.7,-6177.45,289.758
14538.9,-6179.25,287.991
14543.1,-6181.05,286.223
14547.3,-6182.85,284.405
14551.5,-6184.65,282.591
14555.8,-6186.45,280.773
14560,-6188.25,278.957
14564.2,-6190.05,277.172
14568.4,-6191.85,275.391
14572.6,-6193.65,273.609
14576.8,-6195.45,271.826
14581,-6197.25,269.971
14585.3,-6199.05,268.113
14589.5,-6200.85,266.259
14593.7,-6202.65,264.505
14597.9,-6204.45,262.75
14602.1,-6206.25,260.996
14606.3,-6208.05,259.172
14610.5,-6209.85,257.349
14614.8,-6211.65,255.525
14619,-6213.45,253.704
14623.2,-6215.25,251.909
14627.4,-6217.05,250.113
14631.6,-6218.85,248.318
14635.8,-6220.65,246.522
14640,-6222.45,244.735
14644.3,-6224.25,242.944
14648.5,-6226.05,241.149
14652.7,-6227.85,239.376
14656.9,-6229.65,237.601
14661.1,-6231.45,235.829
14665.3,-6233.25,233.98
14669.6,-6235.05,232.134
14673.8,-6236.85,230.286
14678,-6238.65,228.438
14682.2,-6240.45,226.612
14686.4,-6242.25,224.783
14690.6,-6244.05,222.957
14694.8,-6245.85,221.129
14699.1,-6247.65,219.267
14703.3,-6249.44,217.403
14707.5,-6251.24,215.539
14711.7,-6253.04,213.923
14715.9,-6254.84,212.305
14720.2,-6256.64,210.667
14724.4,-6258.44,209.047
14728.6,-6260.24,207.179
14732.9,-6262.04,205.28
14737.3,-6263.84,203.346
14741.5,-6265.64,201.541
14745.7,-6267.44,199.735
14749.9,-6269.24,197.929
14754.1,-6271.04,196.124
14758.3,-6272.84,194.345
14762.6,-6274.64,192.563
14766.8,-6276.44,190.781
14771,-6278.24,189.001
14775.2,-6280.04,187.144
14779.4,-6281.84,185.291
14783.6,-6283.64,183.437
14787.8,-6285.44,181.624
14792.1,-6287.24,179.779
14796.4,-6289.04,177.965
14800.6,-6290.84,176.153
14804.8,-6292.64,174.338
14809,-6294.44,172.524
14813.3,-6296.24,170.71
14817.5,-6298.04,168.878
14821.7,-6299.84,167.084
14825.9,-6301.64,165.292
14830.1,-6303.44,163.501
14834.4,-6305.24,161.73
14838.6,-6307.04,159.959
14842.8,-6308.84,158.191
14847,-6310.64,156.358
14851.2,-6312.44,154.526
14855.4,-6314.24,152.69
14859.6,-6316.04,150.858
14863.9,-6317.84,149.107
14868.1,-6319.64,147.353
14872.3,-6321.44,145.601
14876.5,-6323.24,143.847
14880.7,-6325.04,142.002
14884.9,-6326.84,140.154
14889.1,-6328.64,138.31
14893.4,-6330.44,136.5
14897.7,-6332.24,134.72
14901.9,-6334.04,132.931
14906.1,-6335.84,131.15
14910.3,-6337.64,129.372
14914.6,-6339.44,127.593
14918.8,-6341.23,125.816
14923,-6343.03,123.987
14927.2,-6344.83,122.149
14931.6,-6346.63,120.264
14935.9,-6348.43,118.381
14940.1,-6350.23,116.544
14944.3,-6352.03,114.714
14948.5,-6353.83,112.886
14952.7,-6355.63,111.141
14957,-6357.43,109.393
14961.2,-6359.23,107.647
14965.4,-6361.03,105.904
14969.6,-6362.83,104.08
14973.8,-6364.63,102.253
14978,-6366.43,100.422
14982.2,-6368.23,98.6499
14986.5,-6370.03,96.8746
14990.7,-6371.83,95.101
14994.9,-6373.63,93.3127
14999.1,-6375.43,91.4465
15003.4,-6377.23,89.5794
15007.6,-6379.03,87.7141
15011.8,-6380.83,85.9473
15016,-6382.63,84.1757
15020.2,-6384.43,82.3984
15024.5,-6386.23,80.6257
15028.8,-6388.03,78.6638
15033,-6389.83,76.7721
15037.3,-6391.63,74.8808
15041.5,-6393.43,72.9891
15045.7,-6395.23,71.1735
15049.9,-6397.03,69.3558
15054.1,-6398.83,67.5423
15058.5,-6400.63,65.6984
15062.8,-6402.43,63.7708
15067,-6404.23,61.9295
15071.2,-6406.03,60.0859
15075.5,-6407.83,58.242
15079.7,-6409.63,56.4028
15083.9,-6411.43,54.5606
15088.1,-6413.23,52.7491
15092.3,-6415.03,50.9406
15096.5,-6416.83,49.1215
15100.8,-6418.63,47.3144
15105,-6420.43,45.52
15109.2,-6422.23,43.7297
15113.4,-6424.03,41.9377
15117.6,-6425.83,40.1181
15121.8,-6427.63,38.2987
15126.1,-6429.43,36.4765
15130.3,-6431.23,34.6583
15134.5,-6433.02,32.8268
15138.7,-6434.82,30.9979
15142.9,-6436.62,29.1715
15147.1,-6438.42,27.3195
15151.4,-6440.22,25.4676
15155.6,-6442.02,23.6133
15159.8,-6443.82,21.7611
15164,-6445.62,20.0112
15168.2,-6447.42,18.2774
15172.5,-6449.22,16.5447
15176.7,-6451.02,14.8121
15180.9,-6452.82,12.9303
15185.1,-6454.62,11.0669
15189.4,-6456.42,9.20507
15193.6,-6458.22,7.49725
15197.8,-6460.02,5.81232
15202,-6461.82,4.21699
15206.2,-6463.62,2.77186
15210.5,-6465.42,2.09696
15214.7,-6467.22,2.81111
15218.9,-6469.02,4.26351
15223.1,-6470.82,5.89605
15227.3,-6472.62,7.60348
15231.5,-6474.42,9.33943
15235.7,-6476.22,11.0923
15239.9,-6478.02,12.879
15244.2,-6479.82,14.6781
15248.4,-6481.62,16.4797
15252.6,-6483.42,18.2893
15256.8,-6485.22,20.1028
15261,-6487.02,21.9171
15265.2,-6488.82,23.7361
15269.4,-6490.62,25.5226
15273.6,-6492.42,27.3117
15277.9,-6494.22,29.1016
15282.1,-6496.02,30.9245
15286.3,-6497.82,32.7492
15290.5,-6499.62,34.572
15294.7,-6501.42,36.3969
15299,-6503.22,38.243
15303.2,-6505.02,40.0814
15307.4,-6506.82,41.9203
15311.6,-6508.62,43.7663
15315.8,-6510.42,45.6243
15320.1,-6512.22,47.483
15324.3,-6514.02,49.3423
15328.5,-6515.82,51.2133
15332.7,-6517.62,53.0859
15336.9,-6519.42,54.96
15341.1,-6521.22,56.7597
15345.3,-6523.02,58.564
15349.6,-6524.81,60.3658
15353.8,-6526.61,62.1676
15358,-6528.41,63.7279
15362.2,-6530.21,65.2872
15366.4,-6532.01,66.8479
15370.6,-6533.81,68.4062
15374.8,-6535.61,70.1025
15379.1,-6537.41,71.796
15383.3,-6539.21,73.4908
15387.5,-6541.01,75.3166
15391.7,-6542.81,77.1404
15395.9,-6544.61,78.9659
15400.2,-6546.41,80.8007
15404.4,-6548.21,82.5659
15408.6,-6550.01,84.3295
15412.8,-6551.81,86.0931
15417,-6553.61,87.9501
15421.2,-6555.41,89.8063
15425.4,-6557.21,91.6642
15429.7,-6559.01,93.5196
15433.9,-6560.81,95.3389
15438.1,-6562.61,97.1608
15442.3,-6564.41,98.9811
15446.5,-6566.21,100.803
15450.7,-6568.01,102.623
15454.9,-6569.81,104.444
15459.1,-6571.61,106.263
15463.4,-6573.41,108.098
15467.6,-6575.21,109.938
15471.8,-6577.01,111.773
15476,-6578.81,113.61
15480.2,-6580.61,115.436
15484.4,-6582.41,117.265
15488.6,-6584.21,119.091
15492.9,-6586.01,120.809
15497.1,-6587.81,122.53
15501.3,-6589.61,124.258
15505.5,-6591.41,125.979
15509.7,-6593.21,127.712
15514,-6595.01,129.457
15518.2,-6596.81,131.193
15522.4,-6598.61,133.041
15526.6,-6600.41,134.891
15530.8,-6602.21,136.74
15535.1,-6604.01,138.595
15539.3,-6605.81,140.483
15543.5,-6607.61,142.369
15547.7,-6609.41,144.256
15551.9,-6611.21,145.896
15556.1,-6613.01,147.545
15560.4,-6614.81,149.193
15564.6,-6616.6,150.84
15568.8,-6618.4,152.459
15573,-6620.2,154.081
15577.2,-6622,155.707
15581.4,-6623.8,157.331
15585.6,-6625.6,159.147
15589.9,-6627.4,160.969
15594.1,-6629.2,162.816
15598.4,-6631,164.608
15602.6,-6632.8,166.411
15606.8,-6634.6,168.205
15611,-6636.4,169.995
15615.2,-6638.2,171.887
15619.5,-6640,173.776
15623.7,-6641.8,175.666
15627.9,-6643.6,177.464
15632.2,-6645.4,179.268
15636.4,-6647.2,181.105
15640.6,-6649,182.899
15644.9,-6650.8,184.648
15649.1,-6652.6,186.394
15653.3,-6654.4,188.141
15657.5,-6656.2,189.865
15661.7,-6658,191.587
15665.9,-6659.8,193.31
15670.1,-6661.6,195.032
15674.4,-6663.4,196.856
15678.6,-6665.2,198.677
15682.8,-6667,200.499
15687,-6668.8,202.288
15691.2,-6670.6,204.075
15695.4,-6672.4,205.863
15699.6,-6674.2,207.648
15703.9,-6676,209.364
15708.1,-6677.8,211.07
15712.3,-6679.6,212.773
15716.5,-6681.4,214.478
15720.7,-6683.2,216.346
15725,-6685,218.216
15729.2,-6686.8,220.082
15733.4,-6688.6,221.912
15737.6,-6690.4,223.746
15741.8,-6692.2,225.577
15746,-6694,227.409
15750.2,-6695.8,229.19
15754.5,-6697.6,230.972
15758.7,-6699.4,232.752
15762.9,-6701.2,234.637
15767.1,-6703,236.525
15771.3,-6704.8,238.413
15775.5,-6706.6,240.301
15779.8,-6708.4,242.143
15784,-6710.19,244.001
15788.2,-6711.99,245.842
15792.4,-6713.79,247.662
15796.7,-6715.59,249.484
15800.9,-6717.39,251.305
15805.1,-6719.19,253.138
15809.3,-6720.99,254.895
15813.5,-6722.79,256.652
15817.8,-6724.59,258.411
15822,-6726.39,260.246
15826.2,-6728.19,262.083
15830.4,-6729.99,263.917
15834.6,-6731.79,265.754
15838.8,-6733.59,267.589
15843,-6735.39,269.425
15847.3,-6737.19,271.263
15851.5,-6738.99,273.038
15855.7,-6740.79,274.814
15859.9,-6742.59,276.589
15864.1,-6744.39,278.363
15868.3,-6746.19,280.149
15872.5,-6747.99,281.935
15876.8,-6749.79,283.723
15881,-6751.59,285.51
15885.2,-6753.39,287.333
15889.4,-6755.19,289.155
15893.6,-6756.99,290.976
15897.8,-6758.79,292.827
15902,-6760.59,294.676
15906.3,-6762.39,296.537
15910.5,-6764.19,298.386
15914.7,-6765.99,300.173
15918.9,-6767.79,301.958
15923.2,-6769.59,303.744
15927.4,-6771.39,305.466
15931.6,-6773.19,307.185
15935.8,-6774.99,308.906
15940,-6776.79,310.625
15944.2,-6778.59,312.354
15948.4,-6780.39,314.081
15952.7,-6782.19,315.806
15956.9,-6783.99,317.534
15961.1,-6785.79,319.382
15965.3,-6787.59,321.232
15969.5,-6789.39,323.078
15973.7,-6791.19,324.884
15977.9,-6792.99,326.693
15982.2,-6794.79,328.5
15986.4,-6796.59,330.291
15990.6,-6798.39,332.08
15994.8,-6800.19,333.871
15999,-6801.98,335.658
16003.2,-6803.78,337.491
16007.5,-6805.58,339.334
16011.7,-6807.38,341.165
16015.9,-6809.18,342.995
16020.1,-6810.98,344.786
16024.4,-6812.78,346.587
16028.7,-6814.58,348.409
16032.9,-6816.38,350.171
16037.1,-6818.18,351.922
16041.3,-6819.98,353.649
16045.5,-6821.78,355.339
16049.8,-6823.58,356.883
16054,-6825.38,357.995
16058.2,-6827.18,357.821
16062.5,-6828.98,356.563
16066.7,-6830.78,354.978
16070.9,-6832.58,353.294
16075.1,-6834.38,351.57
16079.3,-6836.18,349.815
16083.5,-6837.98,348.05
16087.7,-6839.78,346.276
16092,-6841.58,344.499
16096.2,-6843.38,342.718
16100.4,-6845.18,340.935
16104.6,-6846.98,339.149
16108.8,-6848.78,337.351
16113.1,-6850.58,335.561
16117.3,-6852.38,333.769
16121.5,-6854.18,331.978
16125.7,-6855.98,330.19
16129.9,-6857.78,328.404
16134.1,-6859.58,326.616
16138.3,-6861.38,324.817
16142.6,-6863.18,323.016
16146.8,-6864.98,321.212
16151,-6866.78,319.408
16155.2,-6868.58,317.613
16159.4,-6870.38,315.821
16163.6,-6872.18,314.029
16167.9,-6873.98,312.208
16172.1,-6875.78,310.39
16176.3,-6877.58,308.57
16180.5,-6879.38,306.752
16184.7,-6881.18,304.949
16188.9,-6882.98,303.146
16193.1,-6884.78,301.345
16197.4,-6886.58,299.626
16201.6,-6888.38,297.909
16205.8,-6890.18,296.189
16210,-6891.98,294.463
16214.2,-6893.77,292.776
16218.5,-6895.57,291.093
16222.7,-6897.37,289.41
16226.9,-6899.17,287.724
16231.1,-6900.97,285.783
16235.3,-6902.77,283.841
16239.5,-6904.57,281.902
16243.7,-6906.37,280.173
16248,-6908.17,278.443
16252.2,-6909.97,276.713
16256.4,-6911.77,274.982
16260.6,-6913.57,273.142
16264.8,-6915.37,271.3
16269,-6917.17,269.461
16273.2,-6918.97,267.643
16277.5,-6920.77,265.824
16281.7,-6922.57,264.007
16285.9,-6924.37,262.187
16290.1,-6926.17,260.387
16294.3,-6927.97,258.584
16298.5,-6929.77,256.784
16302.7,-6931.57,254.99
16307,-6933.37,253.172
16311.2,-6935.17,251.367
16315.5,-6936.97,249.57
16319.7,-6938.77,247.803
16323.9,-6940.57,246.033
16328.1,-6942.37,244.262
16332.3,-6944.17,242.54
16336.5,-6945.97,240.816
16340.8,-6947.77,239.096
16345,-6949.57,237.372
16349.2,-6951.37,235.55
16353.4,-6953.17,233.725
16357.6,-6954.97,231.901
16361.8,-6956.77,230.079
16366,-6958.57,228.34
16370.3,-6960.37,226.604
16374.5,-6962.17,224.865
16378.7,-6963.97,223.076
16382.9,-6965.77,221.287
16387.1,-6967.57,219.496
16391.3,-6969.37,217.706
16395.5,-6971.17,215.864
16399.8,-6972.97,214.025
16404,-6974.77,212.167
16408.2,-6976.57,210.31
16412.4,-6978.37,208.442
16416.7,-6980.17,206.581
16420.9,-6981.97,204.723
16425.1,-6983.77,202.877
16429.3,-6985.56,201.02
16433.7,-6987.36,199.117
16437.9,-6989.16,197.314
16442.1,-6990.96,195.519
16446.3,-6992.76,193.721
16450.6,-6994.56,191.924
16454.8,-6996.36,190.177
16459,-6998.16,188.432
16463.2,-6999.96,186.687
16467.4,-7001.76,184.942
16471.6,-7003.56,183.149
16475.9,-7005.36,181.354
16480.1,-7007.16,179.561
16484.3,-7008.96,177.77
16488.5,-7010.76,175.98
16492.7,-7012.56,174.19
16496.9,-7014.36,172.4
16501.1,-7016.16,170.583
16505.3,-7017.96,168.765
16509.6,-7019.76,166.95
16513.8,-7021.56,165.104
16518,-7023.36,163.273
16522.2,-7025.16,161.442
16526.5,-7026.96,159.611
16530.7,-7028.76,157.769
16534.9,-7030.56,155.925
16539.1,-7032.36,154.084
16543.3,-7034.16,152.242
16547.5,-7035.96,150.398
16551.7,-7037.76,148.553
16556,-7039.56,146.707
16560.2,-7041.36,144.823
16564.4,-7043.16,142.937
16568.6,-7044.96,141.054
16572.8,-7046.76,139.278
16577,-7048.56,137.5
16581.2,-7050.36,135.725
16585.5,-7052.16,133.947
16589.7,-7053.96,132.077
16593.9,-7055.76,130.205
16598.1,-7057.56,128.333
16602.3,-7059.36,126.464
16606.5,-7061.16,124.6
16610.7,-7062.96,122.738
16615,-7064.76,120.862
16619.2,-7066.56,119.109
16623.4,-7068.36,117.354
16627.6,-7070.16,115.598
16631.8,-7071.96,113.844
16636.1,-7073.76,112.032
16640.3,-7075.56,110.222
16644.5,-7077.35,108.409
16648.7,-7079.15,106.576
16652.9,-7080.95,104.738
16657.1,-7082.75,102.901
16661.4,-7084.55,101.063
16665.6,-7086.35,99.3099
16669.8,-7088.15,97.5596
16674.1,-7089.95,95.7785
16678.3,-7091.75,94.0282
16682.5,-7093.55,92.1835
16686.7,-7095.35,90.3371
16690.9,-7097.15,88.4924
16695.1,-7098.95,86.6055
16699.4,-7100.75,84.7213
16703.6,-7102.55,82.8371
16707.8,-7104.35,80.9866
16712,-7106.15,79.137
16716.2,-7107.95,77.2771
16720.5,-7109.75,75.4275
16724.7,-7111.55,73.6505
16728.9,-7113.35,71.8784
16733.1,-7115.15,70.1048
16737.3,-7116.95,68.3296
16741.5,-7118.75,66.5423
16745.7,-7120.55,64.7517
16750,-7122.35,62.9645
16754.2,-7124.15,61.1186
16758.4,-7125.95,59.277
16762.6,-7127.75,57.4346
16766.8,-7129.55,55.5905
16771,-7131.35,53.7706
16775.2,-7133.15,51.9492
16779.5,-7134.95,50.1302
16783.7,-7136.75,48.2867
16787.9,-7138.55,46.4406
16792.1,-7140.35,44.5963
16796.3,-7142.15,42.7502
16800.5,-7143.95,40.9573
16804.7,-7145.75,39.1603
16809,-7147.55,37.3668
16813.2,-7149.35,35.5742
16817.4,-7151.15,33.7785
16821.6,-7152.95,31.9937
16825.8,-7154.75,30.2101
16830,-7156.55,28.3637
16834.3,-7158.35,26.5167
16838.5,-7160.15,24.6734
16842.7,-7161.95,22.9277
16846.9,-7163.75,21.1807
16851.1,-7165.55,19.4359
16855.3,-7167.35,17.6921
16859.5,-7169.15,15.9068
16863.8,-7170.94,14.1225
16868,-7172.74,12.3403
16872.2,-7174.54,10.5663
16876.4,-7176.34,8.80875
16880.6,-7178.14,7.06826
16884.8,-7179.94,5.35694
16889,-7181.74,3.72618
16893.2,-7183.54,2.32192
16897.5,-7185.34,1.79836
16901.7,-7187.14,2.72371
16905.9,-7188.94,4.25947
16910.1,-7190.74,5.95394
16914.3,-7192.54,7.70489
16918.5,-7194.34,9.47396
16922.7,-7196.14,11.2554
16926.9,-7197.94,13.0465
16931.1,-7199.74,14.8399
