4.29072,-1.8,0.137056
8.7642,-3.6,0.137056
12.9908,-5.4,0.137056
17.2125,-7.2,0.340348
21.4222,-9,0.699972
25.6651,-10.8,1.07118
29.8763,-12.6,2.40439
34.0906,-14.4,3.7488
38.3336,-16.2,5.09275
42.5434,-18,6.45002
46.7571,-19.8,8.18886
50.9674,-21.6,9.9269
55.1814,-23.4,11.6661
59.3939,-25.2,13.4049
63.6101,-27,15.3125
67.8202,-28.8,17.2175
72.0322,-30.6,19.1234
76.2492,-32.4,21.0767
80.4621,-34.2,23.0283
84.6789,-36,24.9816
88.8894,-37.8,26.932
93.1018,-39.6,28.8903
97.3185,-41.4,30.851
101.531,-43.2,32.8095
105.747,-45,34.619
109.96,-46.8,36.4273
114.181,-48.6,38.2392
118.392,-50.4,40.0477
122.605,-52.2,41.7718
126.85,-54,43.5088
131.064,-55.8,45.2345
135.282,-57.6,47.0368
139.495,-59.4,48.8371
143.712,-61.2,50.6391
147.922,-63,52.4383
152.135,-64.8,54.1843
156.352,-66.6,55.9319
160.564,-68.4,57.6781
164.78,-70.2,59.4941
168.992,-72,61.308
173.205,-73.8,63.1224
177.421,-75.6,64.9389
181.634,-77.4,66.7822
185.849,-79.2,68.6262
190.061,-81,70.4686
194.277,-82.8,72.3132
198.488,-84.6,74.1614
202.7,-86.4,76.0111
206.917,-88.2,77.8619
211.13,-90,79.7049
215.349,-91.8,81.5512
219.562,-93.6,83.3936
223.778,-95.4,85.2381
228.014,-97.2,87.0503
232.228,-99,88.8533
236.446,-100.8,90.6585
240.658,-102.6,92.3749
244.874,-104.4,94.093
249.084,-106.2,95.8084
253.329,-108,97.5387
257.546,-109.8,99.1979
261.759,-111.6,100.855
265.974,-113.4,102.514
270.186,-115.2,104.171
274.402,-117,105.842
278.611,-118.8,107.511
282.823,-120.6,109.181
287.038,-122.4,110.833
291.254,-124.2,112.484
295.47,-126,114.136
299.681,-127.8,115.859
303.897,-129.6,117.585
308.107,-131.4,119.308
312.317,-133.2,121.032
316.537,-135,122.616
320.749,-136.8,124.197
324.964,-138.6,125.78
329.199,-140.4,127.37
333.415,-142.2,129.047
337.626,-144,130.722
341.838,-145.8,132.397
346.054,-147.6,134.058
350.265,-149.4,135.717
354.48,-151.2,137.377
358.689,-153,139.035
362.9,-154.8,140.725
367.117,-156.6,142.417
371.328,-158.4,144.107
375.545,-160.2,145.806
379.756,-162,147.503
383.973,-163.8,149.202
388.183,-165.6,150.899
392.395,-167.4,152.604
396.61,-169.2,154.31
400.821,-171,156.015
405.036,-172.8,157.721
409.247,-174.6,159.431
413.463,-176.4,161.142
417.677,-178.2,162.853
421.888,-180,164.556
426.105,-181.8,166.262
430.34,-183.6,167.974
434.557,-185.4,169.719
438.767,-187.2,171.459
442.978,-189,173.201
447.193,-190.8,174.944
451.404,-192.6,176.728
455.62,-194.4,178.514
459.831,-196.2,180.298
464.046,-198,182.083
468.256,-199.8,183.906
472.467,-201.6,185.729
476.682,-203.4,187.554
480.893,-205.2,189.386
485.109,-207,191.221
489.32,-208.8,193.053
493.538,-210.6,194.887
497.748,-212.4,196.708
501.959,-214.2,198.529
506.175,-216,200.351
510.385,-217.8,202.165
514.605,-219.6,203.983
518.815,-221.4,205.796
523.027,-223.2,207.611
527.242,-225,209.41
531.478,-226.8,211.218
535.696,-228.6,213.018
539.91,-230.4,214.817
544.126,-232.2,216.596
548.336,-234,218.373
552.549,-235.8,220.151
556.765,-237.6,221.946
560.977,-239.4,223.739
565.192,-241.2,225.534
569.404,-243,227.326
573.62,-244.8,229.126
577.831,-246.6,230.924
582.044,-248.4,232.722
586.26,-250.2,234.542
590.473,-252,236.36
594.689,-253.8,238.18
598.901,-255.6,239.998
603.114,-257.4,241.843
607.331,-259.2,243.689
611.544,-261,245.533
615.764,-262.8,247.381
619.976,-264.6,249.224
624.192,-266.4,251.068
628.402,-268.2,252.909
632.637,-270,254.765
636.855,-271.8,256.613
641.069,-273.6,258.46
645.285,-275.4,260.3
649.497,-277.2,262.137
653.714,-279,263.976
657.925,-280.8,265.813
662.136,-282.6,267.645
666.353,-284.4,269.479
670.566,-286.2,271.311
674.782,-288,273.145
678.992,-289.8,274.988
683.205,-291.6,276.833
687.423,-293.4,278.679
691.635,-295.2,280.527
695.853,-297,282.377
700.066,-298.8,284.225
704.283,-300.6,286.075
708.493,-302.4,287.926
712.705,-304.2,289.78
716.926,-306,291.636
721.139,-307.8,293.506
725.356,-309.6,295.378
729.569,-311.4,297.249
733.811,-313.2,299.131
738.023,-315,301.013
742.237,-316.8,302.895
746.453,-318.6,304.778
750.665,-320.4,306.659
754.882,-322.2,308.568
759.092,-324,310.475
763.365,-325.8,312.41
767.584,-327.6,314.327
771.798,-329.4,316.242
776.015,-331.2,318.159
780.228,-333,320.084
784.445,-334.8,322.011
788.705,-336.6,323.958
792.919,-338.4,325.884
797.136,-340.2,327.804
801.348,-342,329.722
805.565,-343.8,331.642
809.778,-345.6,333.56
813.995,-347.4,335.494
818.21,-349.2,337.427
822.423,-351,339.358
826.64,-352.8,341.29
830.852,-354.6,343.219
835.093,-356.4,345.162
839.307,-358.2,347.092
843.525,-360,349.024
847.738,-361.8,350.954
851.951,-363.6,352.883
856.167,-365.4,354.818
860.379,-367.2,356.749
864.596,-369,358.668
868.807,-370.8,359.301
873.019,-372.6,357.414
877.236,-374.4,355.483
881.448,-376.199,353.55
885.664,-377.999,351.614
889.878,-379.799,349.701
894.096,-381.599,347.786
898.307,-383.399,345.874
902.521,-385.199,343.983
906.738,-386.999,342.09
910.95,-388.799,340.199
915.171,-390.599,338.3
919.384,-392.399,336.404
923.602,-394.199,334.506
927.812,-395.999,332.612
932.025,-397.799,330.73
936.266,-399.599,328.836
940.48,-401.399,326.953
944.697,-403.199,325.07
948.909,-404.999,323.347
953.122,-406.799,321.623
957.338,-408.599,319.898
961.55,-410.399,318.237
965.767,-412.199,316.573
969.979,-413.999,314.912
974.196,-415.799,313.249
978.407,-417.599,311.534
982.62,-419.399,309.818
986.836,-421.199,308.101
991.047,-422.999,306.441
995.264,-424.799,304.779
999.495,-426.599,303.116
1003.83,-428.399,301.407
1008.11,-430.199,299.644
1012.33,-431.999,297.912
1016.56,-433.799,296.176
1020.78,-435.599,294.389
1024.99,-437.399,292.6
1029.21,-439.199,290.813
1033.43,-440.999,289.025
1037.68,-442.799,287.217
1041.89,-444.599,285.424
1046.11,-446.399,283.63
1050.32,-448.199,281.838
1054.54,-449.999,280.049
1058.75,-451.799,278.263
1062.96,-453.599,276.476
1067.18,-455.399,274.711
1071.4,-457.199,272.948
1075.61,-458.999,271.183
1079.83,-460.799,269.421
1084.05,-462.599,267.849
1088.26,-464.399,266.279
1092.47,-466.199,264.709
1096.69,-467.999,263.231
1100.9,-469.799,261.754
1105.12,-471.599,260.276
1109.33,-473.399,258.8
1113.55,-475.199,257.284
1117.77,-476.999,255.768
1121.98,-478.799,254.253
1126.2,-480.599,252.766
1130.41,-482.399,251.28
1134.63,-484.199,249.793
1138.86,-485.999,248.3
1143.08,-487.799,246.811
1147.3,-489.599,245.322
1151.51,-491.399,243.834
1155.73,-493.199,242.04
1159.94,-494.999,240.247
1164.16,-496.799,238.453
1168.37,-498.599,236.661
1172.59,-500.399,234.868
1176.81,-502.199,233.074
1181.02,-503.999,231.283
1185.24,-505.799,229.49
1189.45,-507.599,227.698
1193.67,-509.399,225.904
1197.88,-511.199,224.113
1202.09,-512.999,222.321
1206.31,-514.799,220.527
1210.52,-516.599,218.735
1214.74,-518.399,216.941
1218.95,-520.199,215.148
1223.17,-521.999,213.355
1227.38,-523.799,211.561
1231.6,-525.599,209.769
1235.82,-527.398,207.974
1240.05,-529.198,206.172
1244.27,-530.998,204.378
1248.48,-532.798,202.507
1252.7,-534.598,200.711
1256.91,-536.398,198.91
1261.13,-538.198,197.131
1265.34,-539.998,195.351
1269.56,-541.798,193.572
1273.77,-543.598,191.792
1277.98,-545.398,190.002
1282.2,-547.198,188.2
1286.41,-548.998,186.396
1290.63,-550.798,184.593
1294.84,-552.598,182.766
1299.06,-554.398,180.941
1303.27,-556.198,179.115
1307.49,-557.998,177.3
1311.7,-559.798,175.486
1315.92,-561.598,173.67
1320.13,-563.398,171.856
1324.35,-565.198,170.04
1328.56,-566.998,168.228
1332.77,-568.798,166.414
1336.99,-570.598,164.611
1341.23,-572.398,162.801
1345.45,-574.198,160.997
1349.66,-575.998,159.195
1353.88,-577.798,157.391
1358.09,-579.598,155.59
1362.3,-581.398,153.788
1366.52,-583.198,151.983
1370.73,-584.998,150.181
1374.95,-586.798,148.377
1379.17,-588.598,146.573
1383.39,-590.398,144.767
1387.6,-592.198,142.964
1391.81,-593.998,141.161
1396.03,-595.798,139.355
1400.24,-597.598,137.575
1404.46,-599.398,135.794
1408.67,-601.198,134.014
1412.88,-602.998,132.2
1417.1,-604.798,130.383
1421.31,-606.598,128.569
1425.53,-608.398,126.74
1429.74,-610.198,124.913
1433.96,-611.998,123.085
1438.17,-613.798,121.259
1442.41,-615.598,119.392
1446.63,-617.398,117.533
1450.84,-619.198,115.675
1455.06,-620.998,113.816
1459.27,-622.798,111.977
1463.49,-624.598,110.135
1467.7,-626.398,108.297
1471.91,-628.198,106.486
1476.13,-629.998,104.674
1480.34,-631.798,102.863
1484.56,-633.598,101.051
1488.77,-635.398,99.2534
1492.99,-637.198,97.4543
1497.27,-638.998,95.6267
1501.48,-640.798,93.821
1505.7,-642.598,92.0143
1509.91,-644.398,90.2103
1514.13,-646.198,88.404
1518.35,-647.998,86.6129
1522.56,-649.798,84.8224
1526.78,-651.598,83.03
1530.99,-653.398,81.2399
1535.21,-655.198,79.4288
1539.42,-656.998,77.6198
1543.67,-658.798,75.798
1547.88,-660.598,73.9826
1552.09,-662.398,72.1672
1556.31,-664.198,70.3498
1560.52,-665.998,68.5349
1564.74,-667.798,66.7027
1568.95,-669.598,64.8738
1573.17,-671.398,63.0439
1577.38,-673.198,61.2049
1581.6,-674.997,59.3683
1585.82,-676.797,57.5301
1590.03,-678.597,55.6942
1594.24,-680.397,53.8549
1598.45,-682.197,52.0185
1602.67,-683.997,50.1816
1606.88,-685.797,48.3478
1611.1,-687.597,46.5159
1615.32,-689.397,44.6817
1619.53,-691.197,42.8475
1623.75,-692.997,41.0216
1627.96,-694.797,39.199
1632.18,-696.597,37.3754
1636.39,-698.397,35.5413
1640.61,-700.197,33.7094
1644.85,-701.997,31.8658
1649.06,-703.797,30.0352
1653.28,-705.597,28.2149
1657.49,-707.397,26.3933
1661.71,-709.197,24.5753
1665.93,-710.997,22.7572
1670.14,-712.797,20.934
1674.36,-714.597,19.1121
1678.57,-716.397,17.2964
1682.78,-718.197,15.4803
1687,-719.997,13.6701
1691.21,-721.797,11.87
1695.43,-723.597,10.0826
1699.65,-725.397,8.30607
1703.86,-727.197,6.57424
1708.07,-728.997,4.93535
1712.28,-730.797,3.51695
1716.5,-732.597,2.69162
1720.71,-734.397,3.00075
1724.93,-736.197,4.20043
1729.13,-737.997,5.75274
1733.38,-739.797,7.45577
1737.59,-741.597,9.20575
1741.8,-743.397,10.9833
1746.04,-745.197,12.7909
1750.26,-746.997,14.5987
1754.47,-748.797,16.4158
1758.69,-750.597,18.1828
1762.9,-752.397,19.954
1767.12,-754.197,21.7304
1771.33,-755.997,23.5086
1775.55,-757.797,25.2834
1779.77,-759.597,27.0584
1783.98,-761.397,28.8363
1788.2,-763.197,30.6239
1792.41,-764.997,32.4125
1796.63,-766.797,34.2034
1800.84,-768.597,35.9937
1805.06,-770.397,37.6608
1809.27,-772.197,39.326
1813.49,-773.997,40.9931
1817.7,-775.797,42.5806
1821.92,-777.597,44.1676
1826.14,-779.397,45.757
1830.35,-781.197,47.3449
1834.57,-782.997,49.0513
1838.78,-784.797,50.7557
1843,-786.597,52.4606
1847.24,-788.397,54.2505
1851.45,-790.197,56.0286
1855.67,-791.997,57.8081
1859.88,-793.797,59.5859
1864.1,-795.597,61.4196
1868.31,-797.397,63.2504
1872.53,-799.197,65.0826
1876.75,-800.997,66.9004
1880.96,-802.797,68.7161
1885.18,-804.597,70.534
1889.39,-806.397,72.3503
1893.61,-808.197,74.139
1897.82,-809.997,75.9256
1902.03,-811.797,77.7125
1906.25,-813.597,79.5168
1910.46,-815.397,81.3195
1914.68,-817.197,83.1244
1918.9,-818.997,84.928
1923.11,-820.797,86.7004
1927.33,-822.596,88.4742
1931.54,-824.396,90.2466
1935.76,-826.196,92.0208
1939.97,-827.996,93.7213
1944.19,-829.796,95.4238
1948.42,-831.596,97.1332
1952.64,-833.396,98.8689
1956.86,-835.196,100.606
1961.07,-836.996,102.341
1965.29,-838.796,104.078
1969.5,-840.596,105.939
1973.72,-842.396,107.802
1977.93,-844.196,109.663
1982.14,-845.996,111.495
1986.36,-847.796,113.33
1990.58,-849.596,115.163
1994.79,-851.396,116.997
1999.01,-853.196,118.858
2003.22,-854.996,120.72
2007.44,-856.796,122.582
2011.65,-858.596,124.298
2015.87,-860.396,126.016
2020.09,-862.196,127.733
2024.31,-863.996,129.451
2028.52,-865.796,131.277
2032.73,-867.596,133.102
2036.95,-869.396,134.929
2041.16,-871.196,136.755
2045.38,-872.996,138.607
2049.62,-874.796,140.466
2053.84,-876.596,142.319
2058.05,-878.396,144.134
2062.26,-880.196,145.95
2066.48,-881.996,147.768
2070.69,-883.796,149.584
2074.91,-885.596,151.367
2079.12,-887.396,153.148
2083.38,-889.196,154.947
2087.59,-890.996,156.751
2091.8,-892.796,158.555
2096.02,-894.596,160.362
2100.23,-896.396,162.166
2104.45,-898.196,163.999
2108.66,-899.996,165.829
2112.88,-901.796,167.66
2117.1,-903.596,169.494
2121.31,-905.396,171.35
2125.53,-907.196,173.206
2129.74,-908.996,175.061
2133.96,-910.796,176.876
2138.17,-912.596,178.69
2142.38,-914.396,180.504
2146.6,-916.196,182.302
2150.84,-917.996,184.107
2155.06,-919.796,185.906
2159.27,-921.596,187.702
2163.49,-923.396,189.489
2167.7,-925.196,191.272
2171.91,-926.996,193.057
2176.13,-928.796,194.843
2180.35,-930.596,196.635
2184.57,-932.396,198.429
2188.78,-934.196,200.219
2193.03,-935.996,202.043
2197.25,-937.796,203.851
2201.46,-939.596,205.657
2205.68,-941.396,207.465
2209.89,-943.196,209.259
2214.11,-944.996,211.055
2218.33,-946.796,212.851
2222.54,-948.596,214.664
2226.76,-950.396,216.479
2230.97,-952.196,218.291
2235.19,-953.996,220.106
2239.41,-955.796,221.931
2243.62,-957.596,223.758
2247.84,-959.396,225.582
2252.05,-961.196,227.408
2256.27,-962.996,229.226
2260.48,-964.796,231.042
2264.7,-966.596,232.859
2268.91,-968.396,234.658
2273.13,-970.195,236.458
2277.34,-971.995,238.259
2281.56,-973.795,240.116
2285.78,-975.595,241.975
2289.99,-977.395,243.832
2294.21,-979.195,245.691
2298.42,-980.995,247.522
2302.63,-982.795,249.354
2306.85,-984.595,251.187
2311.07,-986.395,253.018
2315.28,-988.195,254.819
2319.5,-989.995,256.62
2323.72,-991.795,258.421
2327.93,-993.595,260.212
2332.15,-995.395,262.004
2336.36,-997.195,263.798
2340.58,-998.995,265.59
2344.79,-1000.8,267.39
2349.01,-1002.6,269.187
2353.24,-1004.4,270.994
2357.46,-1006.2,272.806
2361.67,-1008,274.616
2365.89,-1009.8,276.428
2370.1,-1011.6,278.237
2374.32,-1013.4,280.057
2378.53,-1015.2,281.875
2382.75,-1017,283.693
2386.96,-1018.8,285.514
2391.18,-1020.6,287.355
2395.4,-1022.4,289.197
2399.61,-1024.2,291.039
2403.83,-1026,292.872
2408.04,-1027.8,294.704
2412.25,-1029.6,296.536
2416.47,-1031.4,298.378
2420.69,-1033.2,300.219
2424.9,-1035,302.06
2429.11,-1036.8,303.899
2433.37,-1038.6,305.745
2437.58,-1040.4,307.573
2441.79,-1042.2,309.401
2446.01,-1044,311.232
2450.22,-1045.8,313.061
2454.46,-1047.6,314.903
2458.68,-1049.4,316.732
2462.89,-1051.2,318.569
2467.11,-1053,320.406
2471.32,-1054.8,322.242
2475.54,-1056.6,324.079
2479.75,-1058.4,325.915
2483.97,-1060.2,327.753
2488.18,-1062,329.586
2492.4,-1063.8,331.438
2496.61,-1065.6,333.291
2500.86,-1067.4,335.147
2505.2,-1069.2,337.054
2509.47,-1071,338.932
2513.7,-1072.8,340.787
2517.91,-1074.6,342.633
2522.13,-1076.4,344.486
2526.35,-1078.2,346.335
2530.56,-1080,348.175
2534.78,-1081.8,350.005
2538.99,-1083.6,351.817
2543.2,-1085.4,353.593
2547.42,-1087.2,355.292
2551.64,-1089,356.784
2555.89,-1090.8,357.648
2560.11,-1092.6,357.191
2564.32,-1094.4,355.835
2568.54,-1096.2,354.2
2572.75,-1098,352.458
2576.97,-1099.8,350.668
2581.18,-1101.6,348.856
2585.4,-1103.4,347.034
2589.61,-1105.2,345.204
2593.83,-1107,343.367
2598.04,-1108.8,341.539
2602.25,-1110.6,339.707
2606.47,-1112.4,337.872
2610.68,-1114.2,336.036
2614.9,-1116,334.206
2619.12,-1117.8,332.377
2623.41,-1119.6,330.513
2627.63,-1121.4,328.686
2631.84,-1123.2,326.86
2636.06,-1125,325.031
2640.27,-1126.8,323.204
2644.49,-1128.6,321.431
2648.7,-1130.4,319.661
2652.92,-1132.2,317.89
2657.13,-1134,316.226
2661.35,-1135.8,314.563
2665.57,-1137.6,312.899
2669.78,-1139.4,311.235
2674,-1141.2,309.524
2678.21,-1143,307.814
2682.42,-1144.8,306.104
2686.64,-1146.6,304.393
2690.85,-1148.4,302.732
2695.07,-1150.2,301.068
2699.28,-1152,299.407
2703.5,-1153.8,297.713
2707.71,-1155.6,296.021
2711.93,-1157.4,294.328
2716.14,-1159.2,292.633
2720.36,-1161,290.888
2724.58,-1162.8,289.143
2728.79,-1164.6,287.4
2733,-1166.4,285.654
2737.22,-1168.2,283.906
2741.44,-1170,282.161
2745.66,-1171.8,280.413
2749.87,-1173.6,278.672
2754.09,-1175.4,276.928
2758.33,-1177.2,275.177
2762.54,-1179,273.418
2766.76,-1180.8,271.657
2770.98,-1182.6,269.9
2775.19,-1184.4,268.14
2779.41,-1186.2,266.447
2783.63,-1188,264.752
2787.84,-1189.8,263.058
2792.05,-1191.6,261.323
2796.27,-1193.4,259.585
2800.49,-1195.2,257.85
2804.71,-1197,256.113
2808.92,-1198.8,254.26
2813.13,-1200.6,252.405
2817.35,-1202.4,250.549
2821.57,-1204.2,248.693
2825.78,-1206,246.92
2830,-1207.8,245.148
2834.21,-1209.6,243.374
2838.43,-1211.4,241.559
2842.64,-1213.2,239.743
2846.86,-1215,237.924
2851.07,-1216.8,236.107
2855.29,-1218.6,234.417
2859.53,-1220.4,232.718
2863.74,-1222.2,231.027
2867.96,-1224,229.189
2872.17,-1225.8,227.352
2876.39,-1227.6,225.511
2880.6,-1229.4,223.673
2884.82,-1231.2,221.863
2889.03,-1233,220.056
2893.24,-1234.8,218.248
2897.46,-1236.6,216.438
2901.67,-1238.4,214.639
2905.89,-1240.2,212.839
2910.1,-1242,211.04
2914.32,-1243.8,209.229
2918.53,-1245.6,207.418
2922.8,-1247.4,205.582
2927.02,-1249.2,203.727
2931.24,-1251,201.872
2935.46,-1252.8,200.018
2939.67,-1254.6,198.166
2943.89,-1256.4,196.355
2948.1,-1258.2,194.547
2952.31,-1260,192.738
2956.53,-1261.8,190.929
2960.76,-1263.6,189.096
2964.98,-1265.4,187.272
2969.2,-1267.2,185.449
2973.41,-1269,183.645
2977.62,-1270.8,181.843
2981.84,-1272.6,180.04
2986.05,-1274.4,178.235
2990.27,-1276.2,176.443
2994.48,-1278,174.65
2998.69,-1279.8,172.858
3002.91,-1281.6,171.073
3007.12,-1283.4,169.287
3011.33,-1285.2,167.503
3015.55,-1287,165.716
3019.77,-1288.8,163.939
3023.99,-1290.6,162.162
3028.2,-1292.4,160.387
3032.41,-1294.2,158.611
3036.63,-1296,156.809
3040.84,-1297.8,155.007
3045.06,-1299.6,153.204
3049.27,-1301.4,151.386
3053.49,-1303.2,149.565
3057.7,-1305,147.747
3061.94,-1306.8,145.918
3066.16,-1308.6,144.062
3070.37,-1310.4,142.208
3074.59,-1312.2,140.353
3078.8,-1314,138.559
3083.01,-1315.8,136.764
3087.23,-1317.6,134.967
3091.44,-1319.4,133.172
3095.66,-1321.2,131.366
3099.87,-1323,129.561
3104.09,-1324.8,127.754
3108.3,-1326.6,125.948
3112.51,-1328.4,124.141
3116.73,-1330.2,122.331
3120.94,-1332,120.522
3125.16,-1333.8,118.699
3129.37,-1335.6,116.877
3133.59,-1337.4,115.053
3137.8,-1339.2,113.23
3142.01,-1341,111.407
3146.23,-1342.8,109.582
3150.44,-1344.6,107.759
3154.66,-1346.4,105.962
3158.87,-1348.2,104.169
3163.1,-1350,102.365
3167.32,-1351.8,100.568
3171.53,-1353.6,98.7626
3175.75,-1355.4,96.9554
3179.97,-1357.2,95.1496
3184.18,-1359,93.3351
3188.4,-1360.8,91.5232
3192.61,-1362.6,89.7109
3196.82,-1364.4,87.8969
3201.04,-1366.2,86.0642
3205.26,-1368,84.23
3209.47,-1369.8,82.3973
3213.69,-1371.6,80.5703
3217.9,-1373.4,78.7461
3222.12,-1375.2,76.9205
3226.34,-1377,75.0938
3230.55,-1378.8,73.2719
3234.77,-1380.6,71.4482
3238.98,-1382.4,69.6272
3243.19,-1384.2,67.8126
3247.41,-1386.01,65.9968
3251.63,-1387.81,64.1811
3255.84,-1389.61,62.3643
3260.06,-1391.41,60.5609
3264.3,-1393.21,58.7476
3268.51,-1395.01,56.9449
3272.72,-1396.81,55.1424
3276.94,-1398.61,53.3339
3281.16,-1400.41,51.5272
3285.37,-1402.21,49.7194
3289.59,-1404.01,47.9285
3293.81,-1405.81,46.1362
3298.02,-1407.61,44.3465
3302.23,-1409.41,42.5559
3306.45,-1411.21,40.757
3310.66,-1413.01,38.96
3314.88,-1414.81,37.1614
3319.19,-1416.61,35.3609
3323.41,-1418.41,33.5163
3327.63,-1420.21,31.7172
3331.84,-1422.01,29.9181
3336.06,-1423.81,28.1084
3340.27,-1425.61,26.3016
3344.49,-1427.41,24.4932
3348.7,-1429.21,22.6563
3352.92,-1431.01,20.8215
3357.13,-1432.81,18.9863
3361.35,-1434.61,17.1557
3365.59,-1436.41,15.3075
3369.8,-1438.21,13.4757
3374.02,-1440.01,11.6508
3378.23,-1441.81,9.83642
3382.44,-1443.61,8.04224
3386.66,-1445.41,6.28298
3390.87,-1447.21,4.60429
3395.08,-1449.01,3.14219
3399.29,-1450.81,2.32596
3403.51,-1452.61,2.79239
3407.71,-1454.41,4.13298
3411.92,-1456.21,5.76756
3416.14,-1458.01,7.50853
3420.35,-1459.81,9.29486
3424.57,-1461.61,11.0968
3428.78,-1463.41,12.911
3432.99,-1465.21,14.7349
3437.21,-1467.01,16.5662
3441.42,-1468.81,18.4073
3445.64,-1470.61,20.2533
3449.85,-1472.41,22.0997
3454.07,-1474.21,23.9436
3458.28,-1476.01,25.7875
3462.49,-1477.81,27.6329
3466.73,-1479.61,29.4911
3470.95,-1481.41,31.3432
3475.17,-1483.21,33.1971
3479.38,-1485.01,35.0496
3483.6,-1486.81,36.8355
3487.81,-1488.61,38.6198
3492.02,-1490.41,40.4057
3496.24,-1492.21,42.1935
3500.45,-1494.01,43.7023
3504.67,-1495.81,45.2125
3508.88,-1497.61,46.7209
3513.09,-1499.41,48.3338
3517.31,-1501.21,49.9487
3521.53,-1503.01,51.5636
3525.74,-1504.81,53.1786
3529.96,-1506.61,54.8984
3534.17,-1508.41,56.6197
3538.38,-1510.21,58.3386
3542.6,-1512.01,60.0589
3546.81,-1513.81,61.8821
3551.03,-1515.61,63.7036
3555.25,-1517.41,65.5274
3559.46,-1519.21,67.4122
3563.68,-1521.01,69.2995
3567.91,-1522.81,71.195
3572.13,-1524.61,73.0811
3576.35,-1526.41,74.9147
3580.56,-1528.21,76.7459
3584.78,-1530.01,78.5794
3588.99,-1531.81,80.374
3593.2,-1533.61,82.1694
3597.42,-1535.41,83.9666
3601.63,-1537.21,85.7623
3605.85,-1539.01,87.5547
3610.07,-1540.81,89.3458
3614.28,-1542.61,91.1387
3618.49,-1544.41,92.8556
3622.71,-1546.21,94.5756
3626.93,-1548.01,96.2949
3631.14,-1549.81,98.0133
3635.36,-1551.61,99.7614
3639.6,-1553.41,101.519
3643.82,-1555.21,103.267
3648.03,-1557.01,105.11
3652.24,-1558.81,106.954
3656.46,-1560.61,108.8
3660.67,-1562.41,110.645
3664.89,-1564.21,112.407
3669.12,-1566.01,114.178
3673.38,-1567.81,115.957
3677.59,-1569.61,117.718
3681.81,-1571.41,119.572
3686.02,-1573.21,121.428
3690.24,-1575.01,123.281
3694.45,-1576.81,125.018
3698.67,-1578.61,126.751
3702.88,-1580.41,128.485
3707.1,-1582.21,130.22
3711.31,-1584.01,132.038
3715.52,-1585.81,133.858
3719.74,-1587.61,135.678
3723.96,-1589.41,137.485
3728.17,-1591.21,139.289
3732.39,-1593.01,141.094
3736.6,-1594.81,142.901
3740.82,-1596.61,144.721
3745.03,-1598.41,146.544
3749.25,-1600.21,148.365
3753.46,-1602.01,150.187
3757.67,-1603.81,152.012
3761.89,-1605.61,153.838
3766.1,-1607.41,155.667
3770.34,-1609.21,157.5
3774.56,-1611.01,159.327
3778.77,-1612.81,161.151
3782.98,-1614.61,162.975
3787.2,-1616.41,164.783
3791.41,-1618.21,166.588
3795.63,-1620.01,168.396
3799.84,-1621.81,170.185
3804.06,-1623.61,171.975
3808.27,-1625.41,173.763
3812.49,-1627.21,175.552
3816.7,-1629.01,177.341
3820.92,-1630.81,179.129
3825.14,-1632.61,180.917
3829.35,-1634.41,182.696
3833.57,-1636.21,184.477
3837.78,-1638.01,186.255
3841.99,-1639.81,188.033
3846.21,-1641.61,189.822
3850.42,-1643.41,191.61
3854.64,-1645.21,193.399
3858.85,-1647.01,195.212
3863.07,-1648.81,197.027
3867.28,-1650.61,198.843
3871.52,-1652.41,200.668
3875.74,-1654.21,202.496
3879.95,-1656.01,204.323
3884.17,-1657.81,206.151
3888.38,-1659.61,207.975
3892.6,-1661.41,209.8
3896.81,-1663.21,211.626
3901.03,-1665.01,213.451
3905.24,-1666.81,215.261
3909.46,-1668.61,217.069
3913.68,-1670.41,218.878
3917.89,-1672.21,220.677
3922.1,-1674.01,222.477
3926.32,-1675.81,224.278
3930.53,-1677.61,226.077
3934.75,-1679.41,227.882
3938.96,-1681.21,229.685
3943.18,-1683.01,231.489
3947.39,-1684.81,233.294
3951.61,-1686.61,235.105
3955.82,-1688.41,236.917
3960.04,-1690.21,238.729
3964.25,-1692.01,240.539
3968.47,-1693.81,242.347
3972.7,-1695.61,244.167
3976.92,-1697.41,245.978
3981.14,-1699.21,247.797
3985.36,-1701.01,249.617
3989.57,-1702.81,251.436
3993.8,-1704.61,253.261
3998.31,-1706.41,255.207
4002.57,-1708.21,257.042
4006.92,-1710.01,258.921
4011.33,-1711.81,260.765
4015.73,-1713.61,262.608
4020.24,-1715.41,264.497
4024.7,-1717.21,266.338
4029.25,-1719.01,268.212
4033.85,-1720.81,270.109
4038.71,-1722.61,272.089
4043.1,-1724.41,273.875
4047.51,-1726.21,275.67
4051.75,-1728.01,277.39
4055.98,-1729.81,279.009
4060.2,-1731.61,280.626
4064.44,-1733.41,282.25
4068.67,-1735.21,284.056
4072.94,-1737.01,285.883
4077.16,-1738.81,287.687
4081.46,-1740.61,289.529
4085.98,-1742.41,291.459
4090.22,-1744.21,293.271
4094.45,-1746.01,295.082
4098.68,-1747.81,296.816
4102.91,-1749.61,298.558
4107.14,-1751.41,300.302
4111.37,-1753.21,302.038
4115.6,-1755.02,303.846
4119.83,-1756.82,305.646
4124.06,-1758.62,307.452
4128.28,-1760.42,309.287
4132.53,-1762.22,311.133
4136.77,-1764.02,312.975
4140.99,-1765.82,314.81
4145.22,-1767.62,316.634
4149.45,-1769.42,318.458
4153.68,-1771.22,320.279
4157.9,-1773.02,322.096
4162.47,-1774.82,324.056
4166.71,-1776.62,325.873
4170.93,-1778.42,327.682
4175.19,-1780.22,329.443
4179.43,-1782.02,331.186
4183.66,-1783.82,332.937
4187.88,-1785.62,334.679
4192.11,-1787.42,336.473
4196.34,-1789.22,338.268
4200.57,-1791.02,340.059
4204.8,-1792.82,341.844
4209.02,-1794.62,343.628
4213.25,-1796.42,345.405
4217.49,-1798.22,347.182
4221.71,-1800.02,348.952
4225.95,-1801.82,350.713
4230.17,-1803.62,352.439
4234.41,-1805.42,354.127
4238.66,-1807.22,355.71
4242.9,-1809.02,357.002
4247.13,-1810.82,357.513
4251.35,-1812.62,356.841
4255.6,-1814.42,355.478
4259.83,-1816.22,353.873
4264.15,-1818.02,352.117
4268.37,-1819.82,350.355
4272.6,-1821.62,348.564
4276.87,-1823.42,346.745
4281.1,-1825.22,344.954
4285.34,-1827.02,343.149
4289.57,-1828.82,341.343
4293.8,-1830.62,339.531
4298.02,-1832.42,337.718
4302.25,-1834.22,335.9
4306.49,-1836.02,334.079
4310.73,-1837.82,332.269
4314.96,-1839.62,330.463
4319.2,-1841.42,328.652
4323.43,-1843.22,326.847
4327.65,-1845.02,325.038
4331.87,-1846.82,323.232
4336.11,-1848.62,321.418
4340.61,-1850.42,319.643
4344.85,-1852.22,317.969
4349.07,-1854.02,316.304
4353.65,-1855.82,314.64
4357.89,-1857.62,312.969
4362.11,-1859.42,311.434
4366.35,-1861.22,309.894
4370.85,-1863.02,308.016
4375.12,-1864.82,306.235
4379.34,-1866.62,304.471
4383.58,-1868.42,302.677
4387.8,-1870.22,300.892
4392.04,-1872.02,299.1
4396.26,-1873.82,297.313
4400.52,-1875.62,295.44
4404.74,-1877.42,293.578
4408.97,-1879.22,291.717
4413.19,-1881.02,289.859
4417.43,-1882.82,287.964
4421.66,-1884.62,286.062
4425.9,-1886.42,284.161
4430.12,-1888.22,282.331
4434.36,-1890.02,280.493
4438.59,-1891.82,278.66
4442.83,-1893.62,276.826
4447.05,-1895.42,275.025
4451.3,-1897.22,273.219
4455.53,-1899.02,271.411
4459.76,-1900.82,269.638
4463.99,-1902.62,267.866
4468.22,-1904.42,266.094
4472.45,-1906.22,264.321
4476.7,-1908.02,262.638
4480.93,-1909.82,260.969
4485.16,-1911.62,259.297
4489.4,-1913.42,257.584
4493.65,-1915.22,255.867
4497.87,-1917.02,254.163
4502.09,-1918.82,252.454
4506.34,-1920.62,250.621
4510.56,-1922.42,248.795
4514.78,-1924.22,246.968
4519.01,-1926.02,245.105
4523.24,-1927.82,243.244
4527.47,-1929.62,241.379
4531.69,-1931.42,239.522
4535.97,-1933.22,237.587
4540.19,-1935.02,235.68
4544.41,-1936.82,233.776
4548.64,-1938.62,232.084
4552.88,-1940.42,230.39
4557.11,-1942.22,228.699
4561.34,-1944.02,227.005
4565.57,-1945.82,225.182
4569.79,-1947.62,223.361
4574.01,-1949.42,221.541
4578.25,-1951.22,219.712
4582.48,-1953.02,217.886
4586.71,-1954.82,216.057
4590.94,-1956.62,214.235
4595.16,-1958.42,212.413
4599.4,-1960.22,210.584
4603.66,-1962.02,208.749
4607.87,-1963.82,206.93
4612.44,-1965.62,204.977
4616.68,-1967.42,203.17
4620.9,-1969.22,201.359
4625.15,-1971.02,199.587
4629.38,-1972.82,197.819
4633.63,-1974.62,196.046
4637.85,-1976.42,194.285
4642.08,-1978.22,192.471
4646.31,-1980.02,190.657
4650.53,-1981.82,188.85
4654.77,-1983.62,187.023
4658.98,-1985.42,185.201
4663.21,-1987.22,183.379
4667.44,-1989.02,181.552
4671.66,-1990.82,179.74
4675.89,-1992.62,177.925
4680.15,-1994.42,176.094
4684.39,-1996.22,174.288
4688.63,-1998.02,172.485
4692.86,-1999.82,170.682
4697.09,-2001.62,168.883
4701.32,-2003.42,167.103
4705.56,-2005.22,165.328
4709.78,-2007.02,163.549
4714.14,-2008.82,161.699
4718.37,-2010.62,159.911
4722.61,-2012.42,158.114
4726.84,-2014.22,156.318
4731.07,-2016.02,154.564
4735.31,-2017.82,152.808
4739.53,-2019.62,151.044
4743.76,-2021.42,149.245
4747.98,-2023.22,147.447
4752.2,-2025.02,145.65
4756.44,-2026.82,143.847
4760.66,-2028.62,142.025
4764.9,-2030.42,140.195
4769.12,-2032.22,138.373
4773.4,-2034.02,136.52
4777.65,-2035.82,134.683
4781.9,-2037.62,132.846
4786.14,-2039.42,131.012
4790.62,-2041.22,129.109
4794.86,-2043.02,127.305
4799.08,-2044.82,125.51
4803.64,-2046.62,123.607
4807.86,-2048.42,121.845
4812.08,-2050.22,120.084
4816.32,-2052.02,118.316
4820.85,-2053.82,116.43
4825.08,-2055.62,114.663
4829.31,-2057.42,112.902
4833.53,-2059.22,111.141
4837.77,-2061.02,109.354
4842.01,-2062.82,107.566
4846.24,-2064.62,105.784
4850.47,-2066.42,103.984
4854.7,-2068.22,102.188
4858.92,-2070.02,100.395
4863.15,-2071.82,98.5971
4867.39,-2073.62,96.7866
4871.63,-2075.42,94.9794
4875.85,-2077.22,93.1766
4880.08,-2079.02,91.3708
4884.33,-2080.82,89.5503
4888.55,-2082.62,87.7493
4892.76,-2084.42,85.945
4897.01,-2086.22,84.1185
4901.24,-2088.02,82.2976
4905.47,-2089.82,80.4726
4909.7,-2091.62,78.6446
4913.93,-2093.42,76.8173
4918.15,-2095.22,74.9931
4922.38,-2097.02,73.1608
4926.74,-2098.82,71.2764
4930.98,-2100.62,69.4448
4935.2,-2102.42,67.6181
4939.44,-2104.22,65.8142
4943.66,-2106.02,64.015
4947.89,-2107.82,62.2126
4952.12,-2109.62,60.4149
4956.34,-2111.42,58.6231
4960.56,-2113.22,56.8327
4964.8,-2115.02,55.0423
4969.02,-2116.82,53.2335
4973.25,-2118.62,51.4282
4977.48,-2120.42,49.618
4981.72,-2122.22,47.807
4986.12,-2124.02,45.9448
4990.35,-2125.82,44.1501
4994.59,-2127.62,42.3549
4999.13,-2129.43,40.458
5003.41,-2131.23,38.6718
5007.64,-2133.03,36.9035
5011.88,-2134.83,35.1337
5016.34,-2136.63,33.2816
5020.58,-2138.43,31.5256
5024.81,-2140.23,29.7732
5029.03,-2142.03,28.0257
5033.66,-2143.83,26.0648
5037.88,-2145.63,24.2774
5042.17,-2147.43,22.4637
5046.43,-2149.23,20.6951
5050.65,-2151.03,18.9334
5054.89,-2152.83,17.1744
5059.11,-2154.63,15.3824
5063.38,-2156.43,13.5726
5067.63,-2158.23,11.7785
5071.85,-2160.03,10.009
5076.09,-2161.83,8.25375
5080.31,-2163.63,6.53133
5084.58,-2165.43,4.85184
5088.8,-2167.23,3.33812
5093.03,-2169.03,2.30228
5097.26,-2170.83,2.46166
5101.6,-2172.63,3.70406
5105.85,-2174.43,5.27727
5110.09,-2176.23,6.96491
5114.32,-2178.03,8.70065
5118.53,-2179.83,10.4542
5123.09,-2181.63,12.3667
5127.34,-2183.43,14.1578
5131.56,-2185.23,15.9448
5135.79,-2187.03,17.7235
5140.01,-2188.83,19.5034
5144.26,-2190.63,21.2939
5148.49,-2192.43,23.0797
5152.72,-2194.23,24.8982
5156.95,-2196.03,26.7145
5161.17,-2197.83,28.5277
5165.41,-2199.63,30.3509
5169.66,-2201.43,32.1791
5173.88,-2203.23,33.9974
5178.12,-2205.03,35.8193
5182.33,-2206.83,37.6178
5186.6,-2208.63,39.4368
5190.84,-2210.43,41.2429
5195.06,-2212.23,42.7898
5199.28,-2214.03,44.3363
5203.53,-2215.83,45.893
5207.75,-2217.63,47.44
5211.98,-2219.43,49.1291
5216.21,-2221.23,50.8185
5220.44,-2223.03,52.5087
5224.76,-2224.83,54.4191
5228.99,-2226.63,56.2831
5233.21,-2228.43,58.1481
5237.44,-2230.23,60.0182
5241.67,-2232.03,61.7725
5245.9,-2233.83,63.5312
5250.13,-2235.63,65.2922
5254.36,-2237.43,67.1201
5258.6,-2239.23,68.9505
5262.82,-2241.03,70.7752
5267.05,-2242.83,72.6023
5271.28,-2244.63,74.4177
5275.53,-2246.43,76.2405
5279.75,-2248.23,78.0505
5284.02,-2250.03,79.8788
5288.27,-2251.83,81.7013
5292.51,-2253.63,83.5238
5296.76,-2255.43,85.3449
5301.22,-2257.23,87.2393
5305.46,-2259.03,89.0421
5309.69,-2260.83,90.8346
5313.93,-2262.63,92.6296
5318.15,-2264.43,94.3146
5322.39,-2266.23,96.0031
5326.64,-2268.03,97.6934
5330.85,-2269.83,99.4232
5335.08,-2271.63,101.157
5339.31,-2273.43,102.891
5343.55,-2275.23,104.622
5347.77,-2277.03,106.493
5352,-2278.83,108.363
5356.23,-2280.63,110.23
5360.47,-2282.43,111.99
5364.71,-2284.23,113.75
5368.93,-2286.03,115.502
5373.15,-2287.83,117.255
5377.41,-2289.63,119.08
5381.66,-2291.43,120.903
5385.88,-2293.23,122.713
5390.1,-2295.03,124.537
5394.33,-2296.83,126.363
5398.55,-2298.63,128.185
5402.78,-2300.43,130.011
5407.1,-2302.23,131.842
5411.33,-2304.03,133.637
5415.56,-2305.83,135.429
5419.78,-2307.63,137.302
5424.02,-2309.43,139.188
5428.26,-2311.23,141.068
5432.51,-2313.03,142.957
5436.74,-2314.83,144.763
5440.96,-2316.63,146.568
5445.18,-2318.43,148.373
5449.43,-2320.23,150.198
5453.65,-2322.03,152.028
5457.88,-2323.83,153.852
5462.1,-2325.63,155.674
5466.34,-2327.43,157.468
5470.56,-2329.23,159.254
5474.79,-2331.03,161.041
5479.01,-2332.83,162.826
5483.65,-2334.63,164.792
5487.87,-2336.43,166.581
5492.13,-2338.23,168.385
5496.35,-2340.03,170.101
5501.05,-2341.83,172.005
5507.11,-2343.63,174.465
5511.83,-2345.43,176.469
5516.06,-2347.23,178.263
5520.28,-2349.03,180.052
5524.78,-2350.83,181.723
5529.01,-2352.63,183.292
5533.22,-2354.43,184.855
5537.46,-2356.23,186.427
5541.96,-2358.03,188.308
5546.18,-2359.83,190.069
5550.42,-2361.63,191.835
5554.65,-2363.43,193.605
5559.21,-2365.23,195.553
5563.46,-2367.03,197.365
5567.67,-2368.83,199.166
5571.9,-2370.63,200.876
5576.13,-2372.43,202.582
5580.36,-2374.23,204.292
5584.59,-2376.03,206.005
5588.81,-2377.83,207.709
5593.07,-2379.63,209.431
5597.31,-2381.43,211.138
5601.53,-2383.23,212.85
5605.79,-2385.03,214.569
5610,-2386.83,216.275
5614.23,-2388.63,217.983
5618.46,-2390.43,219.693
5622.68,-2392.23,221.399
5626.91,-2394.03,223.107
5631.13,-2395.83,224.813
5635.39,-2397.63,226.534
5639.62,-2399.43,228.246
5643.85,-2401.23,229.956
5648.07,-2403.03,231.748
5652.32,-2404.83,233.545
5656.56,-2406.63,235.31
5660.78,-2408.43,237.186
5665.02,-2410.23,239.064
5669.24,-2412.03,240.935
5673.48,-2413.83,242.813
5677.7,-2415.63,244.636
5681.94,-2417.43,246.484
5686.17,-2419.23,248.328
5690.4,-2421.03,250.158
5694.7,-2422.83,252.014
5698.92,-2424.63,253.837
5703.14,-2426.43,255.662
5707.39,-2428.23,257.449
5711.63,-2430.03,259.236
5715.86,-2431.83,261.014
5720.1,-2433.63,262.811
5724.33,-2435.43,264.609
5728.57,-2437.23,266.404
5732.79,-2439.03,268.194
5737.33,-2440.83,270.125
5741.56,-2442.63,271.917
5745.85,-2444.43,273.741
5750.09,-2446.23,275.509
5754.32,-2448.03,277.279
5758.54,-2449.83,279.042
5762.76,-2451.63,280.805
5766.99,-2453.43,282.61
5771.22,-2455.23,284.412
5775.46,-2457.03,286.221
5779.68,-2458.83,288.058
5783.91,-2460.63,289.9
5788.13,-2462.43,291.74
5792.36,-2464.23,293.579
5796.64,-2466.03,295.427
5800.88,-2467.83,297.259
5805.11,-2469.63,299.083
5809.67,-2471.43,301.036
5813.91,-2473.23,302.854
5818.13,-2475.03,304.663
5822.36,-2476.83,306.478
5826.83,-2478.63,308.342
5831.05,-2480.43,310.099
5835.28,-2482.23,311.859
5839.52,-2484.03,313.626
5844.09,-2485.83,315.535
5848.33,-2487.63,317.305
5852.56,-2489.43,319.075
5857.09,-2491.23,320.955
5861.32,-2493.03,322.713
5865.55,-2494.83,324.466
5869.77,-2496.64,326.218
5874.34,-2498.44,328.134
5878.57,-2500.24,329.91
5882.8,-2502.04,331.679
5887.03,-2503.84,333.458
5891.26,-2505.64,335.232
5895.54,-2507.44,337.028
5899.77,-2509.24,338.855
5904,-2511.04,340.684
5908.22,-2512.84,342.505
5912.45,-2514.64,344.327
5916.68,-2516.44,346.141
5920.9,-2518.24,347.946
5925.13,-2520.04,349.737
5929.55,-2521.84,351.595
5933.79,-2523.64,353.335
5938,-2525.44,354.991
5942.23,-2527.24,356.457
5946.6,-2529.04,357.404
5950.84,-2530.84,357.197
5955.07,-2532.64,356.052
5959.63,-2534.44,354.535
5963.86,-2536.24,352.744
5968.08,-2538.04,351.029
5972.32,-2539.84,349.278
5976.84,-2541.64,347.418
5981.06,-2543.44,345.67
5985.3,-2545.24,343.913
5989.53,-2547.04,342.142
5994.09,-2548.84,340.236
5998.34,-2550.64,338.457
6002.56,-2552.44,336.686
6007.09,-2554.24,334.795
6011.32,-2556.04,333.025
6015.56,-2557.84,331.252
6019.78,-2559.64,329.486
6024.35,-2561.44,327.573
6028.59,-2563.24,325.8
6032.81,-2565.04,324.032
6037.34,-2566.84,322.178
6041.56,-2568.64,320.45
6045.79,-2570.44,318.719
6050.01,-2572.24,317.244
6054.26,-2574.04,315.76
6058.49,-2575.84,314.28
6062.71,-2577.64,312.803
6066.94,-2579.44,311.204
6071.16,-2581.24,309.604
6075.39,-2583.04,308.002
6079.63,-2584.84,306.398
6083.86,-2586.64,304.675
6088.08,-2588.44,302.951
6092.32,-2590.24,301.223
6096.63,-2592.04,299.429
6100.87,-2593.84,297.662
6105.09,-2595.64,295.901
6109.64,-2597.44,293.899
6113.88,-2599.24,292.031
6118.1,-2601.04,290.172
6122.34,-2602.84,288.306
6126.84,-2604.64,286.401
6131.08,-2606.44,284.61
6135.32,-2608.24,282.817
6139.88,-2610.04,281.058
6144.11,-2611.84,279.157
6148.34,-2613.64,277.394
6152.56,-2615.44,275.635
6157.09,-2617.24,273.776
6161.33,-2619.04,272.037
6165.56,-2620.84,270.302
6169.77,-2622.64,268.571
6174.34,-2624.44,266.827
6178.57,-2626.24,265.209
6182.79,-2628.04,263.596
6187.34,-2629.84,261.811
6191.57,-2631.64,260.15
6195.8,-2633.44,258.492
6200.39,-2635.24,256.664
6204.65,-2637.04,254.685
6208.87,-2638.84,252.868
6213.1,-2640.64,251.045
6217.61,-2642.44,249.307
6221.85,-2644.24,247.675
6226.08,-2646.04,246.044
6230.31,-2647.84,244.256
6234.54,-2649.64,242.472
6238.77,-2651.44,240.683
6242.99,-2653.24,238.901
6247.22,-2655.04,237.022
6251.45,-2656.84,235.14
6255.68,-2658.64,233.262
6259.9,-2660.44,231.457
6264.13,-2662.24,229.651
6268.36,-2664.04,227.844
6272.59,-2665.84,226.035
6276.84,-2667.64,224.168
6281.08,-2669.44,222.308
6285.32,-2671.24,220.449
6289.87,-2673.04,218.597
6294.1,-2674.84,216.618
6298.36,-2676.64,214.773
6302.69,-2678.44,212.894
6307.09,-2680.24,211.083
6311.34,-2682.04,209.337
6315.56,-2683.84,207.597
6319.79,-2685.64,205.86
6324.34,-2687.44,203.988
6328.56,-2689.24,202.252
6332.78,-2691.04,200.52
6337.33,-2692.84,198.652
6341.56,-2694.64,196.921
6345.78,-2696.44,195.189
6350.01,-2698.24,193.457
6354.59,-2700.04,191.569
6358.83,-2701.84,189.828
6363.05,-2703.64,188.091
6367.6,-2705.44,186.218
6371.84,-2707.24,184.478
6376.06,-2709.04,182.743
6380.28,-2710.84,181.01
6384.86,-2712.64,179.078
6389.08,-2714.44,177.299
6393.34,-2716.24,175.503
6397.83,-2718.04,173.642
6402.08,-2719.84,171.884
6406.32,-2721.64,170.132
6410.55,-2723.44,168.35
6414.77,-2725.24,166.559
6419.01,-2727.04,164.77
6423.23,-2728.84,162.986
6427.48,-2730.64,161.184
6431.7,-2732.44,159.393
6435.93,-2734.24,157.601
6440.15,-2736.04,155.799
6444.39,-2737.84,153.988
6448.63,-2739.64,152.18
6452.9,-2741.44,150.357
6457.21,-2743.24,148.534
6461.45,-2745.04,146.742
6465.68,-2746.84,144.955
6469.9,-2748.64,143.17
6474.47,-2750.44,141.241
6478.7,-2752.24,139.455
6482.92,-2754.04,137.673
6487.48,-2755.84,135.84
6491.72,-2757.64,134.133
6495.94,-2759.44,132.431
6500.55,-2761.24,130.455
6504.78,-2763.04,128.625
6509,-2764.84,126.807
6513.24,-2766.64,124.98
6517.72,-2768.44,123.151
6521.95,-2770.24,121.422
6526.18,-2772.04,119.692
6530.4,-2773.84,117.866
6534.66,-2775.64,116.027
6538.89,-2777.44,114.199
6543.11,-2779.24,112.375
6547.34,-2781.04,110.547
6551.56,-2782.84,108.722
6555.79,-2784.64,106.894
6560.02,-2786.44,105.064
6564.25,-2788.24,103.254
6568.49,-2790.04,101.437
6572.71,-2791.84,99.6306
6576.96,-2793.64,97.8325
6581.18,-2795.44,96.0469
6585.43,-2797.24,94.2547
6589.65,-2799.04,92.4629
6594.21,-2800.84,90.521
6598.45,-2802.64,88.7184
6602.69,-2804.44,86.91
6607.21,-2806.24,85.0406
6611.45,-2808.04,83.2884
6615.67,-2809.84,81.5401
6619.9,-2811.64,79.7929
6624.48,-2813.44,77.8718
6628.7,-2815.24,76.104
6632.92,-2817.04,74.3369
6637.47,-2818.84,72.4515
6641.71,-2820.64,70.6968
6645.93,-2822.44,68.9491
6650.14,-2824.24,67.2029
6654.72,-2826.04,65.2859
6658.95,-2827.84,63.5145
6663.17,-2829.64,61.7488
6667.71,-2831.44,59.8662
6671.94,-2833.24,58.1172
6676.16,-2835.04,56.3669
6680.39,-2836.84,54.6135
6684.96,-2838.64,52.7122
6689.2,-2840.44,50.9461
6693.43,-2842.24,49.1858
6697.96,-2844.04,47.3591
6702.21,-2845.84,45.6531
6706.44,-2847.64,43.9502
6710.67,-2849.44,42.2051
6714.9,-2851.24,40.4507
6719.13,-2853.04,38.6986
6723.4,-2854.84,36.9323
6727.64,-2856.64,35.1135
6731.87,-2858.44,33.3007
6736.1,-2860.24,31.4859
6740.33,-2862.04,29.6701
6744.57,-2863.84,27.8327
6748.79,-2865.65,26.0018
6753.03,-2867.45,24.1658
6757.25,-2869.25,22.3299
6761.51,-2871.05,20.4831
6765.74,-2872.85,18.6517
6770.27,-2874.65,16.6951
6774.53,-2876.45,14.86
6778.75,-2878.25,13.048
6782.98,-2880.05,11.2407
6787.48,-2881.85,9.37577
6791.72,-2883.65,7.64816
6795.94,-2885.45,5.97494
6800.5,-2887.25,4.41524
6804.77,-2889.05,3.04117
6808.99,-2890.85,2.57176
6813.22,-2892.65,3.23305
6817.73,-2894.45,4.64761
6821.96,-2896.25,6.21947
6826.18,-2898.05,7.8792
6830.4,-2899.85,9.58676
6834.96,-2901.65,11.4642
6839.2,-2903.45,13.2251
6843.44,-2905.25,14.9938
6847.96,-2907.05,16.8858
6852.18,-2908.85,18.6577
6856.42,-2910.65,20.4338
6860.64,-2912.45,22.2195
6864.89,-2914.25,24.0109
6869.11,-2916.05,25.7946
6873.36,-2917.85,27.5923
6877.59,-2919.65,29.385
6881.82,-2921.45,31.1742
6886.04,-2923.25,32.962
6890.26,-2925.05,34.7431
6894.51,-2926.85,36.5379
6898.74,-2928.65,38.3221
6903.08,-2930.45,40.1516
6907.33,-2932.25,41.6866
6911.56,-2934.05,43.2171
6915.79,-2935.85,44.7438
6920.01,-2937.65,46.2701
6924.24,-2939.45,47.8811
6928.48,-2941.25,49.4998
6932.71,-2943.05,51.1132
6936.94,-2944.85,52.8319
6941.17,-2946.65,54.5494
6945.41,-2948.45,56.2757
6949.66,-2950.25,58.0042
6953.88,-2952.05,59.7376
6958.12,-2953.85,61.476
6962.34,-2955.65,63.2072
6966.58,-2957.45,65.0722
6970.8,-2959.25,66.9297
6975.03,-2961.05,68.7949
6979.25,-2962.85,70.6544
6983.5,-2964.65,72.4837
6987.72,-2966.45,74.2998
6991.95,-2968.25,76.1187
6996.17,-2970.05,77.8892
7001.17,-2971.85,79.9769
7007.19,-2973.65,82.5041
7011.47,-2975.45,84.2396
7015.7,-2977.25,85.9513
7019.92,-2979.05,87.6561
7024.15,-2980.85,89.3686
7028.38,-2982.65,90.9452
7032.61,-2984.45,92.5235
7036.83,-2986.25,94.0952
7041.06,-2988.05,95.6948
7045.28,-2989.85,97.2924
7049.52,-2991.65,98.8996
7053.76,-2993.45,100.503
7057.98,-2995.25,102.307
7062.21,-2997.05,104.112
7066.44,-2998.85,105.923
7070.66,-3000.65,107.711
7074.88,-3002.45,109.501
7079.1,-3004.25,111.293
7083.36,-3006.05,113.098
7087.59,-3007.85,114.931
7091.81,-3009.65,116.759
7096.03,-3011.45,118.589
7100.55,-3013.25,120.629
7104.81,-3015.05,122.565
7109.03,-3016.85,124.475
7113.27,-3018.65,126.393
7117.72,-3020.45,128.151
7121.96,-3022.25,129.823
7126.19,-3024.05,131.494
7130.74,-3025.85,133.16
7134.97,-3027.65,135.09
7139.21,-3029.45,136.881
7143.45,-3031.25,138.673
7147.96,-3033.05,140.512
7152.18,-3034.85,142.232
7156.41,-3036.65,143.952
7160.64,-3038.45,145.679
7165.28,-3040.25,147.641
7169.52,-3042.05,149.438
7173.76,-3043.85,151.236
7177.98,-3045.65,152.939
7182.21,-3047.45,154.645
7186.44,-3049.25,156.355
7190.67,-3051.05,158.058
7194.89,-3052.85,159.883
7199.12,-3054.65,161.706
7203.39,-3056.45,163.548
7207.63,-3058.25,165.356
7211.85,-3060.05,167.158
7216.08,-3061.85,168.963
7220.31,-3063.65,170.771
7224.54,-3065.45,172.585
7228.76,-3067.25,174.403
7233,-3069.05,176.223
7237.23,-3070.85,178.046
7241.46,-3072.65,179.874
7245.68,-3074.45,181.697
7249.9,-3076.25,183.517
7254.14,-3078.05,185.325
7258.36,-3079.85,187.129
7262.59,-3081.65,188.937
7266.89,-3083.45,190.768
7271.11,-3085.25,192.57
7275.34,-3087.05,194.372
7279.57,-3088.85,196.177
7283.8,-3090.65,197.949
7288.02,-3092.45,199.719
7292.26,-3094.25,201.496
7296.52,-3096.05,203.298
7300.74,-3097.85,205.087
7304.99,-3099.65,206.887
7309.21,-3101.45,208.674
7313.45,-3103.25,210.46
7317.67,-3105.05,212.24
7321.89,-3106.85,214.019
7326.14,-3108.65,215.84
7330.36,-3110.45,217.65
7334.59,-3112.25,219.468
7338.83,-3114.05,221.283
7343.34,-3115.85,223.174
7347.58,-3117.65,224.953
7351.8,-3119.45,226.723
7356.03,-3121.25,228.493
7360.61,-3123.05,230.427
7364.84,-3124.85,232.209
7369.05,-3126.65,233.988
7373.28,-3128.45,235.728
7377.53,-3130.25,237.479
7381.77,-3132.05,239.227
7385.99,-3133.85,241.087
7390.22,-3135.65,242.946
7394.45,-3137.45,244.809
7398.68,-3139.25,246.669
7402.9,-3141.05,248.471
7407.16,-3142.85,250.29
7411.4,-3144.65,252.102
7415.65,-3146.45,253.923
7419.89,-3148.25,255.738
7424.12,-3150.05,257.549
7428.35,-3151.85,259.363
7432.84,-3153.65,261.285
7437.08,-3155.45,263.102
7441.32,-3157.25,264.919
7445.87,-3159.05,266.844
7450.1,-3160.85,268.629
7454.33,-3162.65,270.417
7458.55,-3164.45,272.198
7463.09,-3166.25,274.102
7467.33,-3168.05,275.879
7471.57,-3169.85,277.654
7475.8,-3171.65,279.424
7480.02,-3173.45,281.22
7484.26,-3175.25,283.018
7488.51,-3177.05,284.821
7492.74,-3178.85,286.677
7496.96,-3180.65,288.536
7501.18,-3182.45,290.392
7505.42,-3184.25,292.25
7509.65,-3186.05,294.114
7513.89,-3187.85,295.978
7518.11,-3189.65,297.836
7522.33,-3191.45,299.684
7526.58,-3193.25,301.542
7530.8,-3195.05,303.391
7535.03,-3196.85,305.238
7539.27,-3198.65,307.081
7543.52,-3200.45,308.931
7547.74,-3202.25,310.765
7551.97,-3204.05,312.528
7556.19,-3205.85,314.293
7560.43,-3207.65,316.054
7564.65,-3209.45,317.822
7568.97,-3211.25,319.676
7573.2,-3213.05,321.495
7577.43,-3214.85,323.31
7581.65,-3216.65,325.118
7585.89,-3218.45,326.937
7590.11,-3220.25,328.745
7594.34,-3222.05,330.554
7598.55,-3223.85,332.366
7602.78,-3225.65,334.182
7607.03,-3227.45,336.005
7611.27,-3229.25,337.855
7615.52,-3231.05,339.71
7619.75,-3232.85,341.554
7623.98,-3234.66,343.39
7628.21,-3236.46,345.217
7632.44,-3238.26,347.037
7636.67,-3240.06,348.84
7640.89,-3241.86,350.622
7645.46,-3243.66,352.525
7649.7,-3245.46,354.218
7653.92,-3247.26,355.755
7658.47,-3249.06,356.953
7662.71,-3250.86,357.161
7666.93,-3252.66,356.325
7671.15,-3254.46,354.944
7675.74,-3256.26,353.213
7679.96,-3258.06,351.528
7684.18,-3259.86,349.797
7688.71,-3261.66,347.926
7692.93,-3263.46,346.166
7697.16,-3265.26,344.395
7701.39,-3267.06,342.614
7705.96,-3268.86,340.67
7710.21,-3270.66,338.856
7714.44,-3272.46,337.046
7718.96,-3274.26,335.121
7723.18,-3276.06,333.322
7727.42,-3277.86,331.518
7731.67,-3279.66,329.698
7735.9,-3281.46,327.88
7740.13,-3283.26,326.065
7744.36,-3285.06,324.251
7748.6,-3286.86,322.478
7752.82,-3288.66,320.71
7757.05,-3290.46,318.94
7761.28,-3292.26,317.395
7765.53,-3294.06,315.841
7769.75,-3295.86,314.295
7773.98,-3297.66,312.75
7778.21,-3299.46,311.118
7782.44,-3301.26,309.483
7786.67,-3303.06,307.853
7790.89,-3304.86,306.222
7795.48,-3306.66,304.478
7799.7,-3308.46,302.868
7803.93,-3310.26,301.26
7808.5,-3312.06,299.604
7812.73,-3313.86,298.068
7816.96,-3315.66,296.536
7821.52,-3317.46,294.69
7825.75,-3319.26,292.976
7829.98,-3321.06,291.267
7834.22,-3322.86,289.55
7838.73,-3324.66,287.632
7842.97,-3326.46,285.83
7847.2,-3328.26,284.032
7851.75,-3330.06,282.251
7855.97,-3331.86,280.324
7860.2,-3333.66,278.538
7864.44,-3335.46,276.747
7868.7,-3337.26,274.998
7872.93,-3339.06,273.257
7877.16,-3340.86,271.521
7881.4,-3342.66,269.778
7885.64,-3344.46,268.093
7889.87,-3346.26,266.412
7894.1,-3348.06,264.733
7898.33,-3349.86,262.987
7902.55,-3351.66,261.245
7906.78,-3353.46,259.502
7911.04,-3355.26,257.649
7915.28,-3357.06,255.802
7919.52,-3358.86,253.955
7923.77,-3360.66,252.108
7927.99,-3362.46,250.385
7932.22,-3364.26,248.663
7936.47,-3366.06,246.93
7940.69,-3367.86,245.206
7944.94,-3369.66,243.414
7949.17,-3371.46,241.628
7953.4,-3373.26,239.836
7957.64,-3375.06,237.96
7961.87,-3376.86,236.085
7966.1,-3378.66,234.213
7970.34,-3380.46,232.337
7974.58,-3382.26,230.548
7978.81,-3384.06,228.762
7983.04,-3385.86,226.981
7987.28,-3387.66,225.116
7991.52,-3389.46,223.247
7995.76,-3391.26,221.381
7999.99,-3393.06,219.525
8004.21,-3394.86,217.73
8008.44,-3396.66,215.936
8012.67,-3398.46,214.143
8017.01,-3400.26,212.264
8021.26,-3402.06,210.435
8025.51,-3403.86,208.6
8029.75,-3405.66,206.772
8033.98,-3407.46,205.014
8038.21,-3409.26,203.256
8042.44,-3411.06,201.496
8046.67,-3412.86,199.71
8050.89,-3414.66,197.926
8055.13,-3416.46,196.137
8059.35,-3418.26,194.354
8063.59,-3420.06,192.566
8067.82,-3421.86,190.786
8072.05,-3423.66,189.009
8076.27,-3425.46,187.208
8080.52,-3427.26,185.398
8084.74,-3429.06,183.6
8088.98,-3430.86,181.799
8093.47,-3432.66,179.87
8097.71,-3434.46,178.05
8101.93,-3436.26,176.24
8106.51,-3438.06,174.427
8110.76,-3439.86,172.502
8114.99,-3441.66,170.735
8119.22,-3443.46,168.965
8123.71,-3445.26,167.109
8127.95,-3447.06,165.357
8132.17,-3448.86,163.614
8136.4,-3450.66,161.868
8140.95,-3452.46,159.939
8145.19,-3454.26,158.145
8149.43,-3456.06,156.358
8153.96,-3457.86,154.494
8158.18,-3459.66,152.765
8162.42,-3461.46,151.033
8166.65,-3463.26,149.292
8171.21,-3465.06,147.409
8175.45,-3466.86,145.656
8179.67,-3468.66,143.911
8184.21,-3470.46,142.071
8188.44,-3472.26,140.358
8192.67,-3474.06,138.648
8196.89,-3475.86,136.938
8201.46,-3477.66,135.077
8205.7,-3479.46,133.351
8209.92,-3481.26,131.633
8214.15,-3483.06,129.89
8218.38,-3484.86,128.148
8222.64,-3486.66,126.398
8226.87,-3488.46,124.527
8231.1,-3490.26,122.66
8235.33,-3492.06,120.792
8239.55,-3493.86,118.923
8243.78,-3495.66,117.061
8248.01,-3497.46,115.197
8252.24,-3499.26,113.336
8256.53,-3501.06,111.494
8260.76,-3502.86,109.674
8264.99,-3504.66,107.858
8269.23,-3506.46,106.039
8273.73,-3508.26,104.15
8277.96,-3510.06,102.37
8282.18,-3511.86,100.597
8286.74,-3513.66,98.8235
8290.96,-3515.46,96.9397
8295.2,-3517.26,95.1883
8299.43,-3519.06,93.439
8303.96,-3520.86,91.5888
8308.18,-3522.66,89.8632
8312.44,-3524.46,88.1196
8317,-3526.26,86.2303
8321.26,-3528.06,84.4637
8325.51,-3529.86,82.7004
8329.75,-3531.66,80.9444
8334.21,-3533.46,79.1182
8338.44,-3535.26,77.3868
8342.67,-3537.06,75.6602
8346.89,-3538.86,73.9321
8351.46,-3540.66,71.999
8355.7,-3542.46,70.2043
8359.92,-3544.26,68.4189
8364.47,-3546.06,66.5342
8368.71,-3547.86,64.7789
8372.93,-3549.66,63.0322
8377.15,-3551.46,61.2841
8381.72,-3553.26,59.3725
8385.95,-3555.06,57.5994
8390.17,-3556.86,55.8321
8394.42,-3558.66,54.0833
8398.65,-3560.46,52.3307
8402.88,-3562.26,50.5828
8407.11,-3564.06,48.8387
8411.34,-3565.86,47.0534
8415.6,-3567.66,45.2532
8419.82,-3569.46,43.472
8424.05,-3571.26,41.6716
8428.27,-3573.06,39.8725
8432.52,-3574.86,38.0622
8436.77,-3576.66,36.2346
8441,-3578.46,34.4116
8445.23,-3580.26,32.5944
8449.47,-3582.06,30.7734
8453.96,-3583.86,28.8342
8458.2,-3585.66,27.0085
8462.43,-3587.46,25.1874
8466.65,-3589.26,23.3714
8471.21,-3591.06,21.4199
8475.45,-3592.86,19.6053
8479.67,-3594.66,17.8046
8484.21,-3596.46,15.8814
8488.44,-3598.26,14.0988
8492.66,-3600.06,12.3345
