4.29473,-1.8,0.148037
8.78644,-3.6,0.148037
13.042,-5.4,0.148037
17.3728,-7.2,0.148037
21.7005,-9,0.742301
25.9165,-10.8,1.52004
30.1674,-12.6,2.30941
34.3771,-14.4,3.09171
38.6823,-16.2,4.70803
42.8955,-18,6.35547
47.1034,-19.8,7.96935
51.3067,-21.6,9.95922
55.5142,-23.4,11.9522
59.7331,-25.2,13.9506
63.9464,-27,15.9469
68.1649,-28.8,17.9495
72.3764,-30.6,19.9489
76.5889,-32.4,21.9487
80.8055,-34.2,23.939
85.018,-36,25.9272
89.2343,-37.8,27.9174
93.4493,-39.6,29.9058
97.6666,-41.4,31.8829
101.877,-43.2,33.8557
106.088,-45,35.829
110.309,-46.8,37.8067
114.535,-48.6,39.6697
118.756,-50.4,41.5303
122.968,-52.2,43.3879
127.187,-54,45.021
131.429,-55.8,46.6634
135.644,-57.6,48.2959
139.862,-59.4,50.0362
144.076,-61.2,51.7751
148.292,-63,53.5143
152.503,-64.8,55.2517
156.715,-66.6,56.8956
160.933,-68.4,58.5411
165.146,-70.2,60.185
169.363,-72,61.8307
173.577,-73.8,63.5069
177.794,-75.6,65.1848
182.004,-77.4,66.8598
186.215,-79.2,68.6785
190.43,-81,70.4988
194.641,-82.8,72.3174
198.857,-84.6,74.138
203.068,-86.4,75.9756
207.282,-88.2,77.8147
211.495,-90,79.653
215.719,-91.8,81.492
219.938,-93.6,83.3284
224.151,-95.4,85.1623
228.369,-97.2,86.9987
232.606,-99,88.7964
236.82,-100.8,90.5846
241.036,-102.6,92.3739
245.248,-104.4,94.1612
249.464,-106.2,95.7468
253.676,-108,97.3306
257.892,-109.8,98.9166
262.104,-111.6,100.515
266.314,-113.4,102.114
270.531,-115.2,103.714
274.742,-117,105.313
278.96,-118.8,107.157
283.171,-120.6,108.998
287.385,-122.4,110.841
291.594,-124.2,112.636
295.805,-126,114.431
300.02,-127.8,116.229
304.231,-129.6,118.024
308.446,-131.4,119.819
312.659,-133.2,121.612
316.9,-135,123.418
321.117,-136.8,125.124
325.328,-138.6,126.829
329.544,-140.4,128.535
333.782,-142.2,130.25
338,-144,132.075
342.211,-145.8,133.896
346.425,-147.6,135.719
350.642,-149.4,137.549
354.853,-151.2,139.376
359.069,-153,141.206
363.281,-154.8,143.034
367.497,-156.6,144.838
371.709,-158.4,146.639
375.923,-160.2,148.441
380.138,-162,150.245
384.351,-163.8,152.076
388.568,-165.6,153.909
392.779,-167.4,155.739
397.034,-169.2,157.609
401.245,-171,159.458
405.454,-172.8,161.307
409.681,-174.6,163.164
413.923,-176.4,165.006
418.144,-178.2,166.838
422.354,-180,168.666
426.567,-181.8,170.454
430.783,-183.6,172.243
435.02,-185.4,174.041
439.238,-187.2,175.831
443.453,-189,177.61
447.669,-190.8,179.389
451.88,-192.6,181.166
456.092,-194.4,182.95
460.309,-196.2,184.735
464.521,-198,186.519
468.737,-199.8,188.304
472.95,-201.6,190.087
477.167,-203.4,191.872
481.376,-205.2,193.653
485.588,-207,195.457
489.805,-208.8,197.263
494.017,-210.6,199.067
498.233,-212.4,200.872
502.443,-214.2,202.683
506.654,-216,204.495
510.873,-217.8,206.31
515.113,-219.6,208.134
519.335,-221.4,209.965
523.549,-223.2,211.793
527.766,-225,213.622
531.977,-226.8,215.435
536.215,-228.6,217.26
540.433,-230.4,219.076
544.646,-232.2,220.889
548.864,-234,222.704
553.077,-235.8,224.517
557.294,-237.6,226.331
561.505,-239.4,228.126
565.718,-241.2,229.923
569.935,-243,231.721
574.148,-244.8,233.518
578.366,-246.6,235.313
582.577,-248.4,237.105
586.789,-250.2,238.897
591.007,-252,240.723
595.219,-253.8,242.548
599.436,-255.6,244.374
603.649,-257.4,246.198
607.866,-259.2,248.022
612.077,-261,249.843
616.32,-262.8,251.677
620.54,-264.6,253.508
624.753,-266.4,255.336
628.97,-268.2,257.165
633.183,-270,258.993
637.423,-271.8,260.819
641.635,-273.6,262.633
645.85,-275.4,264.448
650.067,-277.2,266.264
654.28,-279,268.085
658.496,-280.8,269.907
662.706,-282.6,271.727
666.92,-284.4,273.555
671.137,-286.2,275.386
675.351,-288,277.215
679.568,-289.8,279.045
683.781,-291.6,280.876
687.997,-293.4,282.708
692.208,-295.2,284.538
696.42,-297,286.368
700.637,-298.8,288.199
704.849,-300.6,290.027
709.066,-302.4,291.858
713.282,-304.2,293.683
717.528,-306,295.523
721.743,-307.8,297.347
725.957,-309.6,299.173
730.174,-311.4,301.001
734.385,-313.2,302.826
738.628,-315,304.664
742.848,-316.8,306.489
747.067,-318.6,308.313
751.281,-320.4,310.134
755.493,-322.2,311.956
759.711,-324,313.778
763.924,-325.8,315.599
768.142,-327.6,317.422
772.354,-329.4,319.262
776.567,-331.2,321.102
780.784,-333,322.944
784.998,-334.8,324.785
789.281,-336.6,326.696
793.496,-338.4,328.576
797.713,-340.2,330.457
801.925,-342,332.353
806.138,-343.8,334.249
810.357,-345.6,336.148
814.597,-347.4,338.056
818.819,-349.2,339.974
823.033,-351,341.888
827.251,-352.8,343.803
831.463,-354.6,345.725
835.677,-356.4,347.648
839.918,-358.2,349.582
844.134,-360,351.502
848.354,-361.8,353.425
852.566,-363.6,355.335
856.781,-365.4,357.22
860.999,-367.2,358.95
865.212,-369,358.543
869.429,-370.8,356.716
873.642,-372.6,354.796
877.862,-374.4,352.848
882.078,-376.199,350.894
886.293,-377.999,348.938
890.512,-379.799,346.978
894.726,-381.599,345.022
898.944,-383.399,343.064
903.158,-385.199,341.107
907.375,-386.999,339.146
911.59,-388.799,337.187
915.833,-390.599,335.214
920.054,-392.399,333.241
924.268,-394.199,331.272
928.487,-395.999,329.3
932.698,-397.799,327.332
936.913,-399.599,325.368
941.155,-401.399,323.391
945.369,-403.199,321.427
949.588,-404.999,319.461
953.802,-406.799,317.751
958.02,-408.599,316.04
962.232,-410.399,314.33
966.446,-412.199,312.652
970.666,-413.999,310.971
974.88,-415.799,309.292
979.098,-417.599,307.612
983.311,-419.399,305.893
987.528,-421.199,304.173
991.74,-422.999,302.455
995.954,-424.799,300.735
1000.17,-426.599,299.007
1004.38,-428.399,297.28
1008.6,-430.199,295.552
1012.81,-431.999,293.774
1017.12,-433.799,291.953
1021.34,-435.599,290.173
1025.55,-437.399,288.393
1029.77,-439.199,286.568
1033.99,-440.999,284.746
1038.21,-442.799,282.922
1042.45,-444.599,281.088
1046.66,-446.399,279.263
1050.88,-448.199,277.438
1055.1,-449.999,275.614
1059.32,-451.799,273.794
1063.53,-453.599,271.975
1067.75,-455.399,270.156
1071.96,-457.199,268.433
1076.17,-458.999,266.709
1080.39,-460.799,264.983
1084.61,-462.599,263.259
1088.83,-464.399,261.628
1093.04,-466.199,259.999
1097.26,-467.999,258.368
1101.47,-469.799,256.825
1105.68,-471.599,255.282
1109.9,-473.399,253.738
1114.11,-475.199,252.194
1118.36,-476.999,250.625
1122.58,-478.799,249.068
1126.79,-480.599,247.512
1131.01,-482.399,245.916
1135.22,-484.199,244.322
1139.44,-485.999,242.726
1143.68,-487.799,241.122
1147.9,-489.599,239.582
1152.11,-491.399,238.043
1156.33,-493.199,236.505
1160.55,-494.999,234.965
1164.76,-496.799,233.326
1168.98,-498.599,231.685
1173.2,-500.399,230.046
1177.41,-502.199,228.243
1181.63,-503.999,226.443
1185.84,-505.799,224.641
1190.06,-507.599,222.838
1194.27,-509.399,220.968
1198.49,-511.199,219.095
1202.7,-512.999,217.225
1206.91,-514.799,215.402
1211.13,-516.599,213.576
1215.38,-518.399,211.739
1219.6,-520.199,209.912
1223.81,-521.999,208.126
1228.03,-523.799,206.338
1232.24,-525.599,204.552
1236.46,-527.398,202.721
1240.68,-529.198,200.889
1244.91,-530.998,199.048
1249.13,-532.798,197.214
1253.35,-534.598,195.392
1257.57,-536.398,193.569
1261.78,-538.198,191.748
1265.99,-539.998,189.955
1270.21,-541.798,188.161
1274.42,-543.598,186.368
1278.64,-545.398,184.574
1282.86,-547.198,182.787
1287.08,-548.998,181.001
1291.29,-550.798,179.217
1295.5,-552.598,177.432
1299.72,-554.398,175.634
1303.93,-556.198,173.839
1308.15,-557.998,172.043
1312.36,-559.798,170.235
1316.6,-561.598,168.416
1320.82,-563.398,166.605
1325.04,-565.198,164.798
1329.26,-566.998,162.986
1333.47,-568.798,161.176
1337.69,-570.598,159.363
1341.9,-572.398,157.548
1346.14,-574.198,155.723
1350.36,-575.998,153.904
1354.57,-577.798,152.088
1358.79,-579.598,150.278
1363.01,-581.398,148.469
1367.23,-583.198,146.659
1371.44,-584.998,144.852
1375.65,-586.798,143.044
1379.87,-588.598,141.234
1384.08,-590.398,139.426
1388.3,-592.198,137.65
1392.51,-593.998,135.877
1396.73,-595.798,134.103
1400.94,-597.598,132.327
1405.16,-599.398,130.547
1409.37,-601.198,128.765
1413.59,-602.998,126.985
1417.83,-604.798,125.179
1422.05,-606.598,123.387
1426.26,-608.398,121.595
1430.48,-610.198,119.802
1434.69,-611.998,117.987
1438.91,-613.798,116.171
1443.13,-615.598,114.355
1447.37,-617.398,112.494
1451.58,-619.198,110.646
1455.8,-620.998,108.798
1460.02,-622.798,106.947
1464.23,-624.598,105.115
1468.45,-626.398,103.282
1472.66,-628.198,101.452
1476.88,-629.998,99.6202
1481.1,-631.798,97.7908
1485.31,-633.598,95.9635
1489.53,-635.398,94.1342
1493.79,-637.198,92.2958
1498.01,-638.998,90.473
1502.22,-640.798,88.6537
1506.43,-642.598,86.8314
1510.65,-644.398,85.0068
1515.17,-646.198,83.1749
1519.56,-647.998,81.1549
1523.87,-649.798,79.2919
1528.11,-651.598,77.4657
1532.32,-653.398,75.6482
1536.54,-655.198,73.8676
1540.75,-656.998,72.0878
1544.97,-658.798,70.3051
1549.23,-660.598,68.5056
1553.45,-662.398,66.7046
1557.66,-664.198,64.9057
1561.87,-665.998,63.1105
1566.08,-667.798,61.3131
1570.3,-669.598,59.5018
1574.52,-671.398,57.6919
1578.73,-673.198,55.8807
1582.95,-674.997,54.0505
1587.16,-676.797,52.2191
1591.38,-678.597,50.3897
1595.59,-680.397,48.5596
1599.81,-682.197,46.7077
1604.02,-683.997,44.8578
1608.24,-685.797,43.0069
1612.45,-687.597,41.1481
1616.7,-689.397,39.276
1620.92,-691.197,37.4155
1625.14,-692.997,35.5582
1629.35,-694.797,33.6898
1633.57,-696.597,31.8232
1637.79,-698.397,29.9554
1642,-700.197,28.0754
1646.21,-701.997,26.1947
1650.46,-703.797,24.3003
1654.68,-705.597,22.4201
1658.89,-707.397,20.5338
1663.11,-709.197,18.6509
1667.33,-710.997,16.7662
1671.54,-712.797,14.8673
1675.75,-714.597,12.9689
1679.97,-716.397,11.0706
1684.18,-718.197,9.17813
1688.4,-719.997,7.28295
1692.6,-721.797,5.40423
1696.81,-723.597,3.55833
1701.03,-725.397,1.84901
1705.24,-727.197,1.23478
1709.45,-728.997,2.66562
1713.66,-730.797,4.48996
1717.91,-732.597,6.40384
1722.12,-734.397,8.32453
1726.33,-736.197,10.2554
1730.55,-737.997,12.1924
1734.77,-739.797,14.146
1738.98,-741.597,16.1027
1743.2,-743.397,18.059
1747.42,-745.197,20.0199
1751.65,-746.997,21.9896
1755.87,-748.797,23.95
1760.08,-750.597,25.9129
1764.3,-752.397,27.8687
1768.52,-754.197,29.8263
1772.73,-755.997,31.7816
1776.94,-757.797,33.738
1781.16,-759.597,35.6914
1785.38,-761.397,37.6418
1789.59,-763.197,39.5949
1793.81,-764.997,41.4109
1798.03,-766.797,43.2284
1802.24,-768.597,45.0436
1806.45,-770.397,46.6244
1810.67,-772.197,48.2074
1814.88,-773.997,49.7899
1819.13,-775.797,51.3848
1823.35,-777.597,53.0907
1827.57,-779.397,54.7979
1831.79,-781.197,56.5026
1836,-782.997,58.2062
1840.21,-784.797,59.8713
1844.42,-786.597,61.5353
1848.64,-788.397,63.2034
1852.88,-790.197,64.9346
1857.1,-791.997,66.6567
1861.32,-793.797,68.376
1865.53,-795.597,70.0958
1869.75,-797.397,71.9139
1873.97,-799.197,73.7307
1878.18,-800.997,75.5484
1882.4,-802.797,77.4086
1886.61,-804.597,79.2693
1890.83,-806.397,81.1319
1895.04,-808.197,82.993
1899.26,-809.997,84.8309
1903.47,-811.797,86.6669
1907.69,-813.597,88.5045
1911.9,-815.397,90.2842
1916.11,-817.197,92.0665
1920.36,-818.997,93.8624
1924.58,-820.797,95.6445
1928.8,-822.596,97.2488
1933.01,-824.396,98.8511
1937.23,-826.196,100.455
1941.44,-827.996,102.027
1945.65,-829.796,103.6
1949.87,-831.596,105.174
1954.11,-833.396,106.755
1958.33,-835.196,108.39
1962.54,-836.996,110.023
1966.76,-838.796,111.656
1970.97,-840.596,113.291
1975.19,-842.396,114.855
1979.41,-844.196,116.422
1983.62,-845.996,117.987
1987.84,-847.796,119.616
1992.05,-849.596,121.244
1996.26,-851.396,122.871
2000.48,-853.196,124.5
2004.69,-854.996,126.229
2008.91,-856.796,127.962
2013.13,-858.596,129.693
2017.37,-860.396,131.44
2021.59,-862.196,133.174
2025.8,-863.996,134.908
2030.02,-865.796,136.643
2034.23,-867.596,138.469
2038.45,-869.396,140.296
2042.66,-871.196,142.121
2046.88,-872.996,143.946
2051.09,-874.796,145.789
2055.33,-876.596,147.64
2059.55,-878.396,149.483
2063.76,-880.196,151.278
2067.98,-881.996,153.075
2072.19,-883.796,154.869
2076.41,-885.596,156.664
2080.62,-887.396,158.467
2084.84,-889.196,160.266
2089.06,-890.996,162.069
2093.27,-892.796,163.875
2097.49,-894.596,165.683
2101.7,-896.396,167.488
2105.91,-898.196,169.293
2110.13,-899.996,171.077
2114.35,-901.796,172.861
2118.59,-903.596,174.657
2122.81,-905.396,176.455
2127.07,-907.196,178.274
2131.28,-908.996,180.071
2135.49,-910.796,181.87
2139.71,-912.596,183.679
2143.93,-914.396,185.485
2148.14,-916.196,187.293
2152.35,-917.996,189.122
2156.59,-919.796,190.963
2160.81,-921.596,192.795
2165.03,-923.396,194.624
2169.25,-925.196,196.445
2173.46,-926.996,198.264
2177.68,-928.796,200.085
2181.89,-930.596,201.894
2186.1,-932.396,203.704
2190.38,-934.196,205.541
2194.6,-935.996,207.352
2198.82,-937.796,209.149
2203.03,-939.596,210.944
2207.25,-941.396,212.74
2211.46,-943.196,214.533
2215.67,-944.996,216.328
2219.92,-946.796,218.135
2224.13,-948.596,219.929
2228.35,-950.396,221.681
2232.56,-952.196,223.429
2236.78,-953.996,225.177
2240.99,-955.796,226.927
2245.21,-957.596,228.745
2249.43,-959.396,230.565
2253.64,-961.196,232.383
2257.86,-962.996,234.202
2262.07,-964.796,236.019
2266.28,-966.596,237.836
2270.5,-968.396,239.655
2274.72,-970.195,241.459
2278.93,-971.995,243.264
2283.15,-973.795,245.067
2287.36,-975.595,246.931
2291.58,-977.395,248.794
2295.79,-979.195,250.657
2300.01,-980.995,252.522
2304.22,-982.795,254.374
2308.44,-984.595,256.228
2312.65,-986.395,258.079
2316.86,-988.195,259.91
2321.11,-989.995,261.755
2325.33,-991.795,263.587
2329.55,-993.595,265.42
2333.76,-995.395,267.226
2337.98,-997.195,269.033
2342.19,-998.995,270.838
2346.41,-1000.8,272.644
2350.63,-1002.6,274.461
2354.84,-1004.4,276.276
2359.08,-1006.2,278.104
2363.3,-1008,279.916
2367.52,-1009.8,281.73
2371.73,-1011.6,283.54
2375.94,-1013.4,285.351
2380.16,-1015.2,287.17
2384.37,-1017,288.989
2388.59,-1018.8,290.809
2392.8,-1020.6,292.65
2397.06,-1022.4,294.51
2401.27,-1024.2,296.352
2405.48,-1026,298.194
2409.7,-1027.8,300.05
2413.91,-1029.6,301.905
2418.16,-1031.4,303.774
2422.37,-1033.2,305.669
2426.59,-1035,307.564
2430.81,-1036.8,309.461
2435.02,-1038.6,311.356
2439.24,-1040.4,313.266
2443.45,-1042.2,315.174
2447.67,-1044,317.084
2451.88,-1045.8,318.994
2456.09,-1047.6,320.905
2460.34,-1049.4,322.829
2464.55,-1051.2,324.74
2468.77,-1053,326.665
2472.99,-1054.8,328.588
2477.2,-1056.6,330.513
2481.41,-1058.4,332.433
2485.63,-1060.2,334.379
2489.85,-1062,336.327
2494.06,-1063.8,338.273
2498.28,-1065.6,340.228
2502.49,-1067.4,342.181
2506.7,-1069.2,344.134
2510.92,-1071,346.089
2515.19,-1072.8,348.077
2519.44,-1074.6,350.051
2523.66,-1076.4,352.01
2527.88,-1078.2,353.975
2532.09,-1080,355.93
2536.31,-1081.8,357.859
2540.52,-1083.6,359.403
2544.74,-1085.4,358.017
2548.96,-1087.2,356.083
2553.17,-1089,354.12
2557.39,-1090.8,352.148
2561.63,-1092.6,350.142
2565.84,-1094.4,348.144
2570.06,-1096.2,346.143
2574.28,-1098,344.155
2578.49,-1099.8,342.165
2582.71,-1101.6,340.177
2586.92,-1103.4,338.192
2591.14,-1105.2,336.203
2595.35,-1107,334.217
2599.57,-1108.8,332.229
2603.78,-1110.6,330.263
2608,-1112.4,328.295
2612.21,-1114.2,326.33
2616.43,-1116,324.363
2620.68,-1117.8,322.39
2624.89,-1119.6,320.432
2629.11,-1121.4,318.472
2633.33,-1123.2,316.706
2637.55,-1125,314.939
2641.76,-1126.8,313.175
2645.97,-1128.6,311.409
2650.19,-1130.4,309.729
2654.41,-1132.2,308.051
2658.63,-1134,306.37
2662.85,-1135.8,304.635
2667.07,-1137.6,302.9
2671.28,-1139.4,301.167
2675.49,-1141.2,299.434
2679.71,-1143,297.713
2683.93,-1144.8,295.994
2688.15,-1146.6,294.274
2692.36,-1148.4,292.499
2696.57,-1150.2,290.724
2700.79,-1152,288.947
2705,-1153.8,287.172
2709.22,-1155.6,285.33
2713.44,-1157.4,283.487
2717.69,-1159.2,281.633
2721.9,-1161,279.792
2726.12,-1162.8,277.961
2730.34,-1164.6,276.128
2734.55,-1166.4,274.297
2738.77,-1168.2,272.492
2742.99,-1170,270.688
2747.21,-1171.8,268.882
2751.42,-1173.6,267.08
2755.63,-1175.4,265.36
2759.85,-1177.2,263.637
2764.09,-1179,261.907
2768.31,-1180.8,260.332
2772.52,-1182.6,258.759
2776.74,-1184.4,257.186
2780.96,-1186.2,255.611
2785.17,-1188,254.086
2789.39,-1189.8,252.558
2793.6,-1191.6,251.033
2797.82,-1193.4,249.506
2802.03,-1195.2,247.954
2806.25,-1197,246.402
2810.47,-1198.8,244.849
2814.68,-1200.6,243.305
2818.93,-1202.4,241.75
2823.14,-1204.2,240.206
2827.36,-1206,238.691
2831.58,-1207.8,237.179
2835.79,-1209.6,235.666
2840.01,-1211.4,234.152
2844.22,-1213.2,232.527
2848.44,-1215,230.901
2852.65,-1216.8,229.278
2856.87,-1218.6,227.654
2861.09,-1220.4,226.07
2865.33,-1222.2,224.479
2869.55,-1224,222.894
2873.76,-1225.8,221.322
2877.98,-1227.6,219.749
2882.19,-1229.4,218.178
2886.4,-1231.2,216.606
2890.62,-1233,214.947
2894.83,-1234.8,213.289
2899.05,-1236.6,211.63
2903.27,-1238.4,209.776
2907.48,-1240.2,207.921
2911.69,-1242,206.069
2915.91,-1243.8,204.216
2920.19,-1245.6,202.371
2924.41,-1247.4,200.554
2928.63,-1249.2,198.737
2932.84,-1251,196.921
2937.06,-1252.8,195.139
2941.27,-1254.6,193.36
2945.49,-1256.4,191.58
2949.71,-1258.2,189.774
2953.92,-1260,187.969
2958.14,-1261.8,186.163
2962.35,-1263.6,184.331
2966.59,-1265.4,182.488
2970.81,-1267.2,180.652
2975.02,-1269,178.819
2979.24,-1270.8,176.999
2983.45,-1272.6,175.18
2987.67,-1274.4,173.36
2991.88,-1276.2,171.542
2996.09,-1278,169.726
3000.31,-1279.8,167.908
3004.52,-1281.6,166.092
3008.74,-1283.4,164.283
3012.95,-1285.2,162.476
3017.21,-1287,160.658
3021.58,-1288.8,158.781
3025.85,-1290.6,156.959
3030.07,-1292.4,155.156
3034.29,-1294.2,153.359
3038.5,-1296,151.597
3042.71,-1297.8,149.836
3046.92,-1299.6,148.073
3051.14,-1301.4,146.307
3055.35,-1303.2,144.51
3059.56,-1305,142.713
3063.77,-1306.8,140.916
3068.03,-1308.6,139.081
3072.25,-1310.4,137.264
3076.46,-1312.2,135.447
3080.68,-1314,133.629
3084.89,-1315.8,131.858
3089.11,-1317.6,130.084
3093.32,-1319.4,128.313
3097.54,-1321.2,126.539
3101.75,-1323,124.697
3105.97,-1324.8,122.855
3110.19,-1326.6,121.011
3114.4,-1328.4,119.193
3118.65,-1330.2,117.36
3122.86,-1332,115.541
3127.08,-1333.8,113.721
3131.3,-1335.6,111.885
3135.51,-1337.4,110.05
3139.73,-1339.2,108.212
3143.94,-1341,106.367
3148.16,-1342.8,104.52
3152.37,-1344.6,102.676
3156.58,-1346.4,100.832
3160.8,-1348.2,99.0171
3165.01,-1350,97.2045
3169.26,-1351.8,95.3775
3173.48,-1353.6,93.5821
3177.69,-1355.4,91.7851
3181.91,-1357.2,89.9911
3186.12,-1359,88.197
3190.34,-1360.8,86.4054
3194.55,-1362.6,84.6157
3198.77,-1364.4,82.8241
3202.98,-1366.2,81.0101
3207.2,-1368,79.1942
3211.41,-1369.8,77.3808
3215.63,-1371.6,75.5655
3219.87,-1373.4,73.7307
3224.09,-1375.2,71.9106
3228.31,-1377,70.0897
3232.52,-1378.8,68.2715
3236.73,-1380.6,66.4384
3240.95,-1382.4,64.6036
3245.16,-1384.2,62.7714
3249.38,-1386.01,60.932
3253.59,-1387.81,59.0944
3257.81,-1389.61,57.2545
3262.03,-1391.41,55.4169
3266.24,-1393.21,53.5772
3270.48,-1395.01,51.7257
3274.7,-1396.81,49.8861
3278.92,-1398.61,48.0511
3283.13,-1400.41,46.2187
3287.35,-1402.21,44.3845
3291.56,-1404.01,42.5518
3295.78,-1405.81,40.726
3299.99,-1407.61,38.8977
3304.21,-1409.41,37.0723
3308.42,-1411.21,35.2315
3312.64,-1413.01,33.3938
3316.85,-1414.81,31.5544
3321.1,-1416.61,29.7007
3325.31,-1418.41,27.8598
3329.53,-1420.21,26.0166
3333.75,-1422.01,24.1767
3337.96,-1423.81,22.3233
3342.18,-1425.61,20.473
3346.39,-1427.41,18.6215
3350.61,-1429.21,16.7694
3354.82,-1431.01,14.9022
3359.04,-1432.81,13.0341
3363.25,-1434.61,11.1697
3367.47,-1436.41,9.30606
3371.7,-1438.21,7.40073
3375.92,-1440.01,5.51495
3380.13,-1441.81,3.6517
3384.34,-1443.61,1.87674
3388.56,-1445.41,1.02869
3392.77,-1447.21,2.43866
3397.01,-1449.01,4.27854
3401.23,-1450.81,6.17372
3405.44,-1452.61,8.08324
3409.65,-1454.41,10.0018
3413.87,-1456.21,11.9235
3418.09,-1458.01,13.8503
3422.33,-1459.81,15.7888
3426.55,-1461.61,17.7162
3430.77,-1463.41,19.6481
3434.98,-1465.21,21.5759
3439.2,-1467.01,23.5057
3443.41,-1468.81,25.4347
3447.63,-1470.61,27.3655
3451.84,-1472.41,29.2938
3456.06,-1474.21,31.2236
3460.28,-1476.01,33.1465
3464.49,-1477.81,35.0673
3468.71,-1479.61,36.9901
3472.94,-1481.41,38.9261
3477.16,-1483.21,40.854
3481.38,-1485.01,42.7786
3485.59,-1486.81,44.7036
3489.81,-1488.61,46.3545
3494.02,-1490.41,48.0047
3498.24,-1492.21,49.6566
3502.45,-1494.01,51.3069
3506.67,-1495.81,53.0323
3510.89,-1497.61,54.7596
3515.1,-1499.41,56.4856
3519.35,-1501.21,58.2645
3523.56,-1503.01,60.031
3527.78,-1504.81,61.799
3531.99,-1506.61,63.5637
3536.21,-1508.41,65.269
3540.43,-1510.21,66.9755
3544.64,-1512.01,68.6808
3548.86,-1513.81,70.496
3553.07,-1515.61,72.3087
3557.29,-1517.41,74.1237
3561.5,-1519.21,75.9356
3565.71,-1521.01,77.7708
3569.93,-1522.81,79.6079
3574.17,-1524.61,81.4539
3578.39,-1526.41,83.2918
3582.6,-1528.21,85.1255
3586.82,-1530.01,86.9598
3591.03,-1531.81,88.7958
3595.25,-1533.61,90.5954
3599.46,-1535.41,92.3967
3603.68,-1537.21,94.1963
3607.9,-1539.01,95.8638
3612.11,-1540.81,97.5284
3616.33,-1542.61,99.1957
3620.57,-1544.41,100.875
3624.79,-1546.21,102.471
3629.01,-1548.01,104.068
3633.29,-1549.81,105.687
3637.51,-1551.61,107.287
3641.72,-1553.41,108.841
3645.94,-1555.21,110.396
3650.15,-1557.01,111.952
3654.37,-1558.81,113.54
3658.58,-1560.61,115.129
3662.79,-1562.41,116.716
3667.05,-1564.21,118.319
3671.26,-1566.01,119.958
3675.5,-1567.81,121.607
3679.72,-1569.61,123.249
3683.93,-1571.41,124.969
3688.15,-1573.21,126.69
3692.36,-1575.01,128.408
3696.58,-1576.81,130.127
3700.8,-1578.61,131.833
3705.01,-1580.41,133.538
3709.23,-1582.21,135.244
3713.44,-1584.01,137.044
3717.66,-1585.81,138.846
3721.9,-1587.61,140.657
3726.12,-1589.41,142.458
3730.33,-1591.21,144.306
3734.55,-1593.01,146.152
3738.77,-1594.81,147.999
3742.98,-1596.61,149.816
3747.2,-1598.41,151.634
3751.41,-1600.21,153.45
3755.62,-1602.01,155.266
3759.84,-1603.81,157.058
3764.05,-1605.61,158.848
3768.27,-1607.41,160.639
3772.48,-1609.21,162.429
3776.72,-1611.01,164.26
3780.94,-1612.81,166.082
3785.15,-1614.61,167.902
3789.37,-1616.41,169.715
3793.58,-1618.21,171.527
3797.8,-1620.01,173.341
3802.01,-1621.81,175.151
3806.23,-1623.61,176.964
3810.44,-1625.41,178.778
3814.65,-1627.21,180.59
3818.87,-1629.01,182.391
3823.12,-1630.81,184.202
3827.34,-1632.61,186.003
3831.55,-1634.41,187.801
3835.76,-1636.21,189.575
3839.97,-1638.01,191.348
3844.18,-1639.81,193.122
3848.4,-1641.61,194.915
3852.61,-1643.41,196.707
3856.83,-1645.21,198.499
3861.05,-1647.01,200.293
3865.26,-1648.81,202.091
3869.48,-1650.61,203.89
3873.69,-1652.41,205.689
3877.93,-1654.21,207.499
3882.15,-1656.01,209.315
3886.36,-1657.81,211.131
3890.58,-1659.61,212.948
3894.79,-1661.41,214.766
3899.01,-1663.21,216.586
3903.23,-1665.01,218.403
3907.44,-1666.81,220.223
3911.66,-1668.61,222.059
3915.87,-1670.41,223.898
3920.12,-1672.21,225.75
3924.34,-1674.01,227.512
3928.56,-1675.81,229.274
3932.77,-1677.61,231.034
3937.01,-1679.41,232.805
3941.23,-1681.21,234.637
3945.44,-1683.01,236.467
3949.66,-1684.81,238.298
3953.87,-1686.61,240.107
3958.09,-1688.41,241.918
3962.3,-1690.21,243.725
3966.51,-1692.01,245.535
3970.73,-1693.81,247.347
3974.95,-1695.61,249.158
3979.19,-1697.41,250.981
3983.41,-1699.21,252.82
3987.62,-1701.01,254.661
3991.83,-1702.81,256.499
3996.05,-1704.61,258.338
4000.78,-1706.41,260.359
4005.1,-1708.21,262.204
4009.51,-1710.01,264.092
4013.92,-1711.81,265.906
4018.29,-1713.61,267.709
4022.96,-1715.41,269.629
4027.42,-1717.21,271.466
4031.83,-1719.01,273.271
4036.33,-1720.81,275.12
4040.92,-1722.61,277.003
4045.47,-1724.41,278.883
4049.93,-1726.21,280.724
4054.35,-1728.01,282.554
4058.67,-1729.81,284.336
4062.9,-1731.61,286.06
4067.12,-1733.41,287.78
4071.35,-1735.21,289.502
4075.59,-1737.01,291.293
4079.86,-1738.81,293.096
4084.09,-1740.61,294.89
4088.32,-1742.41,296.717
4092.56,-1744.21,298.552
4096.79,-1746.01,300.377
4101.01,-1747.81,302.204
4105.23,-1749.61,304.014
4109.48,-1751.41,305.839
4113.72,-1753.21,307.655
4117.95,-1755.02,309.471
4122.17,-1756.82,311.298
4126.41,-1758.62,313.131
4130.63,-1760.42,314.96
4134.87,-1762.22,316.808
4139.1,-1764.02,318.654
4143.33,-1765.82,320.503
4147.57,-1767.62,322.352
4151.8,-1769.42,324.236
4156.02,-1771.22,326.115
4160.25,-1773.02,327.994
4164.48,-1774.82,329.916
4168.73,-1776.62,331.847
4172.95,-1778.42,333.767
4177.18,-1780.22,335.687
4181.41,-1782.02,337.617
4185.63,-1783.82,339.559
4189.87,-1785.62,341.501
4194.09,-1787.42,343.461
4198.31,-1789.22,345.424
4202.55,-1791.02,347.388
4206.77,-1792.82,349.349
4210.99,-1794.62,351.317
4215.23,-1796.42,353.292
4219.45,-1798.22,355.261
4223.72,-1800.02,357.247
4227.97,-1801.82,359.215
4232.19,-1803.62,358.735
4236.42,-1805.42,356.759
4240.65,-1807.22,354.786
4244.87,-1809.02,352.814
4249.1,-1810.82,350.834
4253.32,-1812.62,348.86
4257.57,-1814.42,346.86
4261.8,-1816.22,344.864
4266.02,-1818.02,342.875
4270.25,-1819.82,340.922
4274.5,-1821.62,338.957
4278.77,-1823.42,336.979
4282.99,-1825.22,335.028
4287.24,-1827.02,333.097
4291.46,-1828.82,331.18
4295.69,-1830.62,329.257
4299.92,-1832.42,327.295
4304.15,-1834.22,325.331
4308.37,-1836.02,323.37
4312.62,-1837.82,321.399
4316.85,-1839.62,319.435
4321.1,-1841.42,317.468
4325.32,-1843.22,315.509
4329.56,-1845.02,313.835
4333.79,-1846.82,312.169
4338.07,-1848.62,310.48
4342.29,-1850.42,308.815
4346.53,-1852.22,307.165
4350.75,-1854.02,305.509
4354.98,-1855.82,303.857
4359.21,-1857.62,302.098
4363.43,-1859.42,300.34
4367.66,-1861.22,298.582
4371.88,-1863.02,296.827
4376.1,-1864.82,295.141
4380.36,-1866.62,293.437
4384.61,-1868.42,291.739
4388.84,-1870.22,289.968
4393.08,-1872.02,288.193
4397.31,-1873.82,286.423
4401.54,-1875.62,284.65
4405.76,-1877.42,282.791
4409.99,-1879.22,280.928
4414.22,-1881.02,279.064
4418.45,-1882.82,277.202
4422.68,-1884.62,275.314
4426.9,-1886.42,273.431
4431.12,-1888.22,271.549
4435.34,-1890.02,269.723
4439.58,-1891.82,267.887
4443.8,-1893.62,266.059
4448.08,-1895.42,264.208
4452.31,-1897.22,262.474
4456.55,-1899.02,260.74
4460.77,-1900.82,259.01
4465,-1902.62,257.34
4469.23,-1904.42,255.672
4473.46,-1906.22,254.002
4477.69,-1908.02,252.328
4481.95,-1909.82,250.689
4486.18,-1911.62,249.057
4490.42,-1913.42,247.421
4494.65,-1915.22,245.821
4498.88,-1917.02,244.214
4503.11,-1918.82,242.608
4507.34,-1920.62,241.004
4511.57,-1922.42,239.367
4520.27,-1924.22,236.007
4524.65,-1926.02,234.341
4528.88,-1927.82,232.739
4533.11,-1929.62,231.14
4537.33,-1931.42,229.542
4541.55,-1933.22,228.149
4545.77,-1935.02,226.761
4549.98,-1936.82,225.373
4554.22,-1938.62,223.845
4558.44,-1940.42,222.319
4562.68,-1942.22,220.791
4566.89,-1944.02,219.269
4571.12,-1945.82,217.774
4575.35,-1947.62,216.282
4579.6,-1949.42,214.778
4583.82,-1951.22,213.231
4588.06,-1953.02,211.679
4592.27,-1954.82,210.132
4596.5,-1956.62,208.583
4600.74,-1958.42,206.853
4604.97,-1960.22,205.123
4609.19,-1962.02,203.398
4613.43,-1963.82,201.667
4617.66,-1965.62,199.819
4621.89,-1967.42,197.968
4626.12,-1969.22,196.111
4630.42,-1971.02,194.254
4634.66,-1972.82,192.423
4638.89,-1974.62,190.598
4643.1,-1976.42,188.775
4647.34,-1978.22,186.977
4651.57,-1980.02,185.181
4655.8,-1981.82,183.387
4660.02,-1983.62,181.581
4664.25,-1985.42,179.776
4668.49,-1987.22,177.963
4672.73,-1989.02,176.153
4676.94,-1990.82,174.343
4681.17,-1992.62,172.525
4685.43,-1994.42,170.694
4689.66,-1996.22,168.888
4693.9,-1998.02,167.084
4698.12,-1999.82,165.273
4702.34,-2001.62,163.469
4706.57,-2003.42,161.675
4710.8,-2005.22,159.883
4715.02,-2007.02,158.094
4719.25,-2008.82,156.299
4723.48,-2010.62,154.498
4727.74,-2012.42,152.687
4731.97,-2014.22,150.884
4736.2,-2016.02,149.091
4740.43,-2017.82,147.294
4744.66,-2019.62,145.497
4748.89,-2021.42,143.689
4753.11,-2023.22,141.882
4757.35,-2025.02,140.067
4761.59,-2026.82,138.254
4765.82,-2028.62,136.446
4770.04,-2030.42,134.64
4774.27,-2032.22,132.836
4778.52,-2034.02,131.02
4782.75,-2035.82,129.199
4786.99,-2037.62,127.373
4791.23,-2039.42,125.55
4795.46,-2041.22,123.724
4799.7,-2043.02,121.89
4803.93,-2044.82,120.058
4808.15,-2046.62,118.231
4812.37,-2048.42,116.432
4816.63,-2050.22,114.616
4820.85,-2052.02,112.813
4825.08,-2053.82,110.99
4829.31,-2055.62,109.17
4833.54,-2057.42,107.348
4837.77,-2059.22,105.528
4841.99,-2061.02,103.685
4846.22,-2062.82,101.844
4850.45,-2064.62,99.9955
4854.69,-2066.42,98.1643
4858.93,-2068.22,96.3306
4863.15,-2070.02,94.5047
4867.39,-2071.82,92.6721
4871.62,-2073.62,90.8621
4875.86,-2075.42,89.0549
4880.09,-2077.22,87.2516
4884.31,-2079.02,85.4486
4888.58,-2080.82,83.6179
4892.85,-2082.62,81.8007
4897.09,-2084.42,79.9661
4901.31,-2086.22,78.1497
4905.55,-2088.02,76.3271
4909.78,-2089.82,74.5092
4914.01,-2091.62,72.6598
4918.23,-2093.42,70.8112
4922.49,-2095.22,68.9493
4926.73,-2097.02,67.0977
4930.95,-2098.82,65.2512
4935.17,-2100.62,63.4077
4939.41,-2102.42,61.5576
4943.63,-2104.22,59.7138
4947.87,-2106.02,57.846
4952.09,-2107.82,55.9833
4956.32,-2109.62,54.1186
4960.56,-2111.42,52.2509
4964.79,-2113.22,50.3865
4969.01,-2115.02,48.5252
4973.25,-2116.82,46.6589
4977.49,-2118.62,44.7716
4981.72,-2120.42,42.884
4985.95,-2122.22,41.0039
4990.18,-2124.02,39.1104
4994.41,-2125.82,37.2164
4998.64,-2127.62,35.3266
5002.86,-2129.43,33.4359
5007.09,-2131.23,31.5147
5011.31,-2133.03,29.5979
5015.54,-2134.83,27.6749
5019.77,-2136.63,25.7237
5023.99,-2138.43,23.7747
5028.23,-2140.23,21.8193
5032.45,-2142.03,19.8692
5036.69,-2143.83,17.8904
5040.98,-2145.63,15.8849
5045.2,-2147.43,13.9123
5049.43,-2149.23,11.9049
5053.67,-2151.03,9.8944
5057.89,-2152.83,7.89161
5062.1,-2154.63,5.89406
5066.32,-2156.43,3.88398
5070.56,-2158.23,1.88589
5074.78,-2160.03,0.533757
5079,-2161.83,2.27905
5083.22,-2163.63,4.2906
5087.45,-2165.43,6.32559
5091.71,-2167.23,8.37501
5095.92,-2169.03,10.3834
5100.15,-2170.83,12.3978
5104.38,-2172.63,14.4116
5108.62,-2174.43,16.4372
5112.92,-2176.23,18.4597
5117.14,-2178.03,20.4476
5121.35,-2179.83,22.4328
5125.58,-2181.63,24.4325
5129.82,-2183.43,26.4358
5134.06,-2185.23,28.4344
5138.28,-2187.03,30.429
5142.5,-2188.83,32.4195
5146.74,-2190.63,34.4232
5150.99,-2192.43,36.4255
5155.21,-2194.23,38.4351
5159.45,-2196.03,40.4529
5163.68,-2197.83,42.4685
5167.92,-2199.63,44.4855
5172.14,-2201.43,46.442
5176.37,-2203.23,48.4044
5180.62,-2205.03,50.3772
5184.84,-2206.83,52.1494
5189.07,-2208.63,53.9224
5193.33,-2210.43,55.7061
5197.56,-2212.23,57.4806
5201.77,-2214.03,59.2942
5205.99,-2215.83,61.1084
5210.24,-2217.63,62.9329
5214.46,-2219.43,64.7483
5218.75,-2221.23,66.5513
5222.99,-2223.03,68.3323
5227.23,-2224.83,70.1109
5231.45,-2226.63,71.937
5235.68,-2228.43,73.7706
5239.92,-2230.23,75.6038
5244.14,-2232.03,77.489
5248.37,-2233.83,79.3784
5252.61,-2235.63,81.2756
5256.83,-2237.43,83.1622
5261.06,-2239.23,85.0321
5265.28,-2241.03,86.8988
5269.5,-2242.83,88.7669
5273.73,-2244.63,90.639
5278.03,-2246.43,92.5101
5282.26,-2248.23,94.3498
5286.49,-2250.03,96.1948
5290.74,-2251.83,97.9192
5294.99,-2253.63,99.6431
5299.23,-2255.43,101.359
5303.45,-2257.23,103.071
5307.69,-2259.03,104.706
5311.91,-2260.83,106.332
5316.13,-2262.63,107.959
5320.35,-2264.43,109.497
5324.62,-2266.23,111.048
5328.86,-2268.03,112.592
5333.08,-2269.83,114.128
5337.31,-2271.63,115.641
5341.54,-2273.43,117.157
5345.76,-2275.23,118.669
5349.99,-2277.03,120.223
5354.22,-2278.83,121.773
5358.45,-2280.63,123.327
5362.68,-2282.43,124.88
5366.91,-2284.23,126.394
5371.13,-2286.03,127.907
5375.37,-2287.83,129.426
5379.62,-2289.63,130.948
5383.91,-2291.43,132.547
5388.13,-2293.23,134.122
5392.35,-2295.03,135.696
5396.62,-2296.83,137.231
5400.85,-2298.63,138.751
5405.08,-2300.43,140.272
5409.3,-2302.23,141.768
5413.54,-2304.03,143.268
5417.76,-2305.83,144.764
5422,-2307.63,146.264
5426.21,-2309.43,147.8
5430.44,-2311.23,149.342
5434.68,-2313.03,150.886
5438.92,-2314.83,152.429
5443.14,-2316.63,153.997
5447.39,-2318.43,155.572
5451.62,-2320.23,157.147
5455.85,-2322.03,158.744
5460.08,-2323.83,160.34
5464.3,-2325.63,161.936
5468.54,-2327.43,163.534
5472.77,-2329.23,165.247
5477.02,-2331.03,166.978
5481.25,-2332.83,168.697
5485.48,-2334.63,170.55
5489.72,-2336.43,172.408
5493.94,-2338.23,174.257
5498.2,-2340.03,176.118
5502.42,-2341.83,177.927
5506.64,-2343.63,179.732
5510.87,-2345.43,181.539
5515.1,-2347.23,183.329
5519.32,-2349.03,185.119
5523.55,-2350.83,186.91
5527.78,-2352.63,188.699
5531.99,-2354.43,190.476
5536.22,-2356.23,192.258
5540.45,-2358.03,194.039
5544.68,-2359.83,195.823
5548.91,-2361.63,197.632
5553.13,-2363.43,199.44
5557.35,-2365.23,201.249
5561.61,-2367.03,203.073
5565.83,-2368.83,204.883
5570.06,-2370.63,206.695
5574.28,-2372.43,208.515
5578.52,-2374.23,210.344
5582.74,-2376.03,212.17
5586.97,-2377.83,213.995
5591.2,-2379.63,215.809
5595.43,-2381.43,217.626
5599.67,-2383.23,219.45
5603.91,-2385.03,221.268
5608.13,-2386.83,223.08
5612.36,-2388.63,224.897
5616.61,-2390.43,226.718
5620.85,-2392.23,228.475
5625.08,-2394.03,230.223
5629.31,-2395.83,231.975
5633.54,-2397.63,233.727
5637.76,-2399.43,235.538
5641.99,-2401.23,237.347
5646.21,-2403.03,239.156
5650.44,-2404.83,240.972
5654.66,-2406.63,242.785
5658.88,-2408.43,244.6
5663.1,-2410.23,246.413
5667.34,-2412.03,248.22
5671.57,-2413.83,250.023
5675.79,-2415.63,251.823
5680.01,-2417.43,253.668
5684.24,-2419.23,255.52
5688.48,-2421.03,257.374
5692.74,-2422.83,259.237
5696.95,-2424.63,261.067
5701.2,-2426.43,262.911
5705.42,-2428.23,264.742
5709.66,-2430.03,266.585
5713.88,-2431.83,268.421
5718.11,-2433.63,270.262
5722.33,-2435.43,272.098
5726.57,-2437.23,273.935
5730.79,-2439.03,275.766
5735.03,-2440.83,277.599
5739.3,-2442.63,279.452
5743.54,-2444.43,281.3
5747.78,-2446.23,283.143
5751.99,-2448.03,284.99
5756.21,-2449.83,286.833
5760.43,-2451.63,288.679
5764.65,-2453.43,290.522
5768.87,-2455.23,292.367
5773.1,-2457.03,294.222
5777.33,-2458.83,296.075
5781.56,-2460.63,297.93
5785.78,-2462.43,299.796
5790,-2464.23,301.665
5794.22,-2466.03,303.532
5798.47,-2467.83,305.411
5802.7,-2469.63,307.293
5806.93,-2471.43,309.171
5811.15,-2473.23,311.049
5815.39,-2475.03,312.956
5819.62,-2476.83,314.87
5823.86,-2478.63,316.781
5828.09,-2480.43,318.69
5832.32,-2482.23,320.6
5836.56,-2484.03,322.518
5840.79,-2485.83,324.429
5845.02,-2487.63,326.336
5849.24,-2489.43,328.292
5853.48,-2491.23,330.252
5857.72,-2493.03,332.215
5861.94,-2494.83,334.183
5866.18,-2496.64,336.157
5870.41,-2498.44,338.131
5874.63,-2500.24,340.096
5878.86,-2502.04,342.084
5883.1,-2503.84,344.074
5887.33,-2505.64,346.057
5891.56,-2507.44,348.031
5895.78,-2509.24,349.993
5900.04,-2511.04,351.962
5904.26,-2512.84,353.893
5908.5,-2514.64,355.785
5912.73,-2516.44,357.509
5916.97,-2518.24,358.39
5921.2,-2520.04,357.373
5925.43,-2521.84,355.627
5929.65,-2523.64,353.741
5933.87,-2525.44,351.806
5938.1,-2527.24,349.85
5942.34,-2529.04,347.878
5946.57,-2530.84,345.903
5950.81,-2532.64,343.92
5955.02,-2534.44,341.931
5959.25,-2536.24,339.939
5963.49,-2538.04,337.937
5967.74,-2539.84,335.927
5971.96,-2541.64,333.932
5976.19,-2543.44,331.929
5980.42,-2545.24,329.913
5984.66,-2547.04,327.894
5988.88,-2548.84,325.88
5993.11,-2550.64,323.86
5997.34,-2552.44,321.863
6001.6,-2554.24,319.848
6005.82,-2556.04,317.853
6010.06,-2557.84,315.852
6018.72,-2559.64,311.789
6023.11,-2561.44,309.715
6027.35,-2563.24,308.093
6031.59,-2565.04,306.469
6035.81,-2566.84,304.857
6040.04,-2568.64,303.236
6044.25,-2570.44,301.957
6048.49,-2572.24,300.67
6052.71,-2574.04,299.386
6056.95,-2575.84,297.748
6061.18,-2577.64,296.111
6065.42,-2579.44,294.471
6069.65,-2581.24,292.729
6073.88,-2583.04,290.991
6078.11,-2584.84,289.253
6082.33,-2586.64,287.518
6086.56,-2588.44,285.705
6090.8,-2590.24,283.89
6095.02,-2592.04,282.083
6099.24,-2593.84,280.273
6103.54,-2595.64,278.388
6107.77,-2597.44,276.534
6111.99,-2599.24,274.684
6116.23,-2601.04,272.841
6120.46,-2602.84,271.002
6124.69,-2604.64,269.158
6128.92,-2606.44,267.318
6133.14,-2608.24,265.503
6137.37,-2610.04,263.685
6141.61,-2611.84,261.859
6145.85,-2613.64,260.101
6150.09,-2615.44,258.342
6154.31,-2617.24,256.589
6158.55,-2619.04,254.828
6162.77,-2620.84,253.198
6167.04,-2622.64,251.552
6171.27,-2624.44,249.923
6175.5,-2626.24,248.341
6179.74,-2628.04,246.759
6183.96,-2629.84,245.185
6188.19,-2631.64,243.609
6192.42,-2633.44,242.001
6196.65,-2635.24,240.396
6200.87,-2637.04,238.79
6205.12,-2638.84,237.175
6209.36,-2640.64,235.534
6213.61,-2642.44,233.889
6217.85,-2644.24,232.25
6222.09,-2646.04,230.612
6226.31,-2647.84,228.98
6230.56,-2649.64,227.34
6234.77,-2651.44,225.735
6238.99,-2653.24,224.128
6243.21,-2655.04,222.521
6247.44,-2656.84,220.912
6251.67,-2658.64,219.318
6255.9,-2660.44,217.728
6260.12,-2662.24,216.137
6264.34,-2664.04,214.548
6268.6,-2665.84,212.962
6272.85,-2667.64,211.392
6277.08,-2669.44,209.809
6281.31,-2671.24,208.22
6285.55,-2673.04,206.63
6289.79,-2674.84,205.039
6294.01,-2676.64,203.456
6298.24,-2678.44,201.833
6302.47,-2680.24,200.214
6306.73,-2682.04,198.583
6310.96,-2683.84,196.968
6315.18,-2685.64,195.351
6319.42,-2687.44,193.732
6323.65,-2689.24,192.115
6327.88,-2691.04,190.443
6332.11,-2692.84,188.769
6336.33,-2694.64,187.099
6340.57,-2696.44,185.288
6344.79,-2698.24,183.485
6349.03,-2700.04,181.675
6353.24,-2701.84,179.874
6357.48,-2703.64,178.025
6361.72,-2705.44,176.179
6365.94,-2707.24,174.339
6370.17,-2709.04,172.496
6374.4,-2710.84,170.68
6378.62,-2712.64,168.855
6382.86,-2714.44,167.029
6387.1,-2716.24,165.232
6391.32,-2718.04,163.442
6395.55,-2719.84,161.647
6399.77,-2721.64,159.856
6404,-2723.44,158.071
6408.25,-2725.24,156.273
6412.5,-2727.04,154.476
6416.74,-2728.84,152.681
6420.97,-2730.64,150.893
6425.19,-2732.44,149.108
6429.42,-2734.24,147.317
6433.65,-2736.04,145.53
6437.88,-2737.84,143.745
6442.17,-2739.64,141.934
6446.4,-2741.44,140.12
6450.63,-2743.24,138.31
6454.85,-2745.04,136.502
6459.09,-2746.84,134.685
6463.31,-2748.64,132.871
6467.55,-2750.44,131.048
6471.77,-2752.24,129.235
6476.01,-2754.04,127.43
6480.23,-2755.84,125.628
6484.48,-2757.64,123.814
6488.72,-2759.44,122.006
6492.95,-2761.24,120.178
6497.18,-2763.04,118.351
6501.42,-2764.84,116.521
6505.64,-2766.64,114.698
6509.89,-2768.44,112.885
6514.11,-2770.24,111.086
6518.35,-2772.04,109.28
6522.67,-2773.84,107.424
6526.91,-2775.64,105.602
6531.13,-2777.44,103.787
6535.35,-2779.24,101.972
6539.61,-2781.04,100.143
6543.83,-2782.84,98.3284
6548.06,-2784.64,96.5118
6552.27,-2786.44,94.7128
6556.51,-2788.24,92.9093
6560.74,-2790.04,91.1022
6564.98,-2791.84,89.295
6569.21,-2793.64,87.4867
6573.43,-2795.44,85.6776
6577.68,-2797.24,83.8624
6581.92,-2799.04,82.0498
6586.15,-2800.84,80.2364
6590.39,-2802.64,78.4291
6594.62,-2804.44,76.6141
6598.85,-2806.24,74.7877
6603.07,-2808.04,72.9646
6607.3,-2809.84,71.141
6611.53,-2811.64,69.3146
6615.75,-2813.44,67.4908
6619.98,-2815.24,65.6656
6624.21,-2817.04,63.8357
6628.44,-2818.84,62.0091
6632.68,-2820.64,60.1812
6636.9,-2822.44,58.3578
6641.13,-2824.24,56.5363
6645.35,-2826.04,54.7165
6649.61,-2827.84,52.8802
6653.83,-2829.64,51.0607
6658.06,-2831.44,49.2456
6662.29,-2833.24,47.4347
6666.52,-2835.04,45.6247
6670.74,-2836.84,43.8084
6674.98,-2838.64,41.9882
6679.19,-2840.44,40.1742
6683.43,-2842.24,38.3556
6687.65,-2844.04,36.55
6691.87,-2845.84,34.7481
6696.11,-2847.64,32.9395
6700.33,-2849.44,31.1344
6704.57,-2851.24,29.3148
6708.81,-2853.04,27.4907
6713.06,-2854.84,25.6663
6717.3,-2856.64,23.8281
6721.53,-2858.44,21.9986
6725.76,-2860.24,20.1752
6729.99,-2862.04,18.3453
6734.22,-2863.84,16.4818
6738.44,-2865.65,14.6227
6742.68,-2867.45,12.7619
6746.9,-2869.25,10.8929
6751.14,-2871.05,9.02716
6755.36,-2872.85,7.16991
6759.61,-2874.65,5.32513
6763.83,-2876.45,3.53515
6768.06,-2878.25,1.94916
6772.28,-2880.05,1.52723
6776.5,-2881.85,2.83496
6780.75,-2883.65,4.60122
6784.97,-2885.45,6.44467
6789.2,-2887.25,8.32246
6793.42,-2889.05,10.2139
6797.66,-2890.85,12.1197
6801.88,-2892.65,14.021
6806.11,-2894.45,15.9455
6810.34,-2896.25,17.8678
6814.63,-2898.05,19.817
6818.86,-2899.85,21.7477
6823.09,-2901.65,23.6763
6827.33,-2903.45,25.6129
6831.56,-2905.25,27.5458
6835.8,-2907.05,29.4805
6840.02,-2908.85,31.4223
6844.24,-2910.65,33.361
6848.49,-2912.45,35.3123
6852.74,-2914.25,37.2418
6856.96,-2916.05,39.161
6861.2,-2917.85,41.0857
6865.42,-2919.65,43.0027
6869.66,-2921.45,44.9436
6873.89,-2923.25,46.8754
6878.12,-2925.05,48.8155
6882.34,-2926.85,50.6088
6886.6,-2928.65,52.4146
6890.82,-2930.45,54.2104
6895.05,-2932.25,56.008
6899.28,-2934.05,57.7022
6903.51,-2935.85,59.3947
6907.74,-2937.65,61.0935
6911.97,-2939.45,62.848
6916.22,-2941.25,64.6083
6920.48,-2943.05,66.3702
6924.73,-2944.85,68.1342
6928.96,-2946.65,69.8493
6933.19,-2948.45,71.5676
6937.42,-2950.25,73.2858
6941.66,-2952.05,75.0749
6945.88,-2953.85,76.8565
6950.1,-2955.65,78.6411
6954.33,-2957.45,80.4267
6958.57,-2959.25,82.2747
6962.79,-2961.05,84.1128
6967.1,-2962.85,85.9887
6971.32,-2964.65,87.8325
6975.55,-2966.45,89.6817
6979.78,-2968.25,91.5263
6984,-2970.05,93.372
6988.22,-2971.85,95.1842
6992.47,-2973.65,97.0063
6996.7,-2975.45,98.8227
7000.94,-2977.25,100.638
7005.15,-2979.05,102.398
7009.39,-2980.85,104.16
7013.62,-2982.65,105.929
7017.89,-2984.45,107.572
7022.11,-2986.25,109.191
7026.34,-2988.05,110.818
7030.6,-2989.85,112.454
7034.83,-2991.65,114.079
7039.07,-2993.45,115.709
7043.29,-2995.25,117.332
7047.53,-2997.05,118.997
7051.75,-2998.85,120.654
7055.97,-3000.65,122.311
7060.21,-3002.45,123.974
7064.43,-3004.25,125.595
7068.68,-3006.05,127.222
7072.9,-3007.85,128.841
7077.13,-3009.65,130.502
7081.34,-3011.45,132.161
7085.6,-3013.25,133.832
7089.85,-3015.05,135.506
7094.07,-3016.85,137.089
7098.32,-3018.65,138.68
7102.55,-3020.45,140.27
7106.79,-3022.25,141.98
7111.01,-3024.05,143.687
7115.23,-3025.85,145.391
7119.52,-3027.65,147.119
7123.75,-3029.45,148.954
7127.98,-3031.25,150.786
7132.21,-3033.05,152.621
7136.43,-3034.85,154.468
7140.67,-3036.65,156.323
7144.95,-3038.45,158.196
7149.18,-3040.25,160.045
7153.41,-3042.05,161.848
7157.65,-3043.85,163.647
7161.87,-3045.65,165.451
7166.09,-3047.45,167.252
7170.32,-3049.25,169.074
7174.55,-3051.05,170.899
7178.77,-3052.85,172.717
7182.99,-3054.65,174.505
7187.22,-3056.45,176.297
7191.45,-3058.25,178.091
7195.68,-3060.05,179.884
7199.91,-3061.85,181.677
7204.13,-3063.65,183.464
7208.37,-3065.45,185.26
7212.62,-3067.25,187.055
7216.85,-3069.05,188.842
7221.1,-3070.85,190.634
7225.33,-3072.65,192.419
7229.57,-3074.45,194.216
7233.81,-3076.25,196.011
7238.05,-3078.05,197.808
7242.26,-3079.85,199.61
7246.5,-3081.65,201.417
7250.73,-3083.45,203.227
7254.97,-3085.25,205.038
7259.2,-3087.05,206.862
7263.44,-3088.85,208.693
7267.67,-3090.65,210.524
7271.9,-3092.45,212.34
7276.12,-3094.25,214.151
7280.34,-3096.05,215.961
7284.56,-3097.85,217.776
7288.79,-3099.65,219.596
7293.02,-3101.45,221.416
7297.24,-3103.25,223.234
7301.48,-3105.05,225.058
7305.72,-3106.85,226.884
7309.96,-3108.65,228.712
7314.18,-3110.45,230.531
7318.42,-3112.25,232.299
7322.68,-3114.05,234.075
7326.9,-3115.85,235.835
7331.12,-3117.65,237.597
7335.36,-3119.45,239.406
7339.61,-3121.25,241.22
7343.85,-3123.05,243.027
7348.07,-3124.85,244.82
7352.29,-3126.65,246.611
7356.52,-3128.45,248.408
7360.75,-3130.25,250.201
7364.97,-3132.05,252.021
7369.21,-3133.85,253.848
7373.44,-3135.65,255.667
7377.68,-3137.45,257.543
7381.9,-3139.25,259.411
7386.13,-3141.05,261.283
7390.35,-3142.85,263.154
7394.6,-3144.65,264.991
7398.83,-3146.45,266.819
7403.06,-3148.25,268.649
7407.29,-3150.05,270.461
7411.52,-3151.85,272.27
7415.75,-3153.65,274.09
7419.99,-3155.45,275.909
7424.21,-3157.25,277.728
7428.45,-3159.05,279.552
7432.68,-3160.85,281.372
7436.91,-3162.65,283.183
7441.13,-3164.45,284.991
7445.37,-3166.25,286.802
7449.62,-3168.05,288.622
7453.84,-3169.85,290.423
7458.07,-3171.65,292.227
7462.29,-3173.45,294.03
7466.52,-3175.25,295.833
7470.75,-3177.05,297.633
7474.98,-3178.85,299.436
7479.2,-3180.65,301.236
7483.42,-3182.45,303.031
7487.65,-3184.25,304.827
7491.87,-3186.05,306.622
7496.09,-3187.85,308.418
7500.39,-3189.65,310.263
7504.63,-3191.45,312.089
7508.85,-3193.25,313.907
7513.07,-3195.05,315.717
7521.97,-3196.85,319.524
7526.31,-3198.65,321.393
7530.69,-3200.45,323.305
7534.93,-3202.25,325.159
7539.16,-3204.05,327.007
7543.37,-3205.85,328.611
7547.61,-3207.65,330.226
7551.83,-3209.45,331.834
7556.05,-3211.25,333.651
7560.28,-3213.05,335.474
7564.52,-3214.85,337.29
7568.74,-3216.65,339.114
7572.96,-3218.45,340.952
7577.2,-3220.25,342.798
7581.42,-3222.05,344.632
7585.7,-3223.85,346.489
7589.94,-3225.65,348.325
7594.16,-3227.45,350.149
7598.4,-3229.25,351.969
7602.62,-3231.05,353.769
7606.84,-3232.85,355.534
7611.07,-3234.66,357.203
7615.29,-3236.46,358.409
7619.53,-3238.26,357.968
7623.78,-3240.06,356.421
7628.01,-3241.86,354.666
7632.24,-3243.66,352.836
7636.49,-3245.46,350.975
7640.74,-3247.26,349.099
7644.97,-3249.06,347.227
7649.19,-3250.86,345.349
7653.43,-3252.66,343.467
7657.65,-3254.46,341.585
7661.87,-3256.26,339.702
7666.09,-3258.06,337.814
7670.33,-3259.86,335.92
7674.56,-3261.66,334.027
7678.79,-3263.46,332.146
7683.01,-3265.26,330.272
7687.25,-3267.06,328.388
7691.48,-3268.86,326.506
7695.77,-3270.66,324.597
7700,-3272.46,322.718
7704.22,-3274.26,320.84
7708.45,-3276.06,318.978
7712.68,-3277.86,317.113
7716.9,-3279.66,315.253
7721.13,-3281.46,313.392
7725.35,-3283.26,311.525
7729.61,-3285.06,309.642
7733.85,-3286.86,307.77
7738.08,-3288.66,306.136
7742.31,-3290.46,304.499
7746.54,-3292.26,302.862
7750.83,-3294.06,301.205
7755.07,-3295.86,299.518
7759.29,-3297.66,297.835
7763.52,-3299.46,296.15
7767.75,-3301.26,294.436
7771.97,-3303.06,292.724
7776.2,-3304.86,291.008
7780.43,-3306.66,289.295
7784.66,-3308.46,287.582
7788.89,-3310.26,285.872
7793.12,-3312.06,284.16
7797.35,-3313.86,282.401
7801.6,-3315.66,280.632
7805.83,-3317.46,278.875
7810.05,-3319.26,277.117
7814.27,-3321.06,275.335
7818.52,-3322.86,273.546
7822.74,-3324.66,271.758
7826.97,-3326.46,269.966
7831.2,-3328.26,268.174
7835.43,-3330.06,266.383
7839.65,-3331.86,264.594
7843.88,-3333.66,262.824
7848.19,-3335.46,261.014
7852.42,-3337.26,259.239
7856.7,-3339.06,257.442
7860.95,-3340.86,255.712
7865.17,-3342.66,253.992
7869.41,-3344.46,252.262
7873.64,-3346.26,250.686
7877.86,-3348.06,249.109
7882.09,-3349.86,247.531
7886.31,-3351.66,245.968
7890.55,-3353.46,244.398
7894.77,-3355.26,242.835
7898.99,-3357.06,241.271
7903.21,-3358.86,239.663
7907.47,-3360.66,238.042
7911.7,-3362.46,236.43
7915.92,-3364.26,234.822
7920.15,-3366.06,233.09
7924.38,-3367.86,231.358
7928.61,-3369.66,229.617
7932.88,-3371.46,227.73
7937.11,-3373.26,225.852
7941.33,-3375.06,223.981
7945.57,-3376.86,222.103
7949.8,-3378.66,220.415
7954.02,-3380.46,218.729
7958.25,-3382.26,217.041
7962.49,-3384.06,215.183
7966.73,-3385.86,213.329
7970.95,-3387.66,211.478
7975.17,-3389.46,209.63
7979.41,-3391.26,207.819
7983.63,-3393.06,206.015
7987.86,-3394.86,204.208
7992.09,-3396.66,202.414
7996.32,-3398.46,200.625
8000.55,-3400.26,198.83
8004.77,-3402.06,197.042
8009,-3403.86,195.24
8013.22,-3405.66,193.44
8017.45,-3407.46,191.638
8021.68,-3409.26,189.833
8025.9,-3411.06,187.992
8030.13,-3412.86,186.149
8034.35,-3414.66,184.307
8038.6,-3416.46,182.474
8042.9,-3418.26,180.654
8047.14,-3420.06,178.799
8051.36,-3421.86,176.984
8055.61,-3423.66,175.162
8059.84,-3425.46,173.351
8064.06,-3427.26,171.542
8068.28,-3429.06,169.76
8072.52,-3430.86,167.981
8076.74,-3432.66,166.192
8080.97,-3434.46,164.41
8085.2,-3436.26,162.61
8089.43,-3438.06,160.815
8093.67,-3439.86,159.014
8097.89,-3441.66,157.231
8102.12,-3443.46,155.447
8106.34,-3445.26,153.664
8110.6,-3447.06,151.866
8114.82,-3448.86,150.077
8119.05,-3450.66,148.284
8123.27,-3452.46,146.496
8127.5,-3454.26,144.685
8131.73,-3456.06,142.87
8135.96,-3457.86,141.06
8140.18,-3459.66,139.249
8144.41,-3461.46,137.423
8148.64,-3463.26,135.599
8152.86,-3465.06,133.775
8157.11,-3466.86,131.936
8161.33,-3468.66,130.107
8165.56,-3470.46,128.274
8169.81,-3472.26,126.434
8174.04,-3474.06,124.638
8178.27,-3475.86,122.847
8182.48,-3477.66,121.051
8186.73,-3479.46,119.243
8190.96,-3481.26,117.442
8195.18,-3483.06,115.645
8199.41,-3484.86,113.843
8203.63,-3486.66,112.061
8207.86,-3488.46,110.274
8212.08,-3490.26,108.492
8216.31,-3492.06,106.704
8220.56,-3493.86,104.872
8224.8,-3495.66,103.043
8229.03,-3497.46,101.218
8233.29,-3499.26,99.3724
8237.53,-3501.06,97.5339
8241.75,-3502.86,95.7064
8245.97,-3504.66,93.8773
8250.21,-3506.46,92.0583
8254.43,-3508.26,90.2438
8258.66,-3510.06,88.4256
8262.88,-3511.86,86.6137
8267.11,-3513.66,84.8027
8271.33,-3515.46,82.9976
8275.57,-3517.26,81.1849
8279.8,-3519.06,79.3645
8284.04,-3520.86,77.5399
8288.26,-3522.66,75.7199
8292.5,-3524.46,73.8852
8296.73,-3526.26,72.0471
8300.98,-3528.06,70.209
8305.2,-3529.86,68.3799
8309.43,-3531.66,66.5523
8313.65,-3533.46,64.7293
8317.87,-3535.26,62.9084
8322.09,-3537.06,61.0868
8326.31,-3538.86,59.2575
8330.55,-3540.66,57.419
8334.77,-3542.46,55.5906
8339,-3544.26,53.7725
8343.22,-3546.06,51.9549
8347.47,-3547.86,50.1255
8351.72,-3549.66,48.2958
8355.95,-3551.46,46.4761
8360.19,-3553.26,44.6476
8364.42,-3555.06,42.8243
8368.66,-3556.86,41.0119
8372.89,-3558.66,39.2024
8377.11,-3560.46,37.3943
8381.34,-3562.26,35.5858
8385.57,-3564.06,33.7673
8389.8,-3565.86,31.9535
8394.02,-3567.66,30.144
8398.25,-3569.46,28.3213
8402.48,-3571.26,26.4955
8406.72,-3573.06,24.6658
8410.95,-3574.86,22.8435
8415.17,-3576.66,20.997
8419.4,-3578.46,19.1452
8423.63,-3580.26,17.3015
8427.87,-3582.06,15.4217
8432.1,-3583.86,13.5494
8436.32,-3585.66,11.6836
8440.56,-3587.46,9.81384
8444.78,-3589.26,7.95144
8449.01,-3591.06,6.10126
8453.23,-3592.86,4.27433
8457.47,-3594.66,2.50828
8461.71,-3596.46,1.24865
8465.94,-3598.26,2.00927
8470.16,-3600.06,3.70194
8474.4,-3601.86,5.52232
8478.63,-3603.67,7.3913
8482.86,-3605.47,9.2697
8487.09,-3607.27,11.1524
8491.32,-3609.07,13.053
8495.56,-3610.87,14.9542
8499.79,-3612.67,16.8573
8504.01,-3614.47,18.7399
8508.24,-3616.27,20.6244
8512.47,-3618.07,22.5166
8516.72,-3619.87,24.4135
8520.95,-3621.67,26.3034
8525.18,-3623.47,28.1974
8529.42,-3625.27,30.0903
8533.66,-3627.07,31.9802
8537.89,-3628.87,33.8639
8542.12,-3630.67,35.7511
8546.4,-3632.47,37.6493
8550.62,-3634.27,39.5454
8554.84,-3636.07,41.4329
8559.08,-3637.87,43.3256
8563.3,-3639.67,45.2004
8567.54,-3641.47,47.0818
8571.76,-3643.27,48.9563
8575.99,-3645.07,50.8374
8580.22,-3646.87,52.6684
8584.47,-3648.67,54.51
8588.73,-3650.47,56.3559
8592.96,-3652.27,57.9918
8597.2,-3654.07,59.6341
8601.42,-3655.87,61.269
8605.65,-3657.67,62.908
8609.88,-3659.47,64.659
8614.1,-3661.27,66.4106
8618.33,-3663.07,68.1669
8622.57,-3664.87,69.9242
8626.79,-3666.67,71.6189
8631.02,-3668.47,73.3164
8635.24,-3670.27,75.0113
8639.49,-3672.07,76.6983
8643.73,-3673.87,78.3842
8647.97,-3675.67,80.0704
8652.21,-3677.47,81.7571
8656.45,-3679.27,83.5098
8660.69,-3681.07,85.2633
8664.92,-3682.87,87.0144
8669.15,-3684.67,88.7705
8673.37,-3686.47,90.5246
8677.61,-3688.27,92.2884
8681.85,-3690.07,94.0498
8686.07,-3691.87,95.8204
8690.31,-3693.67,97.5987
8694.54,-3695.47,99.3751
8698.78,-3697.27,101.145
8703,-3699.07,102.908
8707.24,-3700.87,104.679
8711.48,-3702.67,106.448
8715.71,-3704.47,108.095
8719.94,-3706.27,109.739
8724.17,-3708.07,111.383
8728.41,-3709.87,112.961
8732.64,-3711.67,114.531
8736.86,-3713.47,116.102
8741.1,-3715.27,117.678
8745.32,-3717.07,119.35
8749.56,-3718.87,121.03
8753.78,-3720.67,122.702
8758.01,-3722.47,124.494
8762.23,-3724.27,126.291
8766.45,-3726.07,128.083
8770.69,-3727.87,129.882
8774.91,-3729.67,131.732
8779.13,-3731.47,133.582
8783.36,-3733.27,135.432
8787.61,-3735.07,137.23
8791.82,-3736.87,139.017
8796.05,-3738.67,140.807
8800.28,-3740.47,142.597
8804.51,-3742.27,144.383
8808.74,-3744.07,146.176
8812.97,-3745.87,147.968
8817.2,-3747.67,149.756
8821.49,-3749.47,151.645
8825.74,-3751.27,153.516
8829.97,-3753.07,155.379
8834.2,-3754.87,157.211
8838.43,-3756.67,159.043
8842.66,-3758.47,160.878
8846.88,-3760.27,162.708
8851.1,-3762.07,164.513
8855.34,-3763.87,166.319
8859.57,-3765.67,168.13
8863.79,-3767.47,169.917
8868.02,-3769.27,171.706
8872.24,-3771.07,173.493
8876.48,-3772.87,175.288
8880.77,-3774.67,177.111
8885,-3776.47,178.904
8889.22,-3778.27,180.699
8893.45,-3780.07,182.478
8897.69,-3781.87,184.265
8901.91,-3783.67,186.046
8906.13,-3785.47,187.824
8910.36,-3787.27,189.606
8914.6,-3789.07,191.398
8918.84,-3790.87,193.187
8923.07,-3792.67,194.968
8927.35,-3794.47,196.806
8931.6,-3796.27,198.628
8935.82,-3798.07,200.438
8940.04,-3799.87,202.234
8944.26,-3801.67,204.028
8948.49,-3803.47,205.826
8952.73,-3805.27,207.668
8956.95,-3807.07,209.504
8961.18,-3808.87,211.343
8965.42,-3810.67,213.184
8969.65,-3812.47,215.002
8973.87,-3814.27,216.815
8978.11,-3816.07,218.636
8982.33,-3817.87,220.45
8986.64,-3819.67,222.279
8990.87,-3821.47,224.09
8995.09,-3823.27,225.89
9003.32,-3825.07,229.352
9007.59,-3826.87,231.148
9012,-3828.67,233.003
9020.82,-3830.47,235.952
9025.28,-3832.27,237.439
9029.72,-3834.07,238.948
9036.4,-3835.87,241.2
9040.88,-3837.67,242.711
9045.35,-3839.47,244.107
9049.88,-3841.27,245.523
9054.25,-3843.07,246.889
9058.62,-3844.87,248.424
9062.85,-3846.67,249.904
9067.06,-3848.47,251.38
9071.27,-3850.27,252.853
9075.48,-3852.07,254.745
9079.71,-3853.87,256.64
9083.92,-3855.67,258.533
9088.14,-3857.47,260.398
9092.35,-3859.27,262.261
9096.57,-3861.07,264.124
9100.79,-3862.87,265.989
9105,-3864.67,267.807
9109.22,-3866.47,269.626
9113.44,-3868.27,271.444
9117.66,-3870.07,273.264
9121.87,-3871.87,275.09
9126.09,-3873.67,276.918
9130.36,-3875.47,278.771
9134.59,-3877.27,280.599
9138.82,-3879.07,282.422
9143.03,-3880.87,284.243
9147.25,-3882.67,286.065
9151.47,-3884.47,287.878
9155.68,-3886.27,289.692
9159.9,-3888.07,291.508
9164.12,-3889.87,293.313
9168.34,-3891.67,295.12
9172.55,-3893.47,296.924
9176.77,-3895.27,298.73
9180.99,-3897.07,300.529
9185.2,-3898.87,302.326
9189.42,-3900.67,304.125
9193.63,-3902.47,305.921
9197.85,-3904.27,307.718
9202.06,-3906.07,309.513
9206.28,-3907.87,311.308
9210.5,-3909.67,313.099
9214.71,-3911.47,314.889
9218.93,-3913.27,316.68
9223.15,-3915.07,318.469
9227.36,-3916.87,320.274
9231.61,-3918.67,322.091
9235.84,-3920.47,323.901
9240.06,-3922.27,325.715
9244.27,-3924.07,327.529
9248.49,-3925.87,329.343
9252.71,-3927.67,331.181
9256.92,-3929.47,333.019
9261.21,-3931.27,334.888
9265.42,-3933.07,336.727
9269.64,-3934.87,338.55
9273.86,-3936.67,340.371
9278.08,-3938.47,342.193
9282.29,-3940.27,344.012
9286.5,-3942.07,345.819
9290.72,-3943.87,347.626
9294.94,-3945.67,349.43
9299.16,-3947.47,351.223
9303.38,-3949.27,353.005
9307.6,-3951.07,354.772
9311.81,-3952.87,356.496
9316.02,-3954.67,358.059
9320.24,-3956.47,358.637
9324.46,-3958.27,357.442
9328.67,-3960.07,355.781
9332.89,-3961.87,354.029
9337.13,-3963.67,352.241
9341.34,-3965.47,350.449
9345.56,-3967.27,348.657
9349.78,-3969.07,346.858
9354,-3970.88,345.059
9358.22,-3972.68,343.256
9362.43,-3974.48,341.444
9366.64,-3976.28,339.629
9370.86,-3978.08,337.813
9375.08,-3979.88,335.988
9379.3,-3981.68,334.162
9383.51,-3983.48,332.337
9387.73,-3985.28,330.501
9391.95,-3987.08,328.667
9396.16,-3988.88,326.833
9400.38,-3990.68,324.998
9404.6,-3992.48,323.172
9408.81,-3994.28,321.345
9413.03,-3996.08,319.519
9417.25,-3997.88,317.691
9421.46,-3999.68,315.874
9425.68,-4001.48,314.057
9429.89,-4003.28,312.238
9434.11,-4005.08,310.437
9438.34,-4006.88,308.629
9442.56,-4008.68,306.829
9446.77,-4010.48,305.028
9450.99,-4012.28,303.369
9455.21,-4014.08,301.71
9459.43,-4015.88,300.049
9463.64,-4017.68,298.368
9467.86,-4019.48,296.686
9472.07,-4021.28,295.005
9476.29,-4023.08,293.324
9480.51,-4024.88,291.562
9484.72,-4026.68,289.802
9488.94,-4028.48,288.042
9493.16,-4030.28,286.282
9497.38,-4032.08,284.47
9501.59,-4033.88,282.661
9505.81,-4035.68,280.851
9510.03,-4037.48,278.974
9514.24,-4039.28,277.1
9518.46,-4041.08,275.224
9522.67,-4042.88,273.35
9526.88,-4044.68,271.489
9531.11,-4046.48,269.622
9535.34,-4048.28,267.755
9539.57,-4050.08,265.93
9543.78,-4051.88,264.109
9547.99,-4053.68,262.29
9552.2,-4055.48,260.473
9556.42,-4057.28,258.673
9560.64,-4059.08,256.87
9564.85,-4060.88,255.069
9569.07,-4062.68,253.271
9573.29,-4064.48,251.474
9577.51,-4066.28,249.675
9581.72,-4068.08,247.879
9585.93,-4069.88,246.137
9590.15,-4071.68,244.393
9594.37,-4073.48,242.65
9598.59,-4075.28,240.841
9602.8,-4077.08,239.035
9607.05,-4078.88,237.213
9611.27,-4080.68,235.406
9615.48,-4082.48,233.605
9619.7,-4084.28,231.801
9623.91,-4086.08,230
9628.13,-4087.88,228.198
9632.35,-4089.68,226.397
9636.59,-4091.48,224.585
9640.82,-4093.28,222.781
9645.03,-4095.08,220.977
9649.25,-4096.88,219.171
9653.47,-4098.68,217.367
9657.69,-4100.48,215.596
9661.9,-4102.28,213.826
9666.12,-4104.08,212.057
9670.34,-4105.88,210.286
9674.55,-4107.68,208.467
9678.77,-4109.48,206.646
9682.99,-4111.28,204.827
9687.21,-4113.08,203.005
9691.42,-4114.88,201.155
9695.63,-4116.68,199.304
9699.85,-4118.48,197.451
9704.06,-4120.28,195.669
9708.28,-4122.08,193.885
9712.5,-4123.88,192.103
9716.71,-4125.68,190.322
9720.93,-4127.48,188.503
9725.14,-4129.27,186.686
9729.36,-4131.07,184.867
9733.57,-4132.87,183.043
9737.82,-4134.67,181.205
9742.04,-4136.47,179.38
9746.25,-4138.27,177.556
9750.47,-4140.07,175.775
9754.68,-4141.87,173.996
9758.9,-4143.67,172.216
9763.12,-4145.47,170.437
9767.33,-4147.27,168.628
9771.55,-4149.07,166.821
9775.76,-4150.87,165.014
9779.98,-4152.67,163.202
9784.19,-4154.47,161.391
9788.41,-4156.27,159.579
9792.62,-4158.07,157.77
9796.84,-4159.87,155.949
9801.06,-4161.67,154.125
9805.27,-4163.47,152.303
9809.49,-4165.27,150.485
9813.71,-4167.07,148.669
9817.93,-4168.87,146.851
9822.14,-4170.67,145.035
9826.35,-4172.47,143.226
9830.57,-4174.27,141.415
9834.79,-4176.07,139.604
9839.03,-4177.87,137.792
9843.24,-4179.67,135.995
9847.46,-4181.47,134.193
9851.68,-4183.27,132.394
9855.89,-4185.07,130.607
9860.11,-4186.87,128.818
9864.33,-4188.67,127.03
9868.54,-4190.47,125.238
9872.76,-4192.27,123.446
9877,-4194.07,121.644
9881.21,-4195.87,119.85
9885.43,-4197.67,118.07
9889.65,-4199.47,116.287
9893.86,-4201.27,114.506
9898.08,-4203.07,112.71
9902.29,-4204.87,110.916
9906.51,-4206.67,109.121
9910.72,-4208.47,107.325
9914.94,-4210.27,105.508
9919.16,-4212.07,103.691
9923.37,-4213.87,101.876
9927.59,-4215.67,100.058
9931.81,-4217.47,98.183
9936.05,-4219.27,96.2948
9940.27,-4221.06,94.4162
9944.49,-4222.86,92.5398
9948.71,-4224.66,90.6923
9952.92,-4226.46,88.8466
9957.19,-4228.26,86.9778
9961.4,-4230.06,85.1719
9965.62,-4231.86,83.3664
9969.84,-4233.66,81.558
9974.05,-4235.46,79.7568
9978.27,-4237.26,77.9545
9982.48,-4239.06,76.1546
9986.7,-4240.86,74.3544
9990.92,-4242.66,72.5562
9995.13,-4244.46,70.7593
9999.35,-4246.26,68.9607
10003.6,-4248.06,67.1647
10007.8,-4249.86,65.3619
10012,-4251.66,63.5616
10016.2,-4253.46,61.7609
10020.4,-4255.26,59.9763
10024.6,-4257.06,58.1938
10028.9,-4258.86,56.4104
10033.1,-4260.66,54.6012
10037.3,-4262.46,52.7791
10041.5,-4264.26,50.9708
10045.7,-4266.06,49.1622
10050,-4267.86,47.3577
10054.2,-4269.66,45.555
10058.4,-4271.46,43.7511
10062.6,-4273.26,41.9502
10066.8,-4275.06,40.1199
10071,-4276.86,38.288
10075.2,-4278.66,36.458
10079.5,-4280.46,34.6102
10083.7,-4282.26,32.7642
10087.9,-4284.06,30.9168
10092.1,-4285.86,29.0722
10096.3,-4287.66,27.2751
10100.5,-4289.46,25.4749
10104.8,-4291.26,23.6782
10109,-4293.06,21.8786
10113.2,-4294.86,20.0802
10117.4,-4296.66,18.2823
10121.6,-4298.46,16.4857
10125.8,-4300.26,14.6848
10130,-4302.06,12.8832
10134.3,-4303.86,11.0849
10138.5,-4305.66,9.27486
10142.7,-4307.46,7.47056
10146.9,-4309.26,5.67891
10151.1,-4311.06,3.91609
10155.4,-4312.85,2.26699
10159.6,-4314.65,1.20137
10163.8,-4316.45,2.06309
10168,-4318.25,3.66454
10172.2,-4320.05,5.38202
10176.4,-4321.85,7.13268
10180.6,-4323.65,8.89787
10184.8,-4325.45,10.6995
10189.1,-4327.25,12.5075
10193.3,-4329.05,14.3159
10197.5,-4330.85,16.1274
10201.7,-4332.65,17.9547
10205.9,-4334.45,19.7843
10210.1,-4336.25,21.6152
10214.3,-4338.05,23.4364
10218.6,-4339.85,25.26
10222.8,-4341.65,27.0813
10227,-4343.45,28.9181
10231.2,-4345.25,30.7327
10235.4,-4347.05,32.5455
10239.7,-4348.85,34.3743
10243.9,-4350.65,36.1885
10248.1,-4352.45,37.9833
10252.3,-4354.25,39.7764
10256.6,-4356.05,41.5697
10260.8,-4357.85,43.3604
10265,-4359.65,45.1479
10269.2,-4361.45,46.9383
10273.4,-4363.25,48.7267
10277.6,-4365.05,50.5289
10281.8,-4366.85,52.329
10286.1,-4368.65,54.1288
10290.3,-4370.45,55.8938
10294.5,-4372.25,57.6567
10298.7,-4374.05,59.4213
10302.9,-4375.85,61.1844
10307.1,-4377.65,62.7724
10311.4,-4379.45,64.359
10315.6,-4381.25,65.9459
10319.8,-4383.05,67.8126
10324,-4384.85,69.6771
10328.2,-4386.65,71.5438
10332.5,-4388.45,73.4257
10336.7,-4390.25,75.2722
10340.9,-4392.05,77.1094
10345.1,-4393.85,78.9428
10349.4,-4395.65,80.7973
10353.6,-4397.45,82.6497
10357.8,-4399.25,84.5039
10362,-4401.05,86.3558
10366.2,-4402.85,88.2121
10370.4,-4404.65,90.0693
10374.7,-4406.44,91.9247
10378.9,-4408.24,93.7299
10383.1,-4410.04,95.535
10387.3,-4411.84,97.341
10391.5,-4413.64,99.144
10395.7,-4415.44,100.931
10400,-4417.24,102.715
10404.2,-4419.04,104.499
10408.4,-4420.84,106.284
10412.6,-4422.64,108.065
10416.8,-4424.44,109.846
10421,-4426.24,111.63
10425.2,-4428.04,113.317
10429.5,-4429.84,115.004
10433.7,-4431.64,116.693
10437.9,-4433.44,118.394
10442.1,-4435.24,120.19
10446.3,-4437.04,121.986
10450.6,-4438.84,123.785
10454.8,-4440.64,125.563
10459,-4442.44,127.342
10463.2,-4444.24,129.12
10467.4,-4446.04,130.899
10471.6,-4447.84,132.762
10475.8,-4449.64,134.625
10480.1,-4451.44,136.491
10484.3,-4453.24,138.378
10488.5,-4455.04,140.267
10492.7,-4456.84,142.153
10496.9,-4458.64,144.041
10501.1,-4460.44,145.79
10505.4,-4462.24,147.538
10509.6,-4464.04,149.288
10513.8,-4465.84,151.111
10518,-4467.64,152.94
10522.3,-4469.44,154.796
10526.6,-4471.24,156.669
10530.9,-4473.04,158.503
10535.1,-4474.84,160.329
10539.3,-4476.64,162.173
10543.5,-4478.44,164.001
10547.7,-4480.24,165.791
10552,-4482.04,167.576
10556.2,-4483.84,169.362
10560.4,-4485.64,171.159
10564.6,-4487.44,172.956
10568.8,-4489.24,174.757
10573,-4491.04,176.555
10577.2,-4492.84,178.34
10581.5,-4494.64,180.122
10585.7,-4496.44,181.904
10589.9,-4498.23,183.702
10594.1,-4500.03,185.499
10598.3,-4501.83,187.297
10602.5,-4503.63,189.092
10606.7,-4505.43,190.917
10611,-4507.23,192.744
10615.2,-4509.03,194.569
10619.4,-4510.83,196.398
10623.6,-4512.63,198.225
10627.8,-4514.43,200.054
10632,-4516.23,201.88
10636.2,-4518.03,203.694
10640.5,-4519.83,205.523
10644.7,-4521.63,207.337
10648.9,-4523.43,209.152
10653.1,-4525.23,210.955
10657.4,-4527.03,212.759
10661.6,-4528.83,214.586
10665.9,-4530.63,216.372
10670.1,-4532.43,218.16
10674.3,-4534.23,219.945
10678.5,-4536.03,221.732
10682.7,-4537.83,223.516
10686.9,-4539.63,225.302
10691.1,-4541.43,227.088
10695.4,-4543.23,228.884
10699.6,-4545.03,230.682
10703.8,-4546.83,232.478
10708,-4548.63,234.277
10712.2,-4550.43,236.001
10716.4,-4552.23,237.726
10720.7,-4554.03,239.452
10724.9,-4555.83,241.177
10729.1,-4557.63,243.034
10733.3,-4559.43,244.889
10737.5,-4561.23,246.758
10741.8,-4563.03,248.569
10746,-4564.83,250.38
10750.2,-4566.63,252.193
10754.4,-4568.43,254.013
10758.6,-4570.23,255.835
10762.8,-4572.03,257.657
10767.1,-4573.83,259.479
10771.3,-4575.63,261.303
10775.5,-4577.43,263.128
10779.7,-4579.23,264.954
10783.9,-4581.03,266.779
10788.1,-4582.83,268.591
10792.4,-4584.63,270.399
10796.6,-4586.43,272.208
10800.8,-4588.23,274.008
10805,-4590.02,275.806
10809.2,-4591.82,277.605
10813.4,-4593.62,279.403
10817.7,-4595.42,281.219
10821.9,-4597.22,283.03
10826.1,-4599.02,284.844
10830.3,-4600.82,286.648
10834.5,-4602.62,288.451
10838.8,-4604.42,290.269
10843,-4606.22,292.073
10847.2,-4608.02,293.881
10851.4,-4609.82,295.687
10855.6,-4611.62,297.494
10859.8,-4613.42,299.306
10864,-4615.22,301.117
10868.3,-4617.02,302.928
10872.5,-4618.82,304.737
10876.7,-4620.62,306.554
10880.9,-4622.42,308.372
10885.1,-4624.22,310.189
10889.3,-4626.02,312.024
10893.6,-4627.82,313.858
10897.8,-4629.62,315.694
10902,-4631.42,317.526
10906.2,-4633.22,319.35
10910.4,-4635.02,321.177
10914.6,-4636.82,323.002
10918.8,-4638.62,324.828
10923.1,-4640.42,326.661
10927.3,-4642.22,328.495
10931.5,-4644.02,330.327
10935.7,-4645.82,332.147
10940,-4647.62,333.984
10944.2,-4649.42,335.805
10948.4,-4651.22,337.627
10952.6,-4653.02,339.45
10956.8,-4654.82,341.274
10961,-4656.62,343.098
10965.3,-4658.42,344.941
10969.5,-4660.22,346.785
10973.7,-4662.02,348.626
10977.9,-4663.82,350.468
10982.1,-4665.62,352.313
10986.3,-4667.42,354.152
10990.5,-4669.22,355.974
10994.8,-4671.02,357.735
10999,-4672.82,359.016
11003.2,-4674.62,358.034
11007.4,-4676.42,356.281
11011.6,-4678.22,354.453
11015.8,-4680.02,352.603
11020.1,-4681.81,350.742
11024.3,-4683.61,348.879
11028.5,-4685.41,346.997
11032.7,-4687.21,345.116
11036.9,-4689.01,343.234
11041.2,-4690.81,341.344
11045.4,-4692.61,339.468
11049.6,-4694.41,337.589
11053.8,-4696.21,335.713
11058,-4698.01,333.836
11062.2,-4699.81,331.961
11066.5,-4701.61,330.086
11070.7,-4703.41,328.229
11074.9,-4705.21,326.376
11079.1,-4707.01,324.52
11083.3,-4708.81,322.667
11087.5,-4710.61,320.817
11091.8,-4712.41,318.97
11096,-4714.21,317.122
11100.2,-4716.01,315.279
11104.4,-4717.81,313.438
11108.6,-4719.61,311.595
11112.9,-4721.41,309.738
11117.1,-4723.21,307.911
11121.3,-4725.01,306.089
11125.5,-4726.81,304.266
11129.7,-4728.61,302.519
11133.9,-4730.41,300.767
11138.2,-4732.21,299.007
11142.4,-4734.01,297.26
11146.6,-4735.81,295.657
11150.8,-4737.61,294.052
11155.1,-4739.41,292.45
11159.3,-4741.21,290.805
11163.5,-4743.01,289.161
11167.7,-4744.81,287.515
11171.9,-4746.61,285.873
11176.1,-4748.41,284.26
11180.4,-4750.21,282.646
11184.6,-4752.01,281.033
11188.8,-4753.81,279.419
11193,-4755.61,277.7
11197.2,-4757.41,275.978
11201.4,-4759.21,274.26
11205.7,-4761.01,272.398
11209.9,-4762.81,270.535
11214.1,-4764.61,268.673
11218.3,-4766.41,266.81
11222.5,-4768.21,264.978
11226.7,-4770.01,263.145
11230.9,-4771.81,261.311
11235.2,-4773.6,259.518
11239.4,-4775.4,257.712
11243.6,-4777.2,255.92
11247.8,-4779,254.125
11252,-4780.8,252.352
11256.3,-4782.6,250.578
11260.5,-4784.4,248.802
11264.7,-4786.2,247.01
11268.9,-4788,245.215
11273.1,-4789.8,243.423
11277.3,-4791.6,241.63
11281.6,-4793.4,239.882
11285.8,-4795.2,238.133
11290,-4797,236.383
11294.2,-4798.8,234.635
11298.4,-4800.6,232.802
11302.6,-4802.4,230.974
11306.8,-4804.2,229.144
11311.1,-4806,227.333
11315.3,-4807.8,225.524
11319.5,-4809.6,223.713
11323.7,-4811.4,221.904
11327.9,-4813.2,220.061
11332.1,-4815,218.221
11336.4,-4816.8,216.37
11340.6,-4818.6,214.657
11344.8,-4820.4,212.957
11349,-4822.2,211.256
11353.3,-4824,209.557
11357.5,-4825.8,207.793
11361.7,-4827.6,206.031
11365.9,-4829.4,204.249
11370.2,-4831.2,202.346
11374.4,-4833,200.446
11378.6,-4834.8,198.543
11382.8,-4836.6,196.643
11387.1,-4838.4,194.854
11391.3,-4840.2,193.083
11395.5,-4842,191.312
11399.7,-4843.8,189.538
11403.9,-4845.6,187.767
11408.1,-4847.4,185.993
11412.3,-4849.2,184.223
11416.6,-4851,182.413
11420.8,-4852.8,180.601
11425,-4854.6,178.79
11429.2,-4856.4,176.978
11433.4,-4858.2,175.134
11437.6,-4860,173.287
11441.9,-4861.8,171.43
11446.1,-4863.6,169.599
11450.3,-4865.4,167.767
11454.5,-4867.19,165.937
11458.7,-4868.99,164.105
11462.9,-4870.79,162.288
11467.2,-4872.59,160.47
11471.4,-4874.39,158.654
11475.6,-4876.19,156.859
11479.8,-4877.99,155.061
11484,-4879.79,153.266
11488.2,-4881.59,151.468
11492.5,-4883.39,149.675
11496.7,-4885.19,147.88
11500.9,-4886.99,146.084
11505.1,-4888.79,144.29
11509.3,-4890.59,142.485
11513.5,-4892.39,140.684
11517.7,-4894.19,138.88
11522,-4895.99,137.089
11526.2,-4897.79,135.298
11530.4,-4899.59,133.503
11534.6,-4901.39,131.695
11538.9,-4903.19,129.888
11543.1,-4904.99,128.094
11547.3,-4906.79,126.299
11551.5,-4908.59,124.505
11555.7,-4910.39,122.712
11560,-4912.19,120.916
11564.2,-4913.99,119.122
11568.4,-4915.79,117.326
11572.6,-4917.59,115.533
11576.8,-4919.39,113.739
11581,-4921.19,111.876
11585.2,-4922.99,110.014
11589.5,-4924.79,108.15
11593.7,-4926.59,106.289
11597.9,-4928.39,104.479
11602.1,-4930.19,102.673
11606.3,-4931.99,100.865
11610.5,-4933.79,99.0561
11614.8,-4935.59,97.2493
11619,-4937.39,95.4403
11623.2,-4939.19,93.6327
11627.4,-4940.99,91.7964
11631.6,-4942.79,89.9635
11635.8,-4944.59,88.1281
11640.1,-4946.39,86.28
11644.3,-4948.19,84.4594
11648.5,-4949.99,82.6368
11652.7,-4951.79,80.8179
11656.9,-4953.59,79.0263
11661.2,-4955.39,77.233
11665.4,-4957.19,75.4426
11669.6,-4958.98,73.6382
11673.8,-4960.78,71.8363
11678,-4962.58,70.0323
11682.2,-4964.38,68.2308
11686.5,-4966.18,66.4158
11690.7,-4967.98,64.5953
11694.9,-4969.78,62.7803
11699.1,-4971.58,60.9628
11703.3,-4973.38,59.1453
11707.5,-4975.18,57.3256
11711.8,-4976.98,55.5093
11716,-4978.78,53.6972
11720.2,-4980.58,51.8835
11724.4,-4982.38,50.0715
11728.6,-4984.18,48.2583
11732.9,-4985.98,46.4357
11737.1,-4987.78,44.622
11741.3,-4989.58,42.7987
11745.5,-4991.38,40.9969
11749.8,-4993.18,39.1935
11754,-4994.98,37.3927
11758.2,-4996.78,35.5903
11762.4,-4998.58,33.793
11766.6,-5000.38,31.9954
11770.8,-5002.18,30.1972
11775,-5003.98,28.3874
11779.3,-5005.78,26.5762
11783.5,-5007.58,24.7673
11787.7,-5009.38,22.9567
11791.9,-5011.18,21.1664
11796.1,-5012.98,19.3762
11800.3,-5014.78,17.5844
11804.6,-5016.58,15.794
11808.8,-5018.38,14.0068
11813,-5020.18,12.2228
11817.2,-5021.98,10.4386
11821.4,-5023.78,8.65217
11825.6,-5025.58,6.87094
11829.8,-5027.38,5.09966
11834,-5029.18,3.35846
11838.3,-5030.98,1.71002
11842.5,-5032.78,1.13848
11846.7,-5034.58,2.53095
11850.9,-5036.38,4.27342
11855.1,-5038.18,6.06818
11859.4,-5039.98,7.88278
11863.6,-5041.78,9.70303
11867.8,-5043.58,11.5154
11872,-5045.38,13.328
11876.2,-5047.18,15.1425
11880.4,-5048.98,16.9528
11884.7,-5050.77,18.7623
11888.9,-5052.57,20.5744
11893.1,-5054.37,22.3845
11897.3,-5056.17,24.1812
11901.5,-5057.97,25.9749
11905.7,-5059.77,27.7702
11909.9,-5061.57,29.5729
11914.2,-5063.37,31.3742
11918.4,-5065.17,33.178
11922.6,-5066.97,34.9795
11926.8,-5068.77,36.7731
11931,-5070.57,38.5689
11935.3,-5072.37,40.3963
11939.6,-5074.17,42.2047
11943.8,-5075.97,44.0163
11948,-5077.77,45.8297
11952.2,-5079.57,47.6394
11956.4,-5081.37,49.4333
11960.6,-5083.17,51.229
11964.8,-5084.97,53.023
11969.1,-5086.77,54.8187
11973.3,-5088.57,56.6386
11977.5,-5090.37,58.4615
11981.7,-5092.17,60.2801
11985.9,-5093.97,61.9537
11990.1,-5095.77,63.6279
11994.3,-5097.57,65.3012
11998.6,-5099.37,66.9767
12002.8,-5101.17,68.8222
12007.1,-5102.97,70.6977
12011.3,-5104.77,72.5444
12015.5,-5106.57,74.3242
12019.7,-5108.37,76.108
12024.1,-5110.17,77.9384
12028.4,-5111.97,79.7668
12032.6,-5113.77,81.5524
12036.8,-5115.57,83.3388
12041.1,-5117.37,85.1368
12045.3,-5119.17,86.9213
12049.5,-5120.97,88.7343
12053.7,-5122.77,90.5444
12057.9,-5124.57,92.3528
12062.1,-5126.37,94.136
12066.3,-5128.17,95.9217
12070.6,-5129.97,97.7372
12074.8,-5131.77,99.5241
12079.1,-5133.57,101.338
12083.3,-5135.37,103.15
12087.5,-5137.17,104.963
12091.7,-5138.97,106.768
12095.9,-5140.77,108.573
12100.1,-5142.56,110.38
12104.3,-5144.36,112.185
12108.6,-5146.16,113.946
12112.8,-5147.96,115.704
12117,-5149.76,117.478
12121.2,-5151.56,119.233
12125.5,-5153.36,120.989
12129.7,-5155.16,122.746
12133.9,-5156.96,124.501
12138.1,-5158.76,126.357
12142.4,-5160.56,128.224
12146.6,-5162.36,130.079
12150.8,-5164.16,131.881
12155,-5165.96,133.681
12159.2,-5167.76,135.482
12163.4,-5169.56,137.282
12167.7,-5171.36,139.131
12171.9,-5173.16,140.977
12176.1,-5174.96,142.823
12180.3,-5176.76,144.671
12184.5,-5178.56,146.364
12188.7,-5180.36,148.059
12192.9,-5182.16,149.753
12197.2,-5183.96,151.508
12201.4,-5185.76,153.26
12205.6,-5187.56,155.012
12209.8,-5189.36,156.766
12214,-5191.16,158.609
12218.2,-5192.96,160.454
12222.4,-5194.76,162.296
12226.7,-5196.56,164.084
12230.9,-5198.36,165.874
12235.1,-5200.16,167.663
12239.3,-5201.96,169.465
12243.6,-5203.76,171.287
12247.8,-5205.56,173.098
12252,-5207.36,174.905
12256.2,-5209.16,176.735
12260.4,-5210.96,178.567
12264.7,-5212.76,180.398
12268.9,-5214.56,182.229
12273.1,-5216.36,184.054
12277.3,-5218.16,185.882
12281.5,-5219.96,187.706
12285.7,-5221.76,189.511
12289.9,-5223.56,191.318
12294.2,-5225.36,193.122
12298.4,-5227.16,194.929
12302.6,-5228.96,196.714
12306.8,-5230.76,198.501
12311,-5232.56,200.289
12315.2,-5234.35,202.075
12319.5,-5236.15,203.87
12323.7,-5237.95,205.662
12327.9,-5239.75,207.456
12332.1,-5241.55,209.238
12336.3,-5243.35,211.022
12340.6,-5245.15,212.828
12344.8,-5246.95,214.613
12349,-5248.75,216.422
12353.2,-5250.55,218.231
12357.4,-5252.35,220.041
12361.7,-5254.15,221.844
12365.9,-5255.95,223.648
12370.1,-5257.75,225.454
12374.3,-5259.55,227.258
12378.5,-5261.35,229.096
12382.7,-5263.15,230.932
12386.9,-5264.95,232.767
12391.2,-5266.75,234.603
12395.4,-5268.55,236.436
12399.6,-5270.35,238.273
12403.8,-5272.15,240.107
12408,-5273.95,241.886
12412.2,-5275.75,243.663
12416.4,-5277.55,245.441
12420.7,-5279.35,247.22
12424.9,-5281.15,248.997
12429.1,-5282.95,250.776
12433.3,-5284.75,252.553
12437.5,-5286.55,254.354
12441.8,-5288.35,256.175
12446,-5290.15,257.974
12450.2,-5291.95,259.774
12454.5,-5293.75,261.585
12458.7,-5295.55,263.398
12462.9,-5297.35,265.212
12467.1,-5299.15,267.094
12471.3,-5300.95,268.973
12475.5,-5302.75,270.855
12479.8,-5304.55,272.736
12484,-5306.35,274.55
12488.2,-5308.15,276.367
12492.4,-5309.95,278.18
12496.6,-5311.75,279.968
12500.8,-5313.55,281.758
12505,-5315.35,283.546
12509.3,-5317.15,285.335
12513.5,-5318.95,287.166
12517.7,-5320.75,289
12521.9,-5322.55,290.83
12526.1,-5324.35,292.662
12530.3,-5326.15,294.507
12534.6,-5327.94,296.35
12538.8,-5329.74,298.196
12543,-5331.54,300.015
12547.2,-5333.34,301.825
12551.4,-5335.14,303.63
12555.7,-5336.94,305.403
12559.9,-5338.74,307.177
12564.1,-5340.54,308.949
12568.3,-5342.34,310.723
12572.5,-5344.14,312.518
12576.7,-5345.94,314.314
12581,-5347.74,316.111
12585.2,-5349.54,317.908
12589.4,-5351.34,319.735
12593.6,-5353.14,321.561
12597.8,-5354.94,323.387
12602,-5356.74,325.126
12606.2,-5358.54,326.867
12610.5,-5360.34,328.609
12614.7,-5362.14,330.348
12618.9,-5363.94,332.075
12623.1,-5365.74,333.801
12627.3,-5367.54,335.527
12631.5,-5369.34,337.397
12635.8,-5371.14,339.268
12640,-5372.94,341.141
12644.2,-5374.74,343.035
12648.5,-5376.54,344.875
12652.7,-5378.34,346.71
12656.9,-5380.14,348.546
12661.1,-5381.94,350.383
12665.3,-5383.74,352.169
12669.5,-5385.54,353.955
12673.8,-5387.34,355.736
12678,-5389.14,357.563
12682.2,-5390.94,359.264
12686.4,-5392.74,358.599
12690.6,-5394.54,356.856
12694.8,-5396.34,355.074
12699.1,-5398.14,353.281
12703.3,-5399.94,351.488
12707.5,-5401.74,349.679
12711.7,-5403.54,347.873
12715.9,-5405.34,346.065
12720.1,-5407.14,344.256
12724.3,-5408.94,342.427
12728.6,-5410.74,340.596
12732.8,-5412.54,338.767
12737,-5414.34,336.967
12741.3,-5416.14,335.169
12745.5,-5417.94,333.372
12749.7,-5419.73,331.586
12753.9,-5421.53,329.837
12758.2,-5423.33,328.087
12762.4,-5425.13,326.34
12766.6,-5426.93,324.531
12770.9,-5428.73,322.702
12775.1,-5430.53,320.894
12779.3,-5432.33,319.084
12783.5,-5434.13,317.23
12787.7,-5435.93,315.372
12791.9,-5437.73,313.519
12796.1,-5439.53,311.684
12800.4,-5441.33,309.847
12804.6,-5443.13,308.012
12808.8,-5444.93,306.176
12813,-5446.73,304.372
12817.2,-5448.53,302.566
12821.4,-5450.33,300.763
12825.6,-5452.13,298.959
12829.9,-5453.93,297.379
12834.1,-5455.73,295.801
12838.3,-5457.53,294.22
12842.5,-5459.33,292.425
12846.8,-5461.13,290.63
12851,-5462.93,288.842
12855.2,-5464.73,287.059
12859.4,-5466.53,285.245
12863.7,-5468.33,283.434
12867.9,-5470.13,281.62
12872.1,-5471.93,279.884
12876.3,-5473.73,278.149
12880.5,-5475.53,276.41
12884.7,-5477.33,274.674
12888.9,-5479.13,272.787
12893.2,-5480.93,270.903
12897.4,-5482.73,269.017
12901.6,-5484.53,267.188
12905.8,-5486.33,265.357
12910,-5488.13,263.526
12914.2,-5489.93,261.696
12918.4,-5491.73,259.891
12922.7,-5493.53,258.09
12926.9,-5495.33,256.286
12931.1,-5497.13,254.464
12935.3,-5498.93,252.643
12939.5,-5500.73,250.819
12943.8,-5502.53,248.986
12948,-5504.33,247.159
12952.2,-5506.13,245.346
12956.4,-5507.93,243.532
12960.7,-5509.73,241.717
12964.9,-5511.52,239.917
12969.1,-5513.32,238.115
12973.3,-5515.12,236.316
12977.5,-5516.92,234.512
12981.7,-5518.72,232.712
12985.9,-5520.52,230.91
12990.2,-5522.32,229.108
12994.4,-5524.12,227.314
12998.6,-5525.92,225.519
13002.8,-5527.72,223.726
13007.1,-5529.52,221.932
13011.3,-5531.32,220.153
13015.5,-5533.12,218.374
13019.7,-5534.92,216.592
13023.9,-5536.72,214.816
13028.1,-5538.52,213.039
13032.3,-5540.32,211.264
13036.6,-5542.12,209.497
13040.8,-5543.92,207.727
13045,-5545.72,205.948
13049.3,-5547.52,204.167
13053.5,-5549.32,202.341
13057.7,-5551.12,200.512
13061.9,-5552.92,198.687
13066.1,-5554.72,196.844
13070.3,-5556.52,194.999
13074.6,-5558.32,193.157
13078.8,-5560.12,191.313
13083,-5561.92,189.505
13087.2,-5563.72,187.696
13091.4,-5565.52,185.889
13095.6,-5567.32,184.082
13099.8,-5569.12,182.248
13104.1,-5570.92,180.415
13108.3,-5572.72,178.581
13112.5,-5574.52,176.791
13116.7,-5576.32,175
13120.9,-5578.12,173.208
13125.1,-5579.92,171.418
13129.3,-5581.72,169.627
13133.6,-5583.52,167.838
13137.8,-5585.32,166.045
13142,-5587.12,164.245
13146.2,-5588.92,162.455
13150.5,-5590.72,160.654
13154.7,-5592.52,158.865
13158.9,-5594.32,157.065
13163.1,-5596.12,155.266
13167.3,-5597.92,153.466
13171.6,-5599.72,151.629
13175.8,-5601.52,149.791
13180,-5603.31,147.952
13184.2,-5605.11,146.113
13188.4,-5606.91,144.278
13192.6,-5608.71,142.447
13196.8,-5610.51,140.614
13201.1,-5612.31,138.774
13205.3,-5614.11,136.936
13209.5,-5615.91,135.097
13213.7,-5617.71,133.259
13217.9,-5619.51,131.441
13222.1,-5621.31,129.624
13226.3,-5623.11,127.808
13230.6,-5624.91,125.99
13234.8,-5626.71,124.183
13239,-5628.51,122.374
13243.2,-5630.31,120.554
13247.5,-5632.11,118.844
13251.7,-5633.91,117.125
13255.9,-5635.71,115.416
13260.1,-5637.51,113.705
13264.3,-5639.31,111.891
13268.6,-5641.11,110.075
13272.8,-5642.91,108.261
13277,-5644.71,106.449
13281.2,-5646.51,104.649
13285.5,-5648.31,102.852
13289.7,-5650.11,101.053
13293.9,-5651.91,99.1797
13298.1,-5653.71,97.305
13302.3,-5655.51,95.4329
13306.5,-5657.31,93.5609
13310.7,-5659.11,91.6522
13315,-5660.91,89.7445
13319.2,-5662.71,87.8369
13323.4,-5664.51,86.0312
13327.6,-5666.31,84.2243
13331.8,-5668.11,82.4199
13336,-5669.91,80.6294
13340.3,-5671.71,78.8369
13344.5,-5673.51,77.0335
13348.7,-5675.31,75.2402
13352.9,-5677.11,73.4204
13357.2,-5678.91,71.5998
13361.4,-5680.71,69.7813
13365.6,-5682.51,67.9638
13369.8,-5684.31,66.0786
13374,-5686.11,64.1949
13378.2,-5687.91,62.3095
13382.4,-5689.71,60.5507
13386.7,-5691.51,58.7915
13390.9,-5693.31,57.0307
13395.1,-5695.1,55.2711
13399.3,-5696.9,53.4885
13403.5,-5698.7,51.7062
13407.7,-5700.5,49.9223
13411.9,-5702.3,48.1369
13416.2,-5704.1,46.3511
13420.4,-5705.9,44.5633
13424.6,-5707.7,42.7775
13428.8,-5709.5,40.9595
13433,-5711.3,39.1433
13437.2,-5713.1,37.326
13441.4,-5714.9,35.51
13445.7,-5716.7,33.6696
13449.9,-5718.5,31.837
13454.1,-5720.3,29.9973
13458.4,-5722.1,28.1918
13462.6,-5723.9,26.3886
13466.8,-5725.7,24.5851
13471,-5727.5,22.7672
13475.3,-5729.3,20.9688
13479.5,-5731.1,19.1695
13483.7,-5732.9,17.373
13487.9,-5734.7,15.5459
13492.1,-5736.5,13.7245
13496.3,-5738.3,11.9029
13500.6,-5740.1,10.0815
13504.8,-5741.9,8.2937
13509,-5743.7,6.50731
13513.2,-5745.5,4.73241
13517.4,-5747.3,3.00049
13521.6,-5749.1,1.36943
13526,-5750.9,1.04079
13530.3,-5752.7,2.62
13534.5,-5754.5,4.35525
13538.7,-5756.3,6.11766
13542.9,-5758.1,7.90044
13547.2,-5759.9,9.67836
13551.4,-5761.7,11.4309
13555.6,-5763.5,13.1847
13559.8,-5765.3,14.9385
13564,-5767.1,16.7064
13568.2,-5768.9,18.4789
13572.4,-5770.7,20.248
13576.6,-5772.5,22.0207
13580.9,-5774.3,23.7957
13585.1,-5776.1,25.5696
13589.3,-5777.9,27.3445
13593.5,-5779.7,29.1541
13597.7,-5781.5,30.9661
13601.9,-5783.3,32.7745
13606.2,-5785.1,34.5842
13610.4,-5786.9,36.4348
13614.6,-5788.69,38.2846
13618.8,-5790.49,40.1378
13623,-5792.29,41.9345
13627.2,-5794.09,43.7336
13631.5,-5795.89,45.5302
13635.7,-5797.69,47.3269
13639.9,-5799.49,49.1448
13644.1,-5801.29,50.9719
13648.3,-5803.09,52.7894
13652.6,-5804.89,54.5806
13656.8,-5806.69,56.3879
13661,-5808.49,58.1814
13665.2,-5810.29,59.9734
13669.5,-5812.09,61.6636
13673.7,-5813.89,63.352
13677.9,-5815.69,65.0422
13682.1,-5817.49,66.8557
13686.3,-5819.29,68.6689
13690.5,-5821.09,70.4837
13694.8,-5822.89,72.2961
13699,-5824.69,74.1676
13703.2,-5826.49,76.0383
13707.4,-5828.29,77.9095
13711.6,-5830.09,79.6397
13715.8,-5831.89,81.3696
13720.1,-5833.69,83.1011
13724.3,-5835.49,84.8306
13728.5,-5837.29,86.6568
13732.7,-5839.09,88.4814
13736.9,-5840.89,90.3051
13741.1,-5842.69,92.1327
13745.4,-5844.49,93.9942
13749.6,-5846.29,95.8472
13753.8,-5848.09,97.6976
13758.1,-5849.89,99.5058
13762.3,-5851.69,101.302
13766.5,-5853.49,103.097
13770.7,-5855.29,104.895
13774.9,-5857.09,106.705
13779.1,-5858.89,108.516
13783.4,-5860.69,110.324
13787.6,-5862.49,112.081
13791.8,-5864.29,113.835
13796,-5866.09,115.59
13800.2,-5867.89,117.345
13804.4,-5869.69,119.098
13808.6,-5871.49,120.852
13812.9,-5873.29,122.605
13817.1,-5875.09,124.414
13821.3,-5876.89,126.22
13825.5,-5878.69,128.026
13829.7,-5880.48,129.835
13833.9,-5882.28,131.58
13838.2,-5884.08,133.326
13842.4,-5885.88,135.071
13846.6,-5887.68,136.827
13850.8,-5889.48,138.672
13855.1,-5891.28,140.515
13859.3,-5893.08,142.369
13863.5,-5894.88,144.237
13867.7,-5896.68,146.105
13871.9,-5898.48,147.971
13876.2,-5900.28,149.838
13880.4,-5902.08,151.611
13884.6,-5903.88,153.384
13888.8,-5905.68,155.156
13893,-5907.48,157.035
13897.2,-5909.28,158.917
13901.5,-5911.08,160.794
13905.7,-5912.88,162.673
13909.9,-5914.68,164.513
13914.1,-5916.48,166.351
13918.3,-5918.28,168.19
13922.5,-5920.08,169.966
13926.7,-5921.88,171.742
13931,-5923.68,173.52
13935.2,-5925.48,175.295
13939.4,-5927.28,177.125
13943.6,-5929.08,178.964
13947.9,-5930.88,180.793
13952.1,-5932.68,182.612
13956.3,-5934.48,184.431
13960.5,-5936.28,186.263
13964.7,-5938.08,188.083
13969,-5939.88,189.868
13973.2,-5941.68,191.652
13977.4,-5943.48,193.437
13981.6,-5945.28,195.207
13985.8,-5947.08,196.977
13990,-5948.88,198.749
13994.2,-5950.68,200.52
13998.5,-5952.48,202.341
14002.7,-5954.28,204.164
14008.4,-5956.08,206.622
14012.9,-5957.88,208.513
14017.3,-5959.68,210.477
14021.7,-5961.48,212.406
14026.1,-5963.28,214.325
14030.5,-5965.08,216.003
14035,-5966.88,217.702
14039.4,-5968.68,219.387
14043.9,-5970.48,221.166
14048.4,-5972.27,222.984
14052.8,-5974.07,224.727
14057.2,-5975.87,226.521
14061.4,-5977.67,228.259
14065.7,-5979.47,229.982
14069.9,-5981.27,231.706
14074.1,-5983.07,233.529
14078.3,-5984.87,235.356
14082.5,-5986.67,237.178
14086.7,-5988.47,239.001
14091,-5990.27,240.926
14095.2,-5992.07,242.849
14099.4,-5993.87,244.771
14103.6,-5995.67,246.516
14107.8,-5997.47,248.263
14112.1,-5999.27,250.007
14116.3,-6001.07,251.751
14120.5,-6002.87,253.671
14124.7,-6004.67,255.595
14128.9,-6006.47,257.516
14133.1,-6008.27,259.361
14137.4,-6010.07,261.207
14141.6,-6011.87,263.051
14145.8,-6013.67,264.898
14150,-6015.47,266.713
14154.2,-6017.27,268.524
14158.5,-6019.07,270.339
14162.7,-6020.87,272.163
14166.9,-6022.67,273.973
14171.1,-6024.47,275.787
14175.4,-6026.27,277.597
14179.6,-6028.07,279.409
14183.9,-6029.87,281.191
14188.1,-6031.67,282.977
14192.3,-6033.47,284.765
14196.5,-6035.27,286.555
14200.7,-6037.07,288.345
14205,-6038.87,290.136
14209.2,-6040.67,291.918
14213.4,-6042.47,293.699
14217.6,-6044.27,295.482
14221.8,-6046.07,297.262
14226,-6047.87,299.062
14230.3,-6049.67,300.864
14234.5,-6051.47,302.666
14238.7,-6053.27,304.472
14242.9,-6055.07,306.275
14247.1,-6056.87,308.081
14251.4,-6058.67,309.882
14255.6,-6060.47,311.715
14259.8,-6062.27,313.548
14264,-6064.06,315.391
14268.3,-6065.86,317.225
14272.5,-6067.66,319.055
14276.7,-6069.46,320.887
14280.9,-6071.26,322.72
14285.1,-6073.06,324.527
14289.3,-6074.86,326.338
14293.6,-6076.66,328.146
14297.8,-6078.46,329.983
14302,-6080.26,331.817
14306.2,-6082.06,333.652
14310.4,-6083.86,335.489
14314.6,-6085.66,337.276
14318.9,-6087.46,339.062
14323.1,-6089.26,340.848
14327.3,-6091.06,342.636
14331.5,-6092.86,344.453
14335.7,-6094.66,346.27
14340,-6096.46,348.089
14344.2,-6098.26,349.882
14348.4,-6100.06,351.679
14352.6,-6101.86,353.47
14356.8,-6103.66,355.264
14361,-6105.46,357.058
14365.3,-6107.26,358.856
14369.5,-6109.06,359.331
14373.7,-6110.86,357.535
14377.9,-6112.66,355.731
14382.2,-6114.46,353.929
14386.4,-6116.26,352.128
14390.6,-6118.06,350.306
14394.8,-6119.86,348.485
14399,-6121.66,346.664
14403.2,-6123.46,344.846
14407.5,-6125.26,343.022
14411.7,-6127.06,341.205
14415.9,-6128.86,339.386
14420.1,-6130.66,337.573
14424.3,-6132.46,335.76
14428.5,-6134.26,333.944
14432.8,-6136.06,332.143
14437,-6137.86,330.326
14441.2,-6139.66,328.522
14445.5,-6141.46,326.718
14449.7,-6143.26,324.932
14453.9,-6145.06,323.15
14458.1,-6146.86,321.367
14462.3,-6148.66,319.585
14466.6,-6150.46,317.781
14470.8,-6152.26,315.988
14475,-6154.06,314.195
14479.2,-6155.85,312.406
14483.5,-6157.65,310.616
14487.7,-6159.45,308.825
14491.9,-6161.25,307.034
14496.1,-6163.05,305.242
14500.3,-6164.85,303.447
14504.5,-6166.65,301.655
14508.8,-6168.45,299.847
14513,-6170.25,298.052
14517.2,-6172.05,296.258
14521.4,-6173.85,294.466
14525.6,-6175.65,292.795
14529.8,-6177.45,291.124
14534.1,-6179.25,289.454
14538.3,-6181.05,287.584
14542.5,-6182.85,285.716
14546.7,-6184.65,283.841
14550.9,-6186.45,281.964
14555.1,-6188.25,280.163
14559.4,-6190.05,278.36
14563.6,-6191.85,276.557
14567.8,-6193.65,274.748
14572.1,-6195.45,272.955
14576.3,-6197.25,271.161
14580.5,-6199.05,269.367
14584.7,-6200.85,267.556
14588.9,-6202.65,265.746
14593.2,-6204.45,263.937
14597.4,-6206.25,262.126
14601.6,-6208.05,260.334
14605.8,-6209.85,258.542
14610,-6211.65,256.749
14614.2,-6213.45,254.965
14618.5,-6215.25,253.178
14622.7,-6217.05,251.394
14626.9,-6218.85,249.61
14631.1,-6220.65,247.809
14635.3,-6222.45,246.01
14639.6,-6224.25,244.207
14643.8,-6226.05,242.43
14648,-6227.85,240.65
14652.2,-6229.65,238.876
14656.4,-6231.45,237.099
14660.7,-6233.25,235.315
14664.9,-6235.05,233.534
14669.1,-6236.85,231.739
14673.4,-6238.65,229.87
14677.6,-6240.45,227.999
14681.8,-6242.25,226.129
14686,-6244.05,224.262
14690.2,-6245.85,222.508
14694.5,-6247.65,220.754
14698.7,-6249.44,218.999
14702.9,-6251.24,217.143
14707.1,-6253.04,215.285
14711.3,-6254.84,213.43
14715.5,-6256.64,211.573
14719.8,-6258.44,209.88
14724,-6260.24,208.188
14728.2,-6262.04,206.494
14732.4,-6263.84,204.736
14736.6,-6265.64,202.979
14740.9,-6267.44,201.221
14745.1,-6269.24,199.46
14749.3,-6271.04,197.617
14753.5,-6272.84,195.774
14757.7,-6274.64,193.931
14762,-6276.44,192.089
14766.2,-6278.24,190.335
14770.4,-6280.04,188.567
14774.6,-6281.84,186.813
14778.9,-6283.64,185.034
14783.1,-6285.44,183.256
14787.3,-6287.24,181.476
14791.5,-6289.04,179.699
14795.7,-6290.84,177.839
14800,-6292.64,175.977
14804.2,-6294.44,174.117
14808.4,-6296.24,172.242
14812.6,-6298.04,170.371
14816.8,-6299.84,168.499
14821,-6301.64,166.624
14825.3,-6303.44,164.822
14829.5,-6305.24,163.019
14833.7,-6307.04,161.214
14837.9,-6308.84,159.443
14842.1,-6310.64,157.676
14846.4,-6312.44,155.905
14850.6,-6314.24,154.133
14854.8,-6316.04,152.337
14859,-6317.84,150.54
14863.2,-6319.64,148.746
14867.5,-6321.44,146.915
14871.7,-6323.24,145.074
14875.9,-6325.04,143.245
14880.2,-6326.84,141.393
14884.4,-6328.64,139.601
14888.6,-6330.44,137.807
14892.9,-6332.24,136.014
14897.1,-6334.04,134.22
14901.3,-6335.84,132.507
14905.5,-6337.64,130.794
14909.7,-6339.44,129.08
14914,-6341.23,127.21
14918.2,-6343.03,125.339
14922.4,-6344.83,123.468
14926.6,-6346.63,121.6
14930.8,-6348.43,119.725
14935.1,-6350.23,117.853
14939.3,-6352.03,115.978
14943.5,-6353.83,114.259
14947.7,-6355.63,112.535
14951.9,-6357.43,110.814
14956.1,-6359.23,109.096
14960.4,-6361.03,107.236
14964.6,-6362.83,105.377
14968.8,-6364.63,103.518
14973,-6366.43,101.758
14977.3,-6368.23,100.006
14981.5,-6370.03,98.2575
14985.7,-6371.83,96.5061
14989.9,-6373.63,94.6092
14994.1,-6375.43,92.7137
14998.4,-6377.23,90.8164
15002.6,-6379.03,88.9398
15006.8,-6380.83,87.064
15011,-6382.63,85.1866
15015.2,-6384.43,83.3123
15019.5,-6386.23,81.5581
15023.7,-6388.03,79.7917
15028.1,-6389.83,77.9818
15032.3,-6391.63,76.2284
15036.5,-6393.43,74.4607
15040.7,-6395.23,72.6917
15044.9,-6397.03,70.9231
15049.2,-6398.83,69.0536
15053.4,-6400.63,67.1885
15057.6,-6402.43,65.3229
15061.8,-6404.23,63.4569
15066,-6406.03,61.7267
15070.3,-6407.83,59.9954
15074.5,-6409.63,58.2497
15078.8,-6411.43,56.4734
15083,-6413.23,54.6991
15087.2,-6415.03,52.922
15091.4,-6416.83,51.1499
15095.6,-6418.63,49.3541
15099.8,-6420.43,47.5555
15104.1,-6422.23,45.7589
15108.3,-6424.03,43.9383
15112.5,-6425.83,42.119
15116.7,-6427.63,40.3018
15120.9,-6429.43,38.4813
15125.2,-6431.23,36.7474
15129.4,-6433.02,35.0122
15133.6,-6434.82,33.2788
15137.8,-6436.62,31.5159
15142,-6438.42,29.7569
15146.3,-6440.22,27.9966
15150.5,-6442.02,26.2357
15154.7,-6443.82,24.5946
15158.9,-6445.62,22.9535
15163.1,-6447.42,21.3142
15167.4,-6449.22,19.6751
15171.6,-6451.02,17.7798
15175.8,-6452.82,15.8745
15180,-6454.62,13.9779
15184.3,-6456.42,12.1934
15188.5,-6458.22,10.4074
15192.7,-6460.02,8.62287
15196.9,-6461.82,6.84273
15201.1,-6463.62,5.01201
15205.4,-6465.42,3.19408
15209.6,-6467.22,1.42324
15213.8,-6469.02,0.771259
15218,-6470.82,2.40439
15222.2,-6472.62,4.1911
15226.4,-6474.42,5.99679
15230.7,-6476.22,7.74312
15234.9,-6478.02,9.48792
15239.1,-6479.82,11.236
15243.3,-6481.62,12.9921
15247.5,-6483.42,14.7513
15251.7,-6485.22,16.507
15256,-6487.02,18.2641
15260.2,-6488.82,20.1216
15264.4,-6490.62,21.9782
15268.6,-6492.42,23.8363
15272.8,-6494.22,25.6955
15277.1,-6496.02,27.4527
15281.3,-6497.82,29.1969
15285.5,-6499.62,30.9396
15289.8,-6501.42,32.7152
15294,-6503.22,34.4896
15298.2,-6505.02,36.2652
15302.4,-6506.82,38.0384
15306.6,-6508.62,39.7487
15310.8,-6510.42,41.4587
15315.1,-6512.22,43.168
15319.3,-6514.02,44.9282
15323.5,-6515.82,46.6871
15327.7,-6517.62,48.4462
15331.9,-6519.42,50.2039
15336.2,-6521.22,51.9994
15340.4,-6523.02,53.7948
15344.6,-6524.81,55.5891
15348.8,-6526.61,57.3879
15353,-6528.41,59.2031
15357.3,-6530.21,61.0204
15361.5,-6532.01,62.834
15365.7,-6533.81,64.4309
15369.9,-6535.61,66.0298
15374.1,-6537.41,67.6262
15378.4,-6539.21,69.6038
15382.6,-6541.01,71.566
15386.8,-6542.81,73.53
15391,-6544.61,75.4951
15395.3,-6546.41,77.2269
15399.5,-6548.21,78.962
15403.7,-6550.01,80.6963
15407.9,-6551.81,82.4299
15412.1,-6553.61,84.2014
15416.3,-6555.41,85.9721
15420.6,-6557.21,87.7493
15424.8,-6559.01,89.6143
15429,-6560.81,91.4812
15433.2,-6562.61,93.3463
15437.5,-6564.41,95.2132
15441.7,-6566.21,97.0419
15445.9,-6568.01,98.8698
15450.1,-6569.81,100.7
15454.3,-6571.61,102.469
15458.6,-6573.41,104.242
15462.8,-6575.21,106.011
15467,-6577.01,107.795
15471.2,-6578.81,109.598
15475.5,-6580.61,111.398
15479.7,-6582.41,113.213
15483.9,-6584.21,114.963
15488.2,-6586.01,116.713
15492.4,-6587.81,118.462
15496.6,-6589.61,120.212
15500.8,-6591.41,122.009
15505,-6593.21,123.802
15509.2,-6595.01,125.598
15513.5,-6596.81,127.515
15517.7,-6598.61,129.433
15521.9,-6600.41,131.349
15526.1,-6602.21,133.265
15530.3,-6604.01,135.081
15534.6,-6605.81,136.898
15538.8,-6607.61,138.714
15543,-6609.41,140.528
15547.2,-6611.21,142.217
15551.4,-6613.01,143.901
15555.6,-6614.81,145.587
15559.9,-6616.6,147.369
15564.1,-6618.4,149.146
15568.3,-6620.2,150.928
15572.5,-6622,152.706
15576.7,-6623.8,154.503
15581,-6625.6,156.342
15585.3,-6627.4,158.142
15589.5,-6629.2,160.03
15593.7,-6631,161.919
15597.9,-6632.8,163.808
15602.1,-6634.6,165.693
15606.4,-6636.4,167.584
15610.6,-6638.2,169.48
15614.8,-6640,171.372
15619,-6641.8,173.248
15623.2,-6643.6,175.121
15627.5,-6645.4,176.998
15631.7,-6647.2,178.872
15635.9,-6649,180.681
15640.1,-6650.8,182.493
15644.3,-6652.6,184.303
15648.5,-6654.4,186.116
15652.8,-6656.2,187.893
15657,-6658,189.682
15661.2,-6659.8,191.461
15665.4,-6661.6,193.246
15669.7,-6663.4,195.034
15673.9,-6665.2,196.821
15678.1,-6667,198.609
15682.3,-6668.8,200.406
15686.6,-6670.6,202.193
15690.8,-6672.4,203.981
15695,-6674.2,205.771
15699.2,-6676,207.562
15703.4,-6677.8,209.352
15707.7,-6679.6,211.147
15711.9,-6681.4,212.967
15716.1,-6683.2,214.788
15720.3,-6685,216.611
15724.5,-6686.8,218.446
15728.7,-6688.6,220.284
15733,-6690.4,222.122
15737.2,-6692.2,223.96
15741.4,-6694,225.793
15745.6,-6695.8,227.627
15749.8,-6697.6,229.465
15754.1,-6699.4,231.312
15758.3,-6701.2,233.161
15762.5,-6703,235.008
15766.7,-6704.8,236.855
15770.9,-6706.6,238.68
15775.2,-6708.4,240.505
15779.4,-6710.19,242.33
15783.6,-6711.99,244.084
15787.8,-6713.79,245.829
15792.1,-6715.59,247.571
15796.3,-6717.39,249.314
15800.5,-6719.19,251.083
15804.7,-6720.99,252.848
15808.9,-6722.79,254.615
15813.2,-6724.59,256.414
15817.4,-6726.39,258.215
15821.6,-6728.19,260.014
15825.8,-6729.99,261.813
15830,-6731.79,263.643
15834.2,-6733.59,265.472
15838.5,-6735.39,267.303
15842.7,-6737.19,269.131
15846.9,-6738.99,271.051
15851.1,-6740.79,272.97
15855.4,-6742.59,274.885
15859.6,-6744.39,276.71
15863.8,-6746.19,278.531
15868,-6747.99,280.354
15872.2,-6749.79,282.175
15876.4,-6751.59,284.003
15880.7,-6753.39,285.834
15884.9,-6755.19,287.685
15889.2,-6756.99,289.601
15893.4,-6758.79,291.515
15897.6,-6760.59,293.43
15901.8,-6762.39,295.342
15906,-6764.19,297.154
15910.3,-6765.99,298.968
15914.5,-6767.79,300.779
15918.7,-6769.59,302.596
15922.9,-6771.39,304.408
15927.1,-6773.19,306.223
15931.4,-6774.99,308.034
15935.6,-6776.79,309.823
15939.8,-6778.59,311.613
15944,-6780.39,313.401
15948.2,-6782.19,315.191
15952.5,-6783.99,317.028
15956.7,-6785.79,318.868
15960.9,-6787.59,320.708
15965.1,-6789.39,322.504
15969.3,-6791.19,324.302
15973.6,-6792.99,326.099
15977.8,-6794.79,327.898
15982,-6796.59,329.574
15986.2,-6798.39,331.26
15990.5,-6800.19,332.939
15994.7,-6801.98,334.736
15998.9,-6803.78,336.533
16003.1,-6805.58,338.327
16007.3,-6807.38,340.123
16011.6,-6809.18,342.036
16015.8,-6810.98,343.95
16020,-6812.78,345.865
16024.2,-6814.58,347.717
16028.4,-6816.38,349.572
16032.6,-6818.18,351.421
16036.9,-6819.98,353.268
16041.1,-6821.78,354.98
16045.3,-6823.58,356.665
16049.5,-6825.38,358.254
16053.7,-6827.18,359.013
16058,-6828.98,357.711
16062.2,-6830.78,356.021
16066.4,-6832.58,354.276
16070.6,-6834.38,352.505
16074.8,-6836.18,350.728
16079.1,-6837.98,348.946
16083.3,-6839.78,347.164
16087.5,-6841.58,345.377
16091.7,-6843.38,343.604
16096,-6845.18,341.832
16100.2,-6846.98,340.054
16104.4,-6848.78,338.279
16108.6,-6850.58,336.502
16112.9,-6852.38,334.702
16117.1,-6854.18,332.899
16121.3,-6855.98,331.101
16125.5,-6857.78,329.3
16129.7,-6859.58,327.459
16134,-6861.38,325.619
16138.2,-6863.18,323.776
16142.4,-6864.98,321.937
16146.6,-6866.78,320.135
16150.8,-6868.58,318.328
16155,-6870.38,316.525
16159.3,-6872.18,314.739
16163.5,-6873.98,312.954
16167.7,-6875.78,311.165
16171.9,-6877.58,309.381
16176.1,-6879.38,307.592
16180.4,-6881.18,305.803
16184.6,-6882.98,304.014
16188.8,-6884.78,302.171
16193.1,-6886.58,300.343
16197.3,-6888.38,298.514
16201.5,-6890.18,296.688
16205.7,-6891.98,295.131
16209.9,-6893.77,293.571
16214.2,-6895.57,292.014
16218.4,-6897.37,290.454
16222.6,-6899.17,288.636
16226.8,-6900.97,286.818
16231,-6902.77,284.999
16235.3,-6904.57,283.138
16239.5,-6906.37,281.274
16243.7,-6908.17,279.411
16247.9,-6909.97,277.547
16252.1,-6911.77,275.849
16256.4,-6913.57,274.15
16260.6,-6915.37,272.449
16264.8,-6917.17,270.535
16269,-6918.97,268.619
16273.2,-6920.77,266.707
16277.5,-6922.57,264.795
16281.7,-6924.37,262.912
16285.9,-6926.17,261.032
16290.2,-6927.97,259.116
16294.4,-6929.77,257.296
16298.6,-6931.57,255.474
16302.9,-6933.37,253.655
16307.1,-6935.17,251.833
16311.3,-6936.97,250.108
16315.5,-6938.77,248.382
16319.7,-6940.57,246.657
16324,-6942.37,244.959
16328.2,-6944.17,243.261
16332.4,-6945.97,241.564
16336.6,-6947.77,239.869
16340.8,-6949.57,238.117
16345,-6951.37,236.368
16349.3,-6953.17,234.617
16353.5,-6954.97,232.867
16357.7,-6956.77,231.074
16361.9,-6958.57,229.285
16366.1,-6960.37,227.496
16370.4,-6962.17,225.751
16374.6,-6963.97,224.006
16378.8,-6965.77,222.258
16383,-6967.57,220.513
16387.2,-6969.37,218.711
16391.5,-6971.17,216.899
16395.7,-6972.97,215.095
16399.9,-6974.77,213.242
16404.2,-6976.57,211.391
16408.4,-6978.37,209.537
16412.6,-6980.17,207.687
16416.8,-6981.97,205.941
16421,-6983.77,204.195
16425.2,-6985.56,202.45
16429.5,-6987.36,200.543
16433.7,-6989.16,198.635
16437.9,-6990.96,196.727
16442.1,-6992.76,194.822
16446.3,-6994.56,193.007
16450.6,-6996.36,191.187
16454.8,-6998.16,189.373
16459,-6999.96,187.511
16463.2,-7001.76,185.652
16467.5,-7003.56,183.788
16471.7,-7005.36,181.929
16475.9,-7007.16,180.122
16480.1,-7008.96,178.314
16484.3,-7010.76,176.507
16488.5,-7012.56,174.699
16492.8,-7014.36,172.87
16497,-7016.16,171.013
16501.3,-7017.96,169.18
16505.5,-7019.76,167.386
16509.7,-7021.56,165.588
16513.9,-7023.36,163.793
16518.1,-7025.16,161.997
16522.4,-7026.96,160.242
16526.7,-7028.76,158.439
16531,-7030.56,156.65
16535.2,-7032.36,154.858
16539.5,-7034.16,153.064
16543.7,-7035.96,151.271
16547.9,-7037.76,149.476
16552.1,-7039.56,147.61
16556.3,-7041.36,145.744
16560.6,-7043.16,143.876
16564.8,-7044.96,141.992
16569,-7046.76,140.107
16573.2,-7048.56,138.223
16577.4,-7050.36,136.338
16581.7,-7052.16,134.538
16585.9,-7053.96,132.741
16590.1,-7055.76,130.923
16594.4,-7057.56,129.155
16598.6,-7059.36,127.383
16602.8,-7061.16,125.615
16607.1,-7062.96,123.83
16611.3,-7064.76,122.044
16615.5,-7066.56,120.255
16619.7,-7068.36,118.467
16623.9,-7070.16,116.679
16628.2,-7071.96,114.827
16632.4,-7073.76,112.978
16636.6,-7075.56,111.127
16640.8,-7077.35,109.392
16645,-7079.15,107.659
16649.3,-7080.95,105.924
16653.5,-7082.75,104.192
16657.7,-7084.55,102.455
16661.9,-7086.35,100.721
16666.1,-7088.15,98.9865
16670.4,-7089.95,97.1973
16674.6,-7091.75,95.4081
16678.8,-7093.55,93.6182
16683,-7095.35,91.8299
16687.2,-7097.15,89.9422
16691.5,-7098.95,88.0441
16695.7,-7100.75,86.1546
16699.9,-7102.55,84.2843
16704.1,-7104.35,82.4166
16708.4,-7106.15,80.5472
16712.6,-7107.95,78.6813
16716.8,-7109.75,76.8673
16721,-7111.55,75.0533
16725.2,-7113.35,73.241
16729.5,-7115.15,71.462
16733.7,-7116.95,69.6838
16737.9,-7118.75,67.9032
16742.1,-7120.55,66.1276
16746.3,-7122.35,64.3308
16750.6,-7124.15,62.5289
16754.8,-7125.95,60.7313
16759,-7127.75,58.9313
16763.2,-7129.55,57.1197
16767.4,-7131.35,55.3049
16771.7,-7133.15,53.4926
16775.9,-7134.95,51.7142
16780.1,-7136.75,49.9342
16784.3,-7138.55,48.1544
16788.5,-7140.35,46.3746
16792.8,-7142.15,44.5662
16797,-7143.95,42.7504
16801.3,-7145.75,40.9531
16805.5,-7147.55,39.159
16809.7,-7149.35,37.3618
16813.9,-7151.15,35.569
16818.1,-7152.95,33.7757
16822.4,-7154.75,31.9479
16826.6,-7156.55,30.1181
16830.8,-7158.35,28.2896
16835,-7160.15,26.4503
16839.2,-7161.95,24.6117
16843.5,-7163.75,22.7749
16847.7,-7165.55,20.9368
16851.9,-7167.35,19.1334
16856.1,-7169.15,17.3326
16860.3,-7170.94,15.5327
16864.6,-7172.74,13.7392
16868.8,-7174.54,11.95
16873,-7176.34,10.1712
16877.2,-7178.14,8.402
16881.4,-7179.94,6.68949
16885.6,-7181.74,5.02044
16889.9,-7183.54,3.46108
16894.1,-7185.34,2.25175
16898.3,-7187.14,2.12108
16902.5,-7188.94,3.23692
16906.8,-7190.74,4.79682
16911,-7192.54,6.46735
16915.2,-7194.34,8.18704
16919.4,-7196.14,9.93337
16923.6,-7197.94,11.6899
16927.8,-7199.74,13.4496
