4.29603,-1.8,0.481325
8.88863,-3.6,0.486179
13.1256,-5.4,0.584166
17.3447,-7.2,0.6921
21.5605,-9,0.809871
25.7754,-10.8,0.932085
29.9911,-12.6,2.23009
34.2024,-14.4,3.56711
38.4143,-16.2,4.91357
42.6318,-18,6.74487
46.843,-19.8,8.5754
51.0586,-21.6,10.4085
55.2737,-23.4,12.2417
59.4922,-25.2,14.2023
63.7066,-27,16.1602
67.9526,-28.8,18.1341
72.175,-30.6,20.1239
76.3927,-32.4,22.1124
80.6132,-34.2,24.1016
84.8298,-36,26.0877
89.0501,-37.8,28.0523
93.2645,-39.6,30.0128
97.4837,-41.4,31.9757
101.703,-43.2,33.892
105.921,-45,35.8083
110.139,-46.8,37.7247
114.356,-48.6,39.6396
118.567,-50.4,41.2514
122.788,-52.2,42.8669
127.003,-54,44.4804
131.222,-55.8,46.0951
135.437,-57.6,47.7083
139.66,-59.4,49.3247
143.875,-61.2,50.9378
148.09,-63,52.5261
152.31,-64.8,54.1157
156.527,-66.6,55.7051
160.75,-68.4,57.2958
164.965,-70.2,58.9483
169.209,-72,60.6116
173.424,-73.8,62.2646
177.644,-75.6,64.0579
181.867,-77.4,65.8526
186.082,-79.2,67.6438
190.303,-81,69.4385
194.517,-82.8,71.3075
198.801,-84.6,73.2093
203.015,-86.4,75.0795
207.232,-88.2,76.9505
211.454,-90,78.7788
215.675,-91.8,80.6096
219.896,-93.6,82.4382
224.11,-95.4,84.2313
228.325,-97.2,86.0243
232.545,-99,87.8199
236.762,-100.8,89.4924
240.979,-102.6,91.1654
245.193,-104.4,92.8364
249.412,-106.2,94.5103
253.624,-108,96.1357
257.839,-109.8,97.762
262.058,-111.6,99.3901
266.272,-113.4,101.016
270.518,-115.2,102.747
274.733,-117,104.468
278.954,-118.8,106.188
283.166,-120.6,107.995
287.38,-122.4,109.801
291.601,-124.2,111.611
295.815,-126,113.417
300.035,-127.8,115.236
304.247,-129.6,117.052
308.462,-131.4,118.868
312.678,-133.2,120.812
316.897,-135,122.756
321.116,-136.8,124.701
325.33,-138.6,126.643
329.55,-140.4,128.323
333.763,-142.2,130
337.978,-144,131.678
342.197,-145.8,133.357
346.413,-147.6,135.174
350.635,-149.4,136.994
354.849,-151.2,138.81
359.066,-153,140.588
363.281,-154.8,142.364
367.496,-156.6,144.141
371.714,-158.4,145.956
375.928,-160.2,147.769
380.15,-162,149.585
384.364,-163.8,151.398
388.578,-165.6,153.213
392.799,-167.4,155.032
397.013,-169.2,156.847
401.233,-171,158.665
405.448,-172.8,160.482
409.675,-174.6,162.305
413.888,-176.4,164.123
418.106,-178.2,165.923
422.322,-180,167.722
426.54,-181.8,169.522
430.76,-183.6,171.323
434.98,-185.4,173.144
439.208,-187.2,174.97
443.422,-189,176.791
447.638,-190.8,178.611
451.856,-192.6,180.45
456.07,-194.4,182.287
460.29,-196.2,184.126
464.503,-198,185.936
468.761,-199.8,187.765
473.009,-201.6,189.59
477.224,-203.4,191.396
481.443,-205.2,193.203
485.662,-207,195.009
489.882,-208.8,196.818
494.101,-210.6,198.606
498.318,-212.4,200.392
502.541,-214.2,202.182
506.756,-216,203.968
510.976,-217.8,205.761
515.194,-219.6,207.553
519.416,-221.4,209.347
523.63,-223.2,211.122
527.845,-225,212.899
532.064,-226.8,214.677
536.284,-228.6,216.455
540.511,-230.4,218.257
544.727,-232.2,220.054
548.945,-234,221.852
553.16,-235.8,223.673
557.376,-237.6,225.495
561.596,-239.4,227.317
565.81,-241.2,229.138
570.028,-243,230.985
574.268,-244.8,232.842
578.485,-246.6,234.689
582.706,-248.4,236.551
586.922,-250.2,238.413
591.142,-252,240.275
595.357,-253.8,242.136
599.576,-255.6,243.985
603.792,-257.4,245.834
608.007,-259.2,247.681
612.226,-261,249.505
616.443,-262.8,251.327
620.669,-264.6,253.153
624.887,-266.4,254.976
629.102,-268.2,256.765
633.315,-270,258.553
637.534,-271.8,260.344
641.755,-273.6,262.136
645.971,-275.4,263.935
650.189,-277.2,265.736
654.404,-279,267.535
658.622,-280.8,269.335
662.842,-282.6,271.135
667.056,-284.4,272.933
671.275,-286.2,274.733
675.514,-288,276.544
679.737,-289.8,278.347
683.952,-291.6,280.148
688.182,-293.4,281.961
692.509,-295.2,283.818
696.811,-297,285.668
701.039,-298.8,287.484
705.255,-300.6,289.278
709.478,-302.4,291.076
713.692,-304.2,292.869
717.915,-306,294.714
722.139,-307.8,296.559
726.355,-309.6,298.4
730.578,-311.4,300.243
734.793,-313.2,302.075
739.013,-315,303.909
743.228,-316.8,305.741
747.444,-318.6,307.572
751.67,-320.4,309.422
755.888,-322.2,311.27
760.107,-324,313.117
764.32,-325.8,314.951
768.541,-327.6,316.789
772.762,-329.4,318.627
777.039,-331.2,320.489
781.265,-333,322.335
785.483,-334.8,324.179
789.775,-336.6,326.053
793.992,-338.4,327.891
798.209,-340.2,329.728
802.43,-342,331.567
806.651,-343.8,333.407
810.87,-345.6,335.257
815.09,-347.4,337.108
819.312,-349.2,338.959
823.528,-351,340.826
827.747,-352.8,342.695
831.968,-354.6,344.563
836.182,-356.4,346.43
840.405,-358.2,348.322
844.624,-360,350.213
848.846,-361.8,352.105
853.059,-363.6,354.018
857.275,-365.4,355.93
861.495,-367.2,357.838
865.71,-369,359.625
869.929,-370.8,358.283
874.144,-372.6,356.383
878.384,-374.4,354.463
882.607,-376.199,352.538
886.827,-377.999,350.614
891.047,-379.799,348.689
895.262,-381.599,346.765
899.481,-383.399,344.857
903.695,-385.199,342.95
907.913,-386.999,341.042
912.134,-388.799,339.132
916.353,-390.599,337.223
920.574,-392.399,335.314
924.793,-394.199,333.404
929.014,-395.999,331.514
933.23,-397.799,329.626
937.443,-399.599,327.74
941.669,-401.399,325.847
945.884,-403.199,323.995
950.106,-404.999,322.138
954.318,-406.799,320.286
958.542,-408.599,318.734
962.765,-410.399,317.181
966.981,-412.199,315.631
971.201,-413.999,314.079
975.416,-415.799,312.514
979.661,-417.599,310.937
983.876,-419.399,309.372
988.092,-421.199,307.773
992.311,-422.999,306.172
996.526,-424.799,304.573
1000.75,-426.599,302.971
1004.96,-428.399,301.352
1009.18,-430.199,299.732
1013.39,-431.999,298.113
1017.61,-433.799,296.424
1021.83,-435.599,294.736
1026.05,-437.399,293.048
1030.27,-439.199,291.361
1034.49,-440.999,289.583
1038.7,-442.799,287.806
1042.92,-444.599,286.026
1047.14,-446.399,284.247
1051.36,-448.199,282.429
1055.58,-449.999,280.613
1059.8,-451.799,278.795
1064.01,-453.599,277.02
1068.23,-455.399,275.243
1072.45,-457.199,273.465
1076.67,-458.999,271.687
1080.91,-460.799,269.945
1085.13,-462.599,268.212
1089.35,-464.399,266.479
1093.56,-466.199,264.889
1097.78,-467.999,263.296
1102,-469.799,261.703
1106.22,-471.599,260.113
1110.44,-473.399,258.333
1114.66,-475.199,256.552
1118.88,-476.999,254.769
1123.1,-478.799,252.897
1127.32,-480.599,251.025
1131.54,-482.399,249.15
1135.76,-484.199,247.278
1139.98,-485.999,245.426
1144.19,-487.799,243.577
1148.41,-489.599,241.726
1152.65,-491.399,239.866
1156.87,-493.199,237.959
1161.09,-494.999,236.053
1165.31,-496.799,234.15
1169.54,-498.599,232.46
1173.75,-500.399,230.774
1177.97,-502.199,229.089
1182.19,-503.999,227.244
1186.41,-505.799,225.4
1190.63,-507.599,223.554
1194.85,-509.399,221.711
1199.06,-511.199,219.889
1203.28,-512.999,218.068
1207.49,-514.799,216.247
1211.72,-516.599,214.424
1215.93,-518.399,212.601
1220.16,-520.199,210.776
1224.37,-521.999,208.956
1228.59,-523.799,207.153
1232.81,-525.599,205.348
1237.03,-527.398,203.545
1241.25,-529.198,201.74
1245.47,-530.998,199.921
1249.69,-532.798,198.1
1253.91,-534.598,196.282
1258.12,-536.398,194.448
1262.35,-538.198,192.611
1266.56,-539.998,190.778
1270.78,-541.798,188.943
1275,-543.598,187.132
1279.22,-545.398,185.319
1283.46,-547.198,183.498
1287.68,-548.998,181.684
1291.9,-550.798,179.873
1296.11,-552.598,178.063
1300.33,-554.398,176.253
1304.55,-556.198,174.464
1308.81,-557.998,172.657
1313.03,-559.798,170.869
1317.25,-561.598,169.079
1321.47,-563.398,167.29
1325.68,-565.198,165.503
1329.91,-566.998,163.713
1334.12,-568.798,161.925
1338.34,-570.598,160.136
1342.56,-572.398,158.344
1346.78,-574.198,156.555
1351,-575.998,154.744
1355.22,-577.798,152.934
1359.44,-579.598,151.122
1363.65,-581.398,149.293
1367.87,-583.198,147.465
1372.09,-584.998,145.636
1376.31,-586.798,143.808
1380.53,-588.598,141.971
1384.77,-590.398,140.126
1388.99,-592.198,138.29
1393.2,-593.998,136.456
1397.42,-595.798,134.67
1401.64,-597.598,132.881
1405.86,-599.398,131.095
1410.08,-601.198,129.254
1414.3,-602.998,127.413
1418.52,-604.798,125.572
1422.74,-606.598,123.746
1426.96,-608.398,121.923
1431.18,-610.198,120.099
1435.39,-611.998,118.277
1439.61,-613.798,116.447
1443.83,-615.598,114.619
1448.05,-617.398,112.79
1452.27,-619.198,110.96
1456.48,-620.998,109.148
1460.7,-622.798,107.336
1464.92,-624.598,105.524
1469.14,-626.398,103.727
1473.36,-628.198,101.934
1477.57,-629.998,100.14
1481.79,-631.798,98.3429
1486.03,-633.598,96.53
1490.25,-635.398,94.7241
1494.51,-637.198,92.9045
1498.75,-638.998,91.0791
1502.98,-640.798,89.2624
1507.19,-642.598,87.4497
1511.42,-644.398,85.6321
1515.63,-646.198,83.8074
1519.86,-647.998,81.9784
1524.08,-649.798,80.155
1528.29,-651.598,78.3299
1532.52,-653.398,76.481
1536.74,-655.198,74.6355
1540.96,-656.998,72.789
1545.17,-658.798,70.9545
1549.4,-660.598,69.1166
1553.61,-662.398,67.2805
1557.83,-664.198,65.4242
1562.05,-665.998,63.5645
1566.27,-667.798,61.707
1570.49,-669.598,59.8475
1574.71,-671.398,57.9945
1578.93,-673.198,56.1402
1583.14,-674.997,54.288
1587.38,-676.797,52.4241
1591.61,-678.597,50.5624
1595.83,-680.397,48.704
1600.05,-682.197,46.8441
1604.26,-683.997,44.9955
1608.48,-685.797,43.1466
1612.7,-687.597,41.2975
1616.92,-689.397,39.447
1621.14,-691.197,37.583
1625.36,-692.997,35.7211
1629.58,-694.797,33.8577
1633.8,-696.597,31.9686
1638.01,-698.397,30.08
1642.23,-700.197,28.1899
1646.45,-701.997,26.3024
1650.67,-703.797,24.3938
1654.89,-705.597,22.4874
1659.11,-707.397,20.579
1663.32,-709.197,18.6745
1667.54,-710.997,16.731
1671.76,-712.797,14.7873
1675.98,-714.597,12.8451
1680.2,-716.397,10.8985
1684.41,-718.197,8.95352
1688.65,-719.997,6.99677
1692.87,-721.797,5.0343
1697.09,-723.597,3.0747
1701.31,-725.397,1.12046
1705.52,-727.197,0.874014
1709.75,-728.997,2.80191
1713.96,-730.797,4.73754
1718.18,-732.597,6.67789
1722.41,-734.397,8.62387
1726.63,-736.197,10.5432
1730.85,-737.997,12.462
1735.06,-739.797,14.3789
1739.29,-741.597,16.276
1743.5,-743.397,18.1704
1747.72,-745.197,20.0646
1751.94,-746.997,21.9603
1756.15,-748.797,23.8281
1760.37,-750.597,25.6987
1764.59,-752.397,27.5687
1768.81,-754.197,29.3855
1773.03,-755.997,31.2007
1777.25,-757.797,33.016
1781.47,-759.597,34.8348
1785.69,-761.397,36.6232
1789.93,-763.197,38.4255
1794.15,-764.997,40.2141
1798.37,-766.797,41.7442
1802.59,-768.597,43.2763
1806.81,-770.397,44.8057
1811.03,-772.197,46.3379
1815.24,-773.997,47.8773
1819.47,-775.797,49.4216
1823.69,-777.597,50.9604
1827.9,-779.397,52.5007
1832.12,-781.197,54.0933
1836.34,-782.997,55.6854
1840.56,-784.797,57.2784
1844.78,-786.597,58.8791
1849,-788.397,60.4817
1853.21,-790.197,62.0814
1857.43,-791.997,63.6816
1861.65,-793.797,65.3533
1865.87,-795.597,67.0225
1870.09,-797.397,68.6929
1874.31,-799.197,70.4595
1878.52,-800.997,72.2272
1882.74,-802.797,73.9967
1886.96,-804.597,75.7641
1891.2,-806.397,77.5406
1895.43,-808.197,79.3092
1899.65,-809.997,81.0777
1903.86,-811.797,82.8402
1908.08,-813.597,84.6025
1912.3,-815.397,86.3669
1916.52,-817.197,88.1314
1920.74,-818.997,89.8772
1924.96,-820.797,91.6213
1929.18,-822.596,93.3662
1933.4,-824.396,94.9226
1937.62,-826.196,96.4809
1941.84,-827.996,98.0392
1946.05,-829.796,99.5951
1950.27,-831.596,101.22
1954.49,-833.396,102.844
1958.7,-835.196,104.468
1962.92,-836.996,106.095
1967.14,-838.796,107.927
1971.36,-840.596,109.762
1975.58,-842.396,111.595
1979.8,-844.196,113.281
1984.02,-845.996,114.964
1988.23,-847.796,116.647
1992.46,-849.596,118.332
1996.68,-851.396,120.089
2000.9,-853.196,121.844
2005.11,-854.996,123.597
2009.33,-856.796,125.316
2013.55,-858.596,127.034
2017.77,-860.396,128.755
2022,-862.196,130.475
2026.21,-863.996,132.272
2030.43,-865.796,134.072
2034.65,-867.596,135.87
2038.87,-869.396,137.715
2043.09,-871.196,139.557
2047.3,-872.996,141.399
2051.52,-874.796,143.243
2055.74,-876.596,145.056
2059.96,-878.396,146.87
2064.17,-880.196,148.68
2068.39,-881.996,150.517
2072.61,-883.796,152.357
2076.83,-885.596,154.194
2081.05,-887.396,156.033
2085.26,-889.196,157.874
2089.48,-890.996,159.717
2093.72,-892.796,161.566
2097.93,-894.596,163.407
2102.16,-896.396,165.232
2106.37,-898.196,167.056
2110.59,-899.996,168.88
2114.81,-901.796,170.654
2119.04,-903.596,172.432
2123.25,-905.396,174.206
2127.47,-907.196,175.98
2131.68,-908.996,177.754
2135.9,-910.796,179.526
2140.12,-912.596,181.301
2144.34,-914.396,183.102
2148.55,-916.196,184.904
2152.78,-917.996,186.709
2156.99,-919.796,188.511
2161.21,-921.596,190.327
2165.43,-923.396,192.14
2169.65,-925.196,193.958
2173.87,-926.996,195.771
2178.09,-928.796,197.569
2182.31,-930.596,199.368
2186.52,-932.396,201.165
2190.8,-934.196,202.978
2195.22,-935.996,204.86
2199.47,-937.796,206.674
2203.69,-939.596,208.465
2207.91,-941.396,210.259
2212.14,-943.196,212.052
2216.35,-944.996,213.844
2220.58,-946.796,215.656
2224.8,-948.596,217.462
2229.02,-950.396,219.27
2233.24,-952.196,221.076
2237.46,-953.996,222.889
2241.68,-955.796,224.702
2245.9,-957.596,226.515
2250.12,-959.396,228.329
2254.34,-961.196,230.141
2258.56,-962.996,231.954
2262.78,-964.796,233.77
2267,-966.596,235.576
2271.22,-968.396,237.385
2275.43,-970.195,239.191
2279.66,-971.995,241.037
2283.88,-973.795,242.88
2288.09,-975.595,244.723
2292.31,-977.395,246.567
2296.56,-979.195,248.416
2300.78,-980.995,250.257
2305,-982.795,252.094
2309.22,-984.595,253.894
2313.44,-986.395,255.693
2317.66,-988.195,257.494
2321.88,-989.995,259.294
2326.1,-991.795,261.083
2330.32,-993.595,262.873
2334.54,-995.395,264.665
2338.81,-997.195,266.516
2343.03,-998.995,268.346
2347.24,-1000.8,270.176
2351.47,-1002.6,272.008
2355.68,-1004.4,273.851
2359.91,-1006.2,275.698
2364.12,-1008,277.541
2368.34,-1009.8,279.385
2372.56,-1011.6,281.205
2376.78,-1013.4,283.024
2381,-1015.2,284.845
2385.22,-1017,286.657
2389.44,-1018.8,288.473
2393.66,-1020.6,290.287
2397.9,-1022.4,292.112
2402.12,-1024.2,293.918
2406.34,-1026,295.722
2410.56,-1027.8,297.527
2414.79,-1029.6,299.326
2419.01,-1031.4,301.125
2423.23,-1033.2,302.921
2427.44,-1035,304.716
2431.67,-1036.8,306.518
2435.89,-1038.6,308.315
2440.11,-1040.4,310.115
2444.33,-1042.2,311.928
2448.55,-1044,313.743
2452.77,-1045.8,315.561
2456.99,-1047.6,317.376
2461.21,-1049.4,319.197
2465.43,-1051.2,321.017
2469.65,-1053,322.84
2473.87,-1054.8,324.659
2478.09,-1056.6,326.512
2482.3,-1058.4,328.366
2486.52,-1060.2,330.219
2490.74,-1062,332.096
2494.96,-1063.8,333.972
2499.21,-1065.6,335.859
2503.43,-1067.4,337.741
2507.64,-1069.2,339.622
2511.87,-1071,341.505
2516.08,-1072.8,343.384
2520.31,-1074.6,345.258
2524.53,-1076.4,347.133
2528.79,-1078.2,349.021
2533,-1080,350.89
2537.22,-1081.8,352.767
2541.44,-1083.6,354.642
2545.66,-1085.4,356.509
2549.88,-1087.2,358.345
2554.1,-1089,359.333
2558.32,-1090.8,357.7
2562.54,-1092.6,355.842
2566.75,-1094.4,353.958
2570.98,-1096.2,352.065
2575.19,-1098,350.172
2579.41,-1099.8,348.249
2583.63,-1101.6,346.327
2587.85,-1103.4,344.406
2592.07,-1105.2,342.482
2596.28,-1107,340.554
2600.53,-1108.8,338.613
2604.75,-1110.6,336.684
2608.97,-1112.4,334.739
2613.19,-1114.2,332.796
2617.41,-1116,330.851
2621.63,-1117.8,328.904
2625.85,-1119.6,326.977
2630.07,-1121.4,325.048
2634.29,-1123.2,323.12
2638.51,-1125,321.191
2642.73,-1126.8,319.388
2646.95,-1128.6,317.587
2651.17,-1130.4,315.783
2655.39,-1132.2,314.197
2659.61,-1134,312.609
2663.83,-1135.8,311.024
2668.04,-1137.6,309.438
2672.26,-1139.4,307.755
2676.48,-1141.2,306.072
2680.7,-1143,304.389
2684.92,-1144.8,302.72
2689.14,-1146.6,301.051
2693.36,-1148.4,299.383
2697.57,-1150.2,297.716
2701.82,-1152,296.032
2706.04,-1153.8,294.357
2710.26,-1155.6,292.681
2714.48,-1157.4,291.009
2718.77,-1159.2,289.161
2722.99,-1161,287.34
2727.21,-1162.8,285.521
2731.43,-1164.6,283.685
2735.65,-1166.4,281.849
2739.87,-1168.2,280.013
2744.08,-1170,278.163
2748.3,-1171.8,276.312
2752.52,-1173.6,274.459
2756.74,-1175.4,272.608
2760.96,-1177.2,270.795
2765.18,-1179,268.983
2769.4,-1180.8,267.167
2773.62,-1182.6,265.355
2777.83,-1184.4,263.713
2782.06,-1186.2,262.068
2786.27,-1188,260.425
2790.5,-1189.8,258.835
2794.72,-1191.6,257.247
2798.94,-1193.4,255.658
2803.18,-1195.2,254.062
2807.39,-1197,252.456
2811.62,-1198.8,250.847
2815.83,-1200.6,249.24
2820.06,-1202.4,247.579
2824.27,-1204.2,245.92
2828.49,-1206,244.261
2832.71,-1207.8,242.6
2836.93,-1209.6,240.852
2841.15,-1211.4,239.102
2845.37,-1213.2,237.354
2849.59,-1215,235.604
2853.81,-1216.8,233.737
2858.02,-1218.6,231.869
2862.25,-1220.4,229.999
2866.46,-1222.2,228.251
2870.68,-1224,226.501
2874.9,-1225.8,224.753
2879.12,-1227.6,222.881
2883.34,-1229.4,221.013
2887.56,-1231.2,219.144
2891.78,-1233,217.271
2895.99,-1234.8,215.42
2900.22,-1236.6,213.566
2904.46,-1238.4,211.706
2908.68,-1240.2,209.851
2912.9,-1242,208.005
2917.12,-1243.8,206.162
2921.34,-1245.6,204.317
2925.61,-1247.4,202.527
2929.83,-1249.2,200.758
2934.05,-1251,198.991
2938.26,-1252.8,197.224
2942.48,-1254.6,195.393
2946.7,-1256.4,193.564
2950.92,-1258.2,191.733
2955.14,-1260,189.908
2959.36,-1261.8,188.082
2963.57,-1263.6,186.259
2967.79,-1265.4,184.435
2972.01,-1267.2,182.688
2976.23,-1269,180.944
2980.45,-1270.8,179.198
2984.67,-1272.6,177.465
2988.89,-1274.4,175.732
2993.1,-1276.2,174.001
2997.32,-1278,172.271
3001.54,-1279.8,170.477
3005.78,-1281.6,168.676
3010,-1283.4,166.884
3014.22,-1285.2,165.094
3018.44,-1287,163.217
3022.67,-1288.8,161.337
3026.88,-1290.6,159.462
3031.1,-1292.4,157.592
3035.32,-1294.2,155.726
3039.54,-1296,153.855
3043.76,-1297.8,152.09
3047.98,-1299.6,150.325
3052.2,-1301.4,148.559
3056.41,-1303.2,146.793
3060.64,-1305,145.023
3064.86,-1306.8,143.255
3069.08,-1308.6,141.486
3073.29,-1310.4,139.718
3077.51,-1312.2,137.89
3081.73,-1314,136.057
3085.95,-1315.8,134.229
3090.17,-1317.6,132.412
3094.38,-1319.4,130.597
3098.6,-1321.2,128.782
3102.82,-1323,126.966
3107.06,-1324.8,125.143
3111.28,-1326.6,123.326
3115.5,-1328.4,121.513
3119.72,-1330.2,119.761
3123.94,-1332,118.013
3128.15,-1333.8,116.264
3132.37,-1335.6,114.514
3136.59,-1337.4,112.71
3140.81,-1339.2,110.902
3145.02,-1341,109.097
3149.24,-1342.8,107.29
3153.45,-1344.6,105.405
3157.67,-1346.4,103.515
3161.89,-1348.2,101.626
3166.11,-1350,99.735
3170.33,-1351.8,97.8421
3174.54,-1353.6,95.9522
3178.83,-1355.4,94.1105
3183.05,-1357.2,92.298
3187.26,-1359,90.4859
3191.48,-1360.8,88.6721
3195.7,-1362.6,86.861
3199.92,-1364.4,85.0467
3204.13,-1366.2,83.2353
3208.38,-1368,81.4124
3212.59,-1369.8,79.6128
3216.81,-1371.6,77.8147
3221.04,-1373.4,76.0134
3225.25,-1375.2,74.2103
3229.48,-1377,72.4058
3233.69,-1378.8,70.6052
3237.91,-1380.6,68.8024
3242.13,-1382.4,66.9962
3246.35,-1384.2,65.1905
3250.57,-1386.01,63.3845
3254.79,-1387.81,61.5774
3259.01,-1389.61,59.7699
3263.23,-1391.41,57.9644
3267.44,-1393.21,56.1601
3271.67,-1395.01,54.3533
3275.89,-1396.81,52.5488
3280.11,-1398.61,50.7442
3284.33,-1400.41,48.9423
3288.54,-1402.21,47.1084
3292.77,-1404.01,45.2737
3296.98,-1405.81,43.4422
3301.21,-1407.61,41.5977
3305.42,-1409.41,39.7548
3309.67,-1411.21,37.8998
3313.89,-1413.01,36.0578
3318.1,-1414.81,34.2236
3322.33,-1416.61,32.3849
3326.55,-1418.41,30.548
3330.78,-1420.21,28.73
3334.99,-1422.01,26.9133
3339.21,-1423.81,25.0958
3343.43,-1425.61,23.2812
3347.68,-1427.41,21.4458
3351.9,-1429.21,19.6207
3356.12,-1431.01,17.7988
3360.34,-1432.81,15.9646
3364.59,-1434.61,14.1339
3368.81,-1436.41,12.2854
3373.03,-1438.21,10.4551
3377.24,-1440.01,8.62251
3381.46,-1441.81,6.79
3385.67,-1443.61,4.96698
3389.89,-1445.41,3.13096
3394.11,-1447.21,1.3774
3398.32,-1449.01,0.959395
3402.61,-1450.81,2.65473
3406.82,-1452.61,4.49867
3411.07,-1454.41,6.37847
3415.29,-1456.21,8.25147
3419.51,-1458.01,10.1603
3423.73,-1459.81,12.0659
3427.95,-1461.61,13.9724
3432.17,-1463.41,15.8833
3436.38,-1465.21,17.7984
3440.61,-1467.01,19.7172
3444.82,-1468.81,21.6331
3449.04,-1470.61,23.5516
3453.26,-1472.41,25.4814
3457.48,-1474.21,27.4139
3461.7,-1476.01,29.3458
3465.91,-1477.81,31.2698
3470.13,-1479.61,33.1991
3474.35,-1481.41,35.1237
3478.57,-1483.21,37.0483
3482.79,-1485.01,38.9719
3487.01,-1486.81,40.8926
3491.23,-1488.61,42.8144
3495.44,-1490.41,44.4836
3499.66,-1492.21,46.1566
3503.88,-1494.01,47.8262
3508.1,-1495.81,49.4962
3512.34,-1497.61,51.2758
3516.56,-1499.41,53.046
3520.79,-1501.21,54.8196
3525,-1503.01,56.5747
3529.23,-1504.81,58.3315
3533.44,-1506.61,60.0851
3537.66,-1508.41,61.8414
3541.88,-1510.21,63.5634
3546.1,-1512.01,65.2829
3550.32,-1513.81,67.0033
3554.54,-1515.61,68.8498
3558.79,-1517.41,70.712
3563.01,-1519.21,72.5564
3567.22,-1521.01,74.4016
3571.45,-1522.81,76.2488
3575.66,-1524.61,78.0985
3579.88,-1526.41,79.9471
3584.1,-1528.21,81.7932
3588.31,-1530.01,83.6277
3592.54,-1531.81,85.4661
3596.76,-1533.61,87.3031
3600.98,-1535.41,89.1125
3605.2,-1537.21,90.92
3609.42,-1539.01,92.7301
3613.66,-1540.81,94.5491
3617.87,-1542.61,96.2485
3622.1,-1544.41,97.9525
3626.31,-1546.21,99.6522
3630.54,-1548.01,101.352
3634.76,-1549.81,103.047
3638.98,-1551.61,104.743
3643.23,-1553.41,106.452
3647.45,-1555.21,108.036
3651.67,-1557.01,109.624
3655.89,-1558.81,111.209
3660.11,-1560.61,112.838
3664.32,-1562.41,114.465
3668.54,-1564.21,116.093
3672.76,-1566.01,117.722
3676.98,-1567.81,119.31
3681.2,-1569.61,120.899
3685.42,-1571.41,122.487
3689.66,-1573.21,124.083
3693.96,-1575.01,125.923
3698.28,-1576.81,127.779
3702.5,-1578.61,129.592
3706.72,-1580.41,131.232
3710.95,-1582.21,132.873
3715.16,-1584.01,134.513
3719.39,-1585.81,136.155
3723.6,-1587.61,138.071
3727.82,-1589.41,139.987
3732.04,-1591.21,141.906
3736.26,-1593.01,143.736
3740.48,-1594.81,145.568
3744.7,-1596.61,147.396
3748.92,-1598.41,149.229
3753.14,-1600.21,150.973
3757.35,-1602.01,152.719
3761.57,-1603.81,154.465
3765.79,-1605.61,156.278
3770.01,-1607.41,158.093
3774.23,-1609.21,159.904
3778.44,-1611.01,161.716
3782.66,-1612.81,163.534
3786.88,-1614.61,165.35
3791.1,-1616.41,167.167
3795.31,-1618.21,168.953
3799.54,-1620.01,170.743
3803.75,-1621.81,172.529
3807.97,-1623.61,174.316
3812.19,-1625.41,176.121
3816.4,-1627.21,177.927
3820.63,-1629.01,179.736
3824.85,-1630.81,181.57
3829.07,-1632.61,183.406
3833.28,-1634.41,185.24
3837.5,-1636.21,187.074
3841.72,-1638.01,188.896
3845.94,-1639.81,190.716
3850.16,-1641.61,192.537
3854.37,-1643.41,194.357
3858.59,-1645.21,196.173
3862.81,-1647.01,197.992
3867.03,-1648.81,199.811
3871.25,-1650.61,201.616
3875.47,-1652.41,203.42
3879.69,-1654.21,205.224
3883.91,-1656.01,207.027
3888.12,-1657.81,208.83
3892.35,-1659.61,210.637
3896.56,-1661.41,212.441
3900.79,-1663.21,214.246
3905.01,-1665.01,216.048
3909.23,-1666.81,217.851
3913.44,-1668.61,219.65
3917.66,-1670.41,221.451
3921.88,-1672.21,223.255
3926.1,-1674.01,225.055
3930.32,-1675.81,226.878
3934.54,-1677.61,228.703
3938.8,-1679.41,230.544
3943.02,-1681.21,232.365
3947.23,-1683.01,234.148
3951.45,-1684.81,235.933
3955.67,-1686.61,237.719
3959.89,-1688.41,239.505
3964.11,-1690.21,241.341
3968.33,-1692.01,243.178
3972.55,-1693.81,245.016
3976.77,-1695.61,246.904
3980.99,-1697.41,248.793
3985.21,-1699.21,250.68
3989.44,-1701.01,252.571
3994.43,-1702.81,254.739
3998.66,-1704.61,256.58
4002.89,-1706.41,258.414
4007.14,-1708.21,260.075
4011.57,-1710.01,261.809
4015.96,-1711.81,263.531
4020.52,-1713.61,265.436
4024.98,-1715.41,267.298
4029.45,-1717.21,269.162
4033.91,-1719.01,271.031
4038.49,-1720.81,272.882
4043.04,-1722.61,274.729
4047.41,-1724.41,276.5
4051.97,-1726.21,278.323
4056.2,-1728.01,280.012
4060.43,-1729.81,281.7
4064.65,-1731.61,283.383
4068.92,-1733.41,285.151
4073.14,-1735.21,286.897
4077.36,-1737.01,288.644
4081.58,-1738.81,290.501
4085.79,-1740.61,292.354
4090.01,-1742.41,294.209
4094.23,-1744.21,296.061
4098.44,-1746.01,297.908
4102.66,-1747.81,299.76
4106.88,-1749.61,301.609
4111.11,-1751.41,303.439
4115.32,-1753.21,305.265
4119.55,-1755.02,307.097
4123.8,-1756.82,308.937
4128.01,-1758.62,310.746
4132.23,-1760.42,312.558
4136.46,-1762.22,314.366
4140.68,-1764.02,316.205
4144.89,-1765.82,318.041
4149.11,-1767.62,319.877
4153.33,-1769.42,321.711
4157.54,-1771.22,323.55
4161.77,-1773.02,325.391
4165.98,-1774.82,327.23
4170.2,-1776.62,329.07
4174.42,-1778.42,330.909
4178.64,-1780.22,332.75
4182.85,-1782.02,334.592
4187.07,-1783.82,336.425
4191.29,-1785.62,338.261
4195.51,-1787.42,340.094
4199.73,-1789.22,341.929
4203.94,-1791.02,343.791
4208.16,-1792.82,345.654
4212.38,-1794.62,347.518
4216.62,-1796.42,349.409
4220.85,-1798.22,351.287
4225.09,-1800.02,353.166
4229.32,-1801.82,355.015
4233.53,-1803.62,356.805
4237.75,-1805.42,358.374
4241.97,-1807.22,358.525
4246.19,-1809.02,357.035
4250.41,-1810.82,355.254
4254.63,-1812.62,353.415
4258.85,-1814.42,351.557
4263.06,-1816.22,349.7
4267.28,-1818.02,347.836
4271.5,-1819.82,345.968
4275.71,-1821.62,344.088
4279.93,-1823.42,342.205
4284.15,-1825.22,340.323
4288.36,-1827.02,338.439
4292.58,-1828.82,336.556
4296.79,-1830.62,334.674
4301.01,-1832.42,332.79
4305.23,-1834.22,330.907
4309.45,-1836.02,329.002
4313.67,-1837.82,327.096
4317.89,-1839.62,325.19
4322.14,-1841.42,323.268
4326.36,-1843.22,321.361
4330.58,-1845.02,319.452
4334.8,-1846.82,317.748
4339.02,-1848.62,316.042
4343.3,-1850.42,314.312
4347.51,-1852.22,312.607
4351.73,-1854.02,310.969
4355.95,-1855.82,309.332
4360.17,-1857.62,307.694
4364.38,-1859.42,306.057
4368.6,-1861.22,304.382
4372.82,-1863.02,302.704
4377.03,-1864.82,301.028
4381.26,-1866.62,299.356
4385.47,-1868.42,297.684
4389.69,-1870.22,296.013
4393.91,-1872.02,294.342
4398.12,-1873.82,292.643
4402.35,-1875.62,290.939
4406.56,-1877.42,289.239
4410.79,-1879.22,287.536
4415,-1881.02,285.73
4419.24,-1882.82,283.914
4423.49,-1884.62,282.096
4427.7,-1886.42,280.289
4431.92,-1888.22,278.479
4436.14,-1890.02,276.672
4440.36,-1891.82,274.862
4444.59,-1893.62,273.066
4448.8,-1895.42,271.271
4453.02,-1897.22,269.478
4457.23,-1899.02,267.736
4461.46,-1900.82,265.991
4465.67,-1902.62,264.25
4469.89,-1904.42,262.507
4474.1,-1906.22,260.981
4478.32,-1908.02,259.455
4482.54,-1909.82,257.925
4486.79,-1911.62,256.398
4491.06,-1913.42,254.866
4495.3,-1915.22,253.343
4499.55,-1917.02,251.817
4503.77,-1918.82,250.043
4507.98,-1920.62,248.271
4512.21,-1922.42,246.496
4516.43,-1924.22,244.668
4520.66,-1926.02,242.833
4524.89,-1927.82,241.001
4529.11,-1929.62,239.173
4533.34,-1931.42,237.345
4537.55,-1933.22,235.508
4541.78,-1935.02,233.67
4546,-1936.82,231.842
4550.26,-1938.62,230.135
4554.49,-1940.42,228.443
4558.72,-1942.22,226.749
4562.94,-1944.02,224.932
4567.18,-1945.82,223.11
4571.42,-1947.62,221.288
4575.66,-1949.42,219.44
4579.89,-1951.22,217.6
4584.12,-1953.02,215.761
4588.35,-1954.82,213.921
4592.59,-1956.62,212.084
4596.81,-1958.42,210.253
4601.05,-1960.22,208.414
4605.27,-1962.02,206.583
4609.56,-1963.82,204.72
4613.8,-1965.62,202.881
4618.02,-1967.42,201.048
4622.25,-1969.22,199.123
4626.49,-1971.02,197.195
4630.71,-1972.82,195.274
4634.93,-1974.62,193.354
4639.16,-1976.42,191.538
4643.39,-1978.22,189.722
4647.62,-1980.02,187.904
4651.86,-1981.82,186.127
4656.08,-1983.62,184.355
4660.3,-1985.42,182.584
4664.54,-1987.22,180.806
4668.86,-1989.02,178.993
4673.07,-1990.82,177.226
4677.29,-1992.62,175.456
4681.55,-1994.42,173.62
4685.77,-1996.22,171.8
4690.01,-1998.02,169.976
4694.23,-1999.82,168.158
4698.46,-2001.62,166.393
4702.69,-2003.42,164.618
4706.92,-2005.22,162.846
4711.15,-2007.02,161.114
4715.39,-2008.82,159.378
4719.67,-2010.62,157.622
4723.9,-2012.42,155.89
4728.12,-2014.22,154.084
4732.36,-2016.02,152.272
4736.58,-2017.82,150.467
4740.81,-2019.62,148.585
4745.03,-2021.42,146.704
4749.26,-2023.22,144.82
4753.49,-2025.02,142.937
4757.75,-2026.82,141.074
4761.99,-2028.62,139.223
4766.21,-2030.42,137.381
4770.43,-2032.22,135.537
4774.67,-2034.02,133.734
4778.92,-2035.82,131.931
4783.14,-2037.62,130.137
4787.36,-2039.42,128.348
4791.59,-2041.22,126.558
4795.81,-2043.02,124.772
4800.04,-2044.82,122.979
4804.26,-2046.62,121.118
4808.49,-2048.42,119.249
4812.71,-2050.22,117.385
4816.93,-2052.02,115.486
4821.17,-2053.82,113.58
4825.39,-2055.62,111.678
4829.63,-2057.42,109.77
4833.87,-2059.22,107.941
4838.09,-2061.02,106.118
4842.31,-2062.82,104.294
4846.56,-2064.62,102.511
4850.8,-2066.42,100.731
4855.03,-2068.22,98.9585
4859.25,-2070.02,97.1852
4863.65,-2071.82,95.2759
4867.89,-2073.62,93.4344
4872.11,-2075.42,91.5981
4876.35,-2077.22,89.8034
4880.58,-2079.02,88.0113
4884.81,-2080.82,86.2174
4889.04,-2082.62,84.4254
4893.26,-2084.42,82.631
4897.5,-2086.22,80.8264
4901.73,-2088.02,79.0262
4905.95,-2089.82,77.2064
4910.17,-2091.62,75.3852
4914.39,-2093.42,73.5634
4918.62,-2095.22,71.7378
4922.88,-2097.02,69.8899
4927.12,-2098.82,68.0563
4931.35,-2100.62,66.2229
4935.94,-2102.42,64.2612
4940.18,-2104.22,62.4432
4944.41,-2106.02,60.6319
4948.65,-2107.82,58.8164
4953.23,-2109.62,56.9183
4957.46,-2111.42,55.1619
4961.69,-2113.22,53.41
4965.91,-2115.02,51.6223
4970.15,-2116.82,49.8267
4974.37,-2118.62,48.0408
4978.6,-2120.42,46.2494
4982.83,-2122.22,44.4113
4987.07,-2124.02,42.568
4991.29,-2125.82,40.7295
4995.52,-2127.62,38.888
4999.75,-2129.43,37.0186
5003.97,-2131.23,35.152
5008.19,-2133.03,33.2852
5012.42,-2134.83,31.3826
5016.66,-2136.63,29.4798
5020.89,-2138.43,27.5821
5025.12,-2140.23,25.6848
5029.36,-2142.03,23.7801
5033.58,-2143.83,21.8858
5037.8,-2145.63,19.9925
5042.1,-2147.43,18.0651
5046.33,-2149.23,16.1753
5050.56,-2151.03,14.2794
5054.8,-2152.83,12.3854
5059.03,-2154.63,10.5099
5063.26,-2156.43,8.64301
5067.49,-2158.23,6.79242
5071.72,-2160.03,4.97155
5075.94,-2161.83,3.25621
5080.17,-2163.63,1.92492
5084.39,-2165.43,2.0217
5088.63,-2167.23,3.42081
5092.85,-2169.03,5.14901
5097.08,-2170.83,6.96097
5101.31,-2172.63,8.82546
5105.56,-2174.43,10.7158
5109.79,-2176.23,12.6014
5114.01,-2178.03,14.4904
5118.38,-2179.83,16.4411
5122.64,-2181.63,18.3415
5126.86,-2183.43,20.2292
5131.42,-2185.23,22.2686
5135.68,-2187.03,24.1715
5139.91,-2188.83,26.0616
5144.14,-2190.63,27.9554
5148.36,-2192.43,29.7904
5152.6,-2194.23,31.6348
5156.82,-2196.03,33.4692
5161.04,-2197.83,35.3308
5165.26,-2199.63,37.1923
5169.51,-2201.43,39.0645
5173.73,-2203.23,40.928
5177.95,-2205.03,42.6448
5182.18,-2206.83,44.3636
5186.41,-2208.63,46.0855
5193.8,-2210.43,48.8112
5198.15,-2212.23,50.4238
5202.38,-2214.03,51.9879
5206.61,-2215.83,53.2944
5210.83,-2217.63,54.6012
5215.05,-2219.43,55.9046
5219.27,-2221.23,57.2096
5223.5,-2223.03,58.7786
5227.72,-2224.83,60.3403
5231.94,-2226.63,61.9034
5236.16,-2228.43,63.5351
5240.39,-2230.23,65.1677
5244.63,-2232.03,66.8022
5248.85,-2233.83,68.4328
5253.25,-2235.63,70.2698
5257.5,-2237.43,72.0425
5261.73,-2239.23,73.8083
5266.29,-2241.03,75.5707
5270.54,-2242.83,77.5105
5274.76,-2244.63,79.2925
5279,-2246.43,81.0826
5283.51,-2248.23,82.931
5287.75,-2250.03,84.6709
5291.98,-2251.83,86.4067
5296.21,-2253.63,88.1492
5300.43,-2255.43,89.9004
5304.68,-2257.23,91.6545
5308.91,-2259.03,93.3997
5313.13,-2260.83,95.0831
5317.37,-2262.63,96.7727
5321.59,-2264.43,98.4577
5325.82,-2266.23,100.082
5330.04,-2268.03,101.708
5334.27,-2269.83,103.335
5338.5,-2271.63,104.962
5342.75,-2273.43,106.506
5346.98,-2275.23,108.044
5351.2,-2277.03,109.581
5355.43,-2278.83,111.121
5360,-2280.63,112.896
5364.24,-2282.43,114.54
5368.47,-2284.23,116.184
5373,-2286.03,118.113
5377.24,-2287.83,119.917
5381.47,-2289.63,121.72
5386.03,-2291.43,123.516
5390.26,-2293.23,125.53
5394.49,-2295.03,127.395
5398.76,-2296.83,129.278
5403.25,-2298.63,130.998
5407.49,-2300.43,132.624
5411.71,-2302.23,134.242
5415.92,-2304.03,135.859
5420.51,-2305.83,137.765
5424.74,-2307.63,139.52
5428.96,-2309.43,141.274
5433.52,-2311.23,143.257
5437.75,-2313.03,145.102
5441.98,-2314.83,146.944
5446.55,-2316.63,148.827
5450.79,-2318.43,150.577
5455.01,-2320.23,152.318
5459.25,-2322.03,154.066
5463.77,-2323.83,155.881
5468.01,-2325.63,157.584
5472.23,-2327.43,159.282
5476.79,-2329.23,161.307
5481.05,-2331.03,163.199
5485.28,-2332.83,165.077
5489.56,-2334.63,166.978
5494,-2336.43,168.859
5498.24,-2338.23,170.65
5502.48,-2340.03,172.441
5506.71,-2341.83,174.143
5510.94,-2343.63,175.854
5515.17,-2345.43,177.563
5519.41,-2347.23,179.273
5523.66,-2349.03,181.012
5527.88,-2350.83,182.741
5532.12,-2352.63,184.475
5536.35,-2354.43,186.288
5540.59,-2356.23,188.105
5544.81,-2358.03,189.913
5549.04,-2359.83,191.731
5553.26,-2361.63,193.566
5557.5,-2363.43,195.409
5561.74,-2365.23,197.254
5566.29,-2367.03,199.179
5570.54,-2368.83,200.982
5574.76,-2370.63,202.771
5579,-2372.43,204.568
5583.52,-2374.23,206.427
5587.75,-2376.03,208.175
5591.98,-2377.83,209.917
5596.55,-2379.63,211.689
5600.79,-2381.43,213.615
5605.01,-2383.23,215.387
5609.25,-2385.03,217.167
5613.75,-2386.83,219.081
5617.99,-2388.63,220.885
5622.21,-2390.43,222.685
5626.79,-2392.23,224.486
5631.02,-2394.03,226.374
5635.24,-2395.83,228.116
5639.48,-2397.63,229.863
5643.7,-2399.43,231.543
5647.92,-2401.23,233.227
5652.17,-2403.03,234.915
5656.38,-2404.83,236.807
5660.62,-2406.63,238.707
5664.83,-2408.43,240.597
5669.05,-2410.23,242.492
5673.28,-2412.03,244.337
5677.52,-2413.83,246.187
5681.76,-2415.63,248.038
5685.99,-2417.43,249.886
5690.21,-2419.23,251.641
5694.43,-2421.03,253.394
5698.67,-2422.83,255.155
5702.9,-2424.63,256.926
5707.13,-2426.43,258.697
5711.37,-2428.23,260.474
5715.59,-2430.03,262.243
5719.83,-2431.83,264.053
5724.06,-2433.63,265.87
5728.28,-2435.43,267.679
5732.67,-2437.23,269.624
5736.91,-2439.03,271.5
5741.14,-2440.83,273.37
5745.38,-2442.63,275.245
5749.62,-2444.43,277.065
5753.9,-2446.23,278.901
5758.12,-2448.03,280.714
5762.36,-2449.83,282.507
5766.58,-2451.63,284.297
5770.81,-2453.43,286.086
5775.03,-2455.23,287.873
5779.27,-2457.03,289.673
5783.5,-2458.83,291.471
5787.73,-2460.63,293.267
5791.95,-2462.43,295.086
5796.18,-2464.23,296.909
5800.42,-2466.03,298.736
5804.67,-2467.83,300.569
5808.91,-2469.63,302.418
5813.13,-2471.43,304.259
5817.36,-2473.23,306.101
5821.59,-2475.03,307.948
5825.82,-2476.83,309.764
5830.05,-2478.63,311.582
5834.27,-2480.43,313.395
5838.52,-2482.23,315.226
5842.75,-2484.03,317.051
5846.98,-2485.83,318.877
5851.21,-2487.63,320.699
5855.46,-2489.43,322.572
5859.69,-2491.23,324.444
5863.92,-2493.03,326.315
5868.15,-2494.83,328.209
5872.38,-2496.64,330.105
5876.62,-2498.44,332.005
5880.85,-2500.24,333.904
5885.07,-2502.04,335.813
5889.3,-2503.84,337.726
5893.55,-2505.64,339.644
5897.79,-2507.44,341.56
5902.02,-2509.24,343.47
5906.24,-2511.04,345.376
5910.47,-2512.84,347.284
5914.99,-2514.64,349.326
5919.24,-2516.44,351.237
5923.47,-2518.24,353.136
5927.71,-2520.04,355.014
5931.93,-2521.84,356.864
5936.17,-2523.64,358.531
5940.39,-2525.44,358.662
5944.63,-2527.24,357.024
5948.85,-2529.04,355.166
5953.07,-2530.84,353.272
5957.3,-2532.64,351.338
5961.56,-2534.44,349.384
5965.79,-2536.24,347.44
5970.01,-2538.04,345.495
5974.24,-2539.84,343.542
5978.48,-2541.64,341.584
5982.71,-2543.44,339.632
5986.93,-2545.24,337.665
5991.17,-2547.04,335.685
5995.39,-2548.84,333.715
5999.63,-2550.64,331.737
6003.85,-2552.44,329.78
6008.07,-2554.24,327.821
6012.3,-2556.04,325.862
6016.54,-2557.84,323.891
6020.77,-2559.64,321.925
6025,-2561.44,319.96
6029.23,-2563.24,317.997
6033.51,-2565.04,316.188
6037.75,-2566.84,314.397
6041.97,-2568.64,312.611
6046.21,-2570.44,310.828
6050.43,-2572.24,309.163
6054.69,-2574.04,307.492
6058.91,-2575.84,305.832
6063.13,-2577.64,304.117
6067.36,-2579.44,302.4
6071.58,-2581.24,300.684
6075.8,-2583.04,298.967
6080.03,-2584.84,297.301
6084.26,-2586.64,295.634
6088.5,-2588.44,293.966
6092.74,-2590.24,292.218
6096.96,-2592.04,290.479
6101.18,-2593.84,288.739
6105.41,-2595.64,286.995
6109.66,-2597.44,285.161
6113.88,-2599.24,283.338
6118.11,-2601.04,281.51
6122.36,-2602.84,279.66
6126.59,-2604.64,277.818
6130.81,-2606.44,275.978
6135.14,-2608.24,274.092
6139.37,-2610.04,272.28
6143.61,-2611.84,270.464
6147.83,-2613.64,268.656
6152.06,-2615.44,266.846
6156.67,-2617.24,264.922
6160.89,-2619.04,263.161
6165.12,-2620.84,261.397
6169.36,-2622.64,259.839
6173.59,-2624.44,258.281
6177.82,-2626.24,256.729
6182.05,-2628.04,255.174
6186.28,-2629.84,253.623
6190.54,-2631.64,252.061
6194.76,-2633.44,250.514
6199,-2635.24,248.943
6203.22,-2637.04,247.379
6207.46,-2638.84,245.817
6211.68,-2640.64,244.272
6215.92,-2642.44,242.729
6220.15,-2644.24,241.19
6224.38,-2646.04,239.649
6228.88,-2647.84,238.088
6233.12,-2649.64,236.616
6237.36,-2651.44,235.145
6241.91,-2653.24,233.399
6246.13,-2655.04,231.78
6250.37,-2656.84,230.155
6254.6,-2658.64,228.536
6259.12,-2660.44,226.831
6263.36,-2662.24,225.236
6267.58,-2664.04,223.646
6271.8,-2665.84,222.055
6276.36,-2667.64,220.104
6280.6,-2669.44,218.289
6284.82,-2671.24,216.484
6289.37,-2673.04,214.583
6293.6,-2674.84,212.814
6297.82,-2676.64,211.05
6302.05,-2678.44,209.264
6306.28,-2680.24,207.473
6310.54,-2682.04,205.675
6314.76,-2683.84,203.891
6318.99,-2685.64,202.093
6323.21,-2687.44,200.298
6327.45,-2689.24,198.5
6331.68,-2691.04,196.697
6335.9,-2692.84,194.868
6340.14,-2694.64,193.035
6344.36,-2696.44,191.204
6348.66,-2698.24,189.395
6352.91,-2700.04,187.609
6357.13,-2701.84,185.832
6361.36,-2703.64,184.051
6365.59,-2705.44,182.263
6369.82,-2707.24,180.477
6374.04,-2709.04,178.694
6378.26,-2710.84,176.872
6382.51,-2712.64,175.038
6386.74,-2714.44,173.214
6390.96,-2716.24,171.391
6395.18,-2718.04,169.573
6399.44,-2719.84,167.739
6403.68,-2721.64,165.909
6407.9,-2723.44,164.126
6412.13,-2725.24,162.337
6416.36,-2727.04,160.552
6420.59,-2728.84,158.762
6424.81,-2730.64,157.001
6429.06,-2732.44,155.228
6433.28,-2734.24,153.465
6437.51,-2736.04,151.653
6441.76,-2737.84,149.835
6445.99,-2739.64,148.023
6450.21,-2741.44,146.215
6454.64,-2743.24,144.309
6458.88,-2745.04,142.482
6463.1,-2746.84,140.666
6467.34,-2748.64,138.891
6471.56,-2750.44,137.105
6475.79,-2752.24,135.324
6480.02,-2754.04,133.544
6484.24,-2755.84,131.793
6488.47,-2757.64,130.036
6492.7,-2759.44,128.281
6496.92,-2761.24,126.432
6501.15,-2763.04,124.582
6505.38,-2764.84,122.732
6509.62,-2766.64,120.878
6513.87,-2768.44,118.961
6518.09,-2770.24,117.057
6522.34,-2772.04,115.152
6526.56,-2773.84,113.236
6531.13,-2775.64,111.232
6535.36,-2777.44,109.373
6539.59,-2779.24,107.52
6544.12,-2781.04,105.677
6548.35,-2782.84,103.958
6552.59,-2784.64,102.237
6556.81,-2786.44,100.523
6561.37,-2788.24,98.6166
6565.61,-2790.04,96.8451
6569.83,-2791.84,95.0812
6574.06,-2793.64,93.34
6578.29,-2795.44,91.6002
6582.54,-2797.24,89.8473
6586.77,-2799.04,88.1079
6591,-2800.84,86.286
6595.23,-2802.64,84.4686
6599.46,-2804.44,82.6459
6603.68,-2806.24,80.8719
6607.92,-2808.04,79.092
6612.14,-2809.84,77.3154
6616.38,-2811.64,75.5355
6620.62,-2813.44,73.7239
6624.85,-2815.24,71.9138
6629.08,-2817.04,70.1077
6633.32,-2818.84,68.2643
6637.56,-2820.64,66.4138
6641.81,-2822.44,64.5625
6646.03,-2824.24,62.7227
6650.26,-2826.04,60.8818
6654.5,-2827.84,59.037
6658.75,-2829.64,57.1921
6663.04,-2831.44,55.3457
6667.27,-2833.24,53.5321
6671.5,-2835.04,51.7111
6675.74,-2836.84,49.8915
6679.96,-2838.64,48.0945
6684.18,-2840.44,46.2998
6688.43,-2842.24,44.4937
6696.86,-2844.04,40.8762
6701.21,-2845.84,38.9993
6705.42,-2847.64,37.1867
6709.66,-2849.44,35.7885
6713.88,-2851.24,34.396
6718.1,-2853.04,33.0029
6722.33,-2854.84,31.1654
6726.55,-2856.64,29.3204
6730.77,-2858.44,27.4809
6735,-2860.24,25.6388
6739.51,-2862.04,23.6635
6743.75,-2863.84,21.8082
6747.97,-2865.65,19.9614
6752.54,-2867.45,18.1168
6756.76,-2869.25,16.1595
6760.99,-2871.05,14.3506
6765.21,-2872.85,12.5463
6769.75,-2874.65,10.6324
6773.98,-2876.45,8.85064
6778.2,-2878.25,7.08486
6782.43,-2880.05,5.33203
6786.99,-2881.85,3.4726
6791.23,-2883.65,1.92857
6795.46,-2885.45,1.42104
6799.69,-2887.25,2.62746
6803.91,-2889.05,4.28147
6808.14,-2890.85,6.03025
6812.36,-2892.65,7.80398
6816.6,-2894.45,9.64852
6820.82,-2896.25,11.4972
6825.05,-2898.05,13.3495
6829.28,-2899.85,15.2218
6833.53,-2901.65,17.1007
6837.75,-2903.45,18.9703
6842.05,-2905.25,20.8929
6846.28,-2907.05,22.7893
6850.53,-2908.85,24.6915
6854.77,-2910.65,26.5889
6859.24,-2912.45,28.5827
6863.48,-2914.25,30.4706
6867.7,-2916.05,32.353
6871.92,-2917.85,34.2374
6876.16,-2919.65,36.1031
6880.39,-2921.45,37.9657
6884.62,-2923.25,39.8313
6888.85,-2925.05,41.6949
6893.07,-2926.85,43.5557
6897.3,-2928.65,45.4185
6901.55,-2930.45,47.2916
6905.79,-2932.25,48.9514
6910.02,-2934.05,50.6095
6914.23,-2935.85,52.2588
6918.46,-2937.65,54.0133
6922.69,-2939.45,55.7656
6926.93,-2941.25,57.5242
6931.15,-2943.05,59.2769
6935.39,-2944.85,61.0124
6939.63,-2946.65,62.7509
6943.86,-2948.45,64.4832
6948.08,-2950.25,66.2258
6952.31,-2952.05,67.9731
6956.56,-2953.85,69.7299
6960.8,-2955.65,71.4794
6965.12,-2957.45,73.3355
6969.36,-2959.25,75.1547
6973.59,-2961.05,76.97
6977.83,-2962.85,78.7892
6982.06,-2964.65,80.6174
6986.29,-2966.45,82.4426
6990.55,-2968.25,84.2793
6994.78,-2970.05,86.0917
6999.01,-2971.85,87.9029
7003.24,-2973.65,89.7135
7007.47,-2975.45,91.5269
7011.7,-2977.25,93.3305
7015.92,-2979.05,95.1371
7020.16,-2980.85,96.9474
7024.38,-2982.65,98.5982
7028.62,-2984.45,100.259
7032.85,-2986.25,101.911
7037.42,-2988.05,103.562
7041.68,-2989.85,105.311
7045.9,-2991.65,106.913
7050.14,-2993.45,108.522
7054.36,-2995.25,110.117
7058.59,-2997.05,111.717
7062.81,-2998.85,113.313
7067.03,-3000.65,114.908
7071.27,-3002.45,116.473
7075.5,-3004.25,118.038
7079.73,-3006.05,119.6
7083.95,-3007.85,121.191
7088.18,-3009.65,122.785
7092.42,-3011.45,124.383
7096.66,-3013.25,125.983
7100.89,-3015.05,127.709
7105.11,-3016.85,129.434
7109.36,-3018.65,131.167
7113.58,-3020.45,132.916
7117.8,-3022.25,134.667
7122.07,-3024.05,136.439
7126.3,-3025.85,138.191
7130.55,-3027.65,140.095
7134.8,-3029.45,141.997
7139.03,-3031.25,143.889
7143.29,-3033.05,145.67
7147.55,-3034.85,147.447
7151.78,-3036.65,149.213
7156.01,-3038.45,150.982
7160.3,-3040.25,152.825
7164.55,-3042.05,154.651
7168.81,-3043.85,156.48
7173.03,-3045.65,158.309
7177.26,-3047.45,160.142
7181.5,-3049.25,161.977
7185.73,-3051.05,163.811
7189.95,-3052.85,165.68
7194.18,-3054.65,167.55
7198.41,-3056.45,169.424
7202.65,-3058.25,171.216
7206.88,-3060.05,173.001
7211.11,-3061.85,174.79
7215.34,-3063.65,176.577
7219.75,-3065.45,178.429
7223.98,-3067.25,180.208
7228.21,-3069.05,181.982
7232.43,-3070.85,183.757
7236.67,-3072.65,185.535
7240.92,-3074.45,187.313
7245.14,-3076.25,189.082
7249.36,-3078.05,190.91
7253.59,-3079.85,192.741
7257.82,-3081.65,194.567
7262.05,-3083.45,196.4
7266.27,-3085.25,198.221
7270.51,-3087.05,200.048
7274.73,-3088.85,201.867
7278.96,-3090.65,203.643
7283.18,-3092.45,205.413
7287.42,-3094.25,207.193
7291.66,-3096.05,208.971
7295.9,-3097.85,210.755
7300.12,-3099.65,212.534
7304.36,-3101.45,214.319
7308.58,-3103.25,216.124
7312.81,-3105.05,217.934
7317.03,-3106.85,219.741
7321.25,-3108.65,221.549
7325.64,-3110.45,223.462
7329.89,-3112.25,225.312
7334.11,-3114.05,227.152
7338.35,-3115.85,228.885
7342.58,-3117.65,230.613
7346.81,-3119.45,232.34
7351.04,-3121.25,234.066
7355.26,-3123.05,235.918
7359.5,-3124.85,237.778
7363.73,-3126.65,239.632
7367.95,-3128.45,241.454
7372.18,-3130.25,243.279
7376.42,-3132.05,245.11
7380.67,-3133.85,246.946
7384.89,-3135.65,248.841
7389.14,-3137.45,250.743
7393.36,-3139.25,252.637
7397.91,-3141.05,254.606
7402.14,-3142.85,256.435
7406.36,-3144.65,258.263
7410.58,-3146.45,260.087
7415.11,-3148.25,261.903
7419.35,-3150.05,263.602
7423.57,-3151.85,265.292
7427.79,-3153.65,266.986
7432.36,-3155.45,268.876
7436.6,-3157.25,270.627
7440.82,-3159.05,272.374
7445.37,-3160.85,274.254
7449.61,-3162.65,276.008
7453.83,-3164.45,277.753
7458.04,-3166.25,279.498
7462.64,-3168.05,281.411
7466.86,-3169.85,283.169
7471.08,-3171.65,284.927
7475.63,-3173.45,286.825
7479.87,-3175.25,288.595
7484.15,-3177.05,290.354
7488.38,-3178.85,292.198
7492.62,-3180.65,294.024
7496.84,-3182.45,295.838
7501.06,-3184.25,297.655
7505.29,-3186.05,299.501
7509.54,-3187.85,301.356
7513.77,-3189.65,303.203
7517.99,-3191.45,305.048
7522.23,-3193.25,306.898
7526.46,-3195.05,308.747
7530.69,-3196.85,310.595
7534.91,-3198.65,312.428
7539.15,-3200.45,314.27
7543.37,-3202.25,316.102
7547.91,-3204.05,318.093
7552.14,-3205.85,319.947
7556.36,-3207.65,321.798
7560.6,-3209.45,323.654
7565.12,-3211.25,325.624
7569.36,-3213.05,327.47
7573.59,-3214.85,329.311
7577.81,-3216.65,331.147
7582.37,-3218.45,333.133
7586.61,-3220.25,334.974
7590.83,-3222.05,336.81
7595.37,-3223.85,338.789
7599.62,-3225.65,340.641
7603.83,-3227.45,342.479
7608.05,-3229.25,344.317
7612.67,-3231.05,346.363
7616.89,-3232.85,348.231
7621.13,-3234.66,350.099
7625.63,-3236.46,352.074
7629.88,-3238.26,353.913
7634.1,-3240.06,355.688
7638.34,-3241.86,357.328
7642.58,-3243.66,358.246
7646.81,-3245.46,357.474
7651.04,-3247.26,355.873
7655.26,-3249.06,354.068
7659.49,-3250.86,352.198
7663.71,-3252.66,350.31
7667.92,-3254.46,348.397
7672.15,-3256.26,346.472
7676.38,-3258.06,344.541
7680.62,-3259.86,342.602
7684.87,-3261.66,340.667
7689.11,-3263.46,338.734
7693.35,-3265.26,336.802
7697.9,-3267.06,334.877
7702.13,-3268.86,332.791
7706.37,-3270.66,330.851
7710.62,-3272.46,328.907
7714.84,-3274.26,327.001
7719.08,-3276.06,325.09
7723.29,-3277.86,323.177
7727.54,-3279.66,321.254
7731.78,-3281.46,319.349
7736,-3283.26,317.449
7740.23,-3285.06,315.547
7744.46,-3286.86,313.886
7748.68,-3288.66,312.228
7752.9,-3290.46,310.568
7757.14,-3292.26,308.906
7761.36,-3294.06,307.156
7765.6,-3295.86,305.403
7769.83,-3297.66,303.654
7774.06,-3299.46,301.888
7778.28,-3301.26,300.127
7782.53,-3303.06,298.354
7786.75,-3304.86,296.594
7790.99,-3306.66,294.875
7795.21,-3308.46,293.161
7799.45,-3310.26,291.445
7803.79,-3312.06,289.563
7808.01,-3313.86,287.738
7812.24,-3315.66,285.911
7816.47,-3317.46,284.082
7820.7,-3319.26,282.254
7824.92,-3321.06,280.426
7829.17,-3322.86,278.59
7833.39,-3324.66,276.767
7837.63,-3326.46,274.938
7841.85,-3328.26,273.113
7846.08,-3330.06,271.287
7850.31,-3331.86,269.484
7854.58,-3333.66,267.672
7858.82,-3335.46,265.857
7863.08,-3337.26,264.152
7867.3,-3339.06,262.464
7871.55,-3340.86,260.769
7875.78,-3342.66,259.08
7880.24,-3344.46,257.331
7884.48,-3346.26,255.672
7888.7,-3348.06,254.018
7892.92,-3349.86,252.363
7897.51,-3351.66,250.651
7901.75,-3353.46,249.067
7905.97,-3355.26,247.487
7910.5,-3357.06,245.814
7914.74,-3358.86,244.253
7918.96,-3360.66,242.693
7923.18,-3362.46,241.136
7927.85,-3364.26,239.389
7932.08,-3366.06,237.804
7936.41,-3367.86,236.183
7940.67,-3369.66,234.647
7944.9,-3371.46,233.123
7949.12,-3373.26,231.598
7953.35,-3375.06,230.072
7957.59,-3376.86,228.614
7961.82,-3378.66,227.157
7966.04,-3380.46,225.701
7970.28,-3382.26,224.088
7974.51,-3384.06,222.477
7978.77,-3385.86,220.859
7983,-3387.66,219.246
7987.23,-3389.46,217.637
7991.47,-3391.26,216.021
7995.69,-3393.06,214.414
8000.12,-3394.86,212.56
8004.35,-3396.66,210.788
8008.58,-3398.46,209.017
8012.81,-3400.26,207.251
8017.04,-3402.06,205.423
8021.28,-3403.86,203.594
8025.53,-3405.66,201.76
8029.77,-3407.46,199.957
8033.99,-3409.26,198.158
8038.21,-3411.06,196.361
8042.45,-3412.86,194.559
8046.67,-3414.66,192.769
8050.91,-3416.46,190.982
8055.13,-3418.26,189.201
8059.35,-3420.06,187.4
8063.57,-3421.86,185.602
8067.8,-3423.66,183.798
8072.03,-3425.46,181.997
8076.26,-3427.26,180.187
8080.5,-3429.06,178.374
8084.74,-3430.86,176.564
8088.96,-3432.66,174.772
8093.19,-3434.46,172.98
8097.42,-3436.26,171.183
8101.67,-3438.06,169.381
8106,-3439.86,167.549
8110.24,-3441.66,165.754
8114.47,-3443.46,163.965
8118.7,-3445.26,162.155
8122.93,-3447.06,160.335
8127.17,-3448.86,158.517
8131.41,-3450.66,156.699
8135.66,-3452.46,154.851
8139.89,-3454.26,153.013
8144.11,-3456.06,151.175
8148.35,-3457.86,149.335
8152.58,-3459.66,147.524
8156.8,-3461.46,145.722
8161.03,-3463.26,143.914
8165.25,-3465.06,142.155
8169.5,-3466.86,140.382
8173.72,-3468.66,138.622
8178.27,-3470.46,136.861
8182.51,-3472.26,134.877
8186.73,-3474.06,133.045
8195.77,-3475.86,129.274
8200.13,-3477.66,127.444
8204.35,-3479.46,125.677
8208.6,-3481.26,124.524
8212.82,-3483.06,123.377
8217.03,-3484.86,122.232
8221.27,-3486.66,121.08
8225.75,-3488.46,119.364
8229.99,-3490.26,117.738
8234.2,-3492.06,116.124
8238.43,-3493.86,114.507
8243,-3495.66,112.55
8247.23,-3497.46,110.737
8251.47,-3499.26,108.924
8256,-3501.06,107.042
8260.24,-3502.86,105.28
8264.46,-3504.66,103.523
8268.7,-3506.46,101.715
8272.93,-3508.26,99.8984
8277.16,-3510.06,98.0836
8281.39,-3511.86,96.2741
8285.62,-3513.66,94.4496
8289.85,-3515.46,92.628
8294.07,-3517.26,90.8107
8298.3,-3519.06,89.0527
8302.55,-3520.86,87.2847
8306.78,-3522.66,85.528
8311.01,-3524.46,83.7717
8315.23,-3526.26,82.0045
8319.47,-3528.06,80.2312
8323.69,-3529.86,78.4668
8327.91,-3531.66,76.7005
8332.15,-3533.46,74.8743
8336.38,-3535.26,73.0561
8340.62,-3537.06,71.232
8344.84,-3538.86,69.3288
8349.07,-3540.66,67.4222
8353.29,-3542.46,65.5187
8357.54,-3544.26,63.6043
8361.78,-3546.06,61.7638
8366.02,-3547.86,59.9271
8370.24,-3549.66,58.0939
8374.48,-3551.46,56.257
8378.7,-3553.26,54.4882
8382.93,-3555.06,52.715
8387.15,-3556.86,50.9459
8391.41,-3558.66,49.1519
8395.66,-3560.46,47.3625
8399.89,-3562.26,45.5835
8404.11,-3564.06,43.7637
8408.35,-3565.86,41.9374
8412.57,-3567.66,40.1193
8416.79,-3569.46,38.2971
8421.12,-3571.26,36.4386
8425.36,-3573.06,34.6185
8429.61,-3574.86,32.7924
8434.15,-3576.66,30.8288
8438.37,-3578.46,29.0018
8442.61,-3580.26,27.1689
8446.83,-3582.06,25.3444
8451.06,-3583.86,23.5297
8455.28,-3585.66,21.7173
8459.54,-3587.46,19.8927
8463.76,-3589.26,18.0834
8467.99,-3591.06,16.1981
8472.22,-3592.86,14.3155
8476.45,-3594.66,12.4426
8480.67,-3596.46,10.5498
8484.91,-3598.26,8.67161
8489.13,-3600.06,6.82003
