4.29687,-1.8,0.306467
8.83576,-3.6,0.306467
13.0651,-5.4,0.306467
17.2845,-7.2,0.303902
21.4927,-9,0.303902
25.7019,-10.8,1.21239
29.9154,-12.6,2.20929
34.1615,-14.4,3.22019
38.3761,-16.2,4.89121
42.5862,-18,6.56231
46.7991,-19.8,8.23493
51.0085,-21.6,9.90643
55.2194,-23.4,11.7803
59.4361,-25.2,13.6573
63.6489,-27,15.5325
67.8663,-28.8,17.4685
72.0777,-30.6,19.4018
76.2903,-32.4,21.3356
80.5065,-34.2,23.2713
84.7183,-36,25.1913
88.9349,-37.8,27.1134
93.148,-39.6,29.0339
97.3654,-41.4,30.9369
101.576,-43.2,32.8368
105.789,-45,34.7378
110.006,-46.8,36.6404
114.222,-48.6,38.2142
118.438,-50.4,39.7884
122.651,-52.2,41.3612
126.867,-54,42.9055
131.078,-55.8,44.4481
135.318,-57.6,46.0012
139.535,-59.4,47.5462
143.748,-61.2,49.1054
147.966,-63,50.6663
152.176,-64.8,52.2248
156.45,-66.6,53.8069
160.67,-68.4,55.3766
164.882,-70.2,56.9441
169.099,-72,58.5128
173.311,-73.8,60.1787
177.529,-75.6,61.8469
181.74,-77.4,63.5121
185.951,-79.2,65.1774
190.168,-81,66.952
194.383,-82.8,68.7266
198.599,-84.6,70.501
202.81,-86.4,72.3051
207.026,-88.2,74.1115
211.235,-90,75.9149
215.45,-91.8,77.7206
219.668,-93.6,79.226
223.88,-95.4,80.7295
228.096,-97.2,82.2342
232.312,-99,84.0651
236.556,-100.8,85.9081
240.766,-102.6,87.7378
244.977,-104.4,89.5672
249.193,-106.2,91.1347
253.403,-108,92.7005
257.619,-109.8,94.2679
261.828,-111.6,95.8333
266.041,-113.4,97.6336
270.255,-115.2,99.4354
274.466,-117,101.236
278.682,-118.8,103.026
282.893,-120.6,104.815
287.108,-122.4,106.605
291.316,-124.2,108.393
295.526,-126,110.239
299.74,-127.8,112.088
303.951,-129.6,113.935
308.168,-131.4,115.751
312.379,-133.2,117.566
316.598,-135,119.385
320.81,-136.8,121.199
325.023,-138.6,122.798
329.238,-140.4,124.398
333.451,-142.2,125.996
337.693,-144,127.787
341.903,-145.8,129.565
346.115,-147.6,131.343
350.331,-149.4,133.123
354.541,-151.2,134.968
358.756,-153,136.815
362.967,-154.8,138.661
367.182,-156.6,140.508
371.392,-158.4,142.265
375.603,-160.2,144.022
379.82,-162,145.781
384.033,-163.8,147.596
388.249,-165.6,149.414
392.461,-167.4,151.229
396.677,-169.2,153.08
400.886,-171,154.929
405.097,-172.8,156.778
409.312,-174.6,158.628
413.523,-176.4,160.463
417.743,-178.2,162.302
421.953,-180,164.136
426.164,-181.8,165.971
430.379,-183.6,167.778
434.59,-185.4,169.583
438.83,-187.2,171.4
443.042,-189,173.205
447.258,-190.8,175.009
451.468,-192.6,176.81
455.68,-194.4,178.611
459.895,-196.2,180.389
464.107,-198,182.165
468.322,-199.8,183.942
472.534,-201.6,185.725
476.749,-203.4,187.509
480.957,-205.2,189.29
485.167,-207,191.072
489.381,-208.8,192.851
493.592,-210.6,194.628
497.808,-212.4,196.406
502.017,-214.2,198.183
506.228,-216,199.986
510.443,-217.8,201.79
514.657,-219.6,203.594
518.873,-221.4,205.415
523.085,-223.2,207.234
527.301,-225,209.055
531.511,-226.8,210.873
535.722,-228.6,212.709
539.965,-230.4,214.558
544.179,-232.2,216.396
548.396,-234,218.237
552.608,-235.8,220.075
556.825,-237.6,221.915
561.094,-239.4,223.773
565.42,-241.2,225.642
569.653,-243,227.466
573.867,-244.8,229.282
578.084,-246.6,231.087
582.296,-248.4,232.89
586.513,-250.2,234.695
590.724,-252,236.497
594.937,-253.8,238.335
599.154,-255.6,240.176
603.366,-257.4,242.015
607.582,-259.2,243.852
611.793,-261,245.686
616.01,-262.8,247.524
620.226,-264.6,249.36
624.439,-266.4,251.156
628.655,-268.2,252.953
632.866,-270,254.748
637.082,-271.8,256.545
641.332,-273.6,258.367
645.546,-275.4,260.174
649.761,-277.2,261.981
653.975,-279,263.795
658.191,-280.8,265.61
662.402,-282.6,267.424
666.618,-284.4,269.239
670.827,-286.2,271.062
675.036,-288,272.886
679.251,-289.8,274.712
683.463,-291.6,276.548
687.679,-293.4,278.386
691.889,-295.2,280.222
696.101,-297,282.059
700.317,-298.8,283.89
704.529,-300.6,285.719
708.743,-302.4,287.55
712.954,-304.2,289.379
717.175,-306,291.219
721.386,-307.8,293.054
725.599,-309.6,294.89
729.816,-311.4,296.768
734.028,-313.2,298.644
738.244,-315,300.522
742.483,-316.8,302.409
746.702,-318.6,304.222
750.911,-320.4,306.031
755.124,-322.2,307.84
759.339,-324,309.646
763.551,-325.8,311.449
767.767,-327.6,313.254
771.98,-329.4,315.057
776.194,-331.2,316.87
780.41,-333,318.684
784.623,-334.8,320.495
788.909,-336.6,322.37
793.123,-338.4,324.213
797.34,-340.2,326.057
801.551,-342,327.899
805.764,-343.8,329.746
809.981,-345.6,331.594
814.192,-347.4,333.442
818.414,-349.2,335.339
822.628,-351,337.234
826.844,-352.8,339.13
831.054,-354.6,341.023
835.265,-356.4,342.915
839.481,-358.2,344.81
843.719,-360,346.715
847.936,-361.8,348.61
852.147,-363.6,350.509
856.36,-365.4,352.407
860.576,-367.2,354.305
864.788,-369,356.193
869.005,-370.8,358.067
873.217,-372.6,359.567
877.434,-374.4,358.042
881.644,-376.199,356.171
885.859,-377.999,354.282
890.075,-379.799,352.39
894.287,-381.599,350.485
898.503,-383.399,348.579
902.715,-385.199,346.673
906.931,-386.999,344.766
911.141,-388.799,342.867
915.357,-390.599,340.966
919.572,-392.399,339.066
923.783,-394.199,337.15
927.998,-395.999,335.232
932.209,-397.799,333.317
936.513,-399.599,331.359
940.726,-401.399,329.451
944.962,-403.199,327.533
949.18,-404.999,325.623
953.393,-406.799,323.901
957.608,-408.599,322.177
961.817,-410.399,320.456
966.029,-412.199,318.734
970.246,-413.999,317.247
974.457,-415.799,315.761
978.672,-417.599,314.275
982.885,-419.399,312.71
987.101,-421.199,311.143
991.311,-422.999,309.579
995.524,-424.799,308.014
999.74,-426.599,306.498
1003.95,-428.399,304.984
1008.17,-430.199,303.469
1012.38,-431.999,301.955
1016.6,-433.799,300.327
1020.81,-435.599,298.703
1025.02,-437.399,297.078
1029.24,-439.199,295.221
1033.45,-440.999,293.365
1037.67,-442.799,291.508
1041.88,-444.599,289.653
1046.09,-446.399,287.784
1050.31,-448.199,285.914
1054.52,-449.999,284.045
1058.74,-451.799,282.232
1062.95,-453.599,280.421
1067.17,-455.399,278.607
1071.38,-457.199,276.797
1075.59,-458.999,275.031
1079.81,-460.799,273.264
1084.02,-462.599,271.498
1088.24,-464.399,269.73
1092.45,-466.199,268.085
1096.67,-467.999,266.44
1100.88,-469.799,264.796
1105.09,-471.599,263
1109.31,-473.399,261.201
1113.52,-475.199,259.404
1117.74,-476.999,257.571
1121.95,-478.799,255.743
1126.16,-480.599,253.915
1130.38,-482.399,252.084
1134.59,-484.199,250.367
1138.81,-485.999,248.649
1143.02,-487.799,246.932
1147.26,-489.599,245.203
1151.48,-491.399,243.374
1155.69,-493.199,241.544
1159.91,-494.999,239.712
1164.12,-496.799,238.002
1168.34,-498.599,236.291
1172.55,-500.399,234.581
1176.77,-502.199,232.869
1180.98,-503.999,231.116
1185.19,-505.799,229.363
1189.4,-507.599,227.609
1193.62,-509.399,225.756
1197.83,-511.199,223.901
1202.04,-512.999,222.049
1206.25,-514.799,220.196
1210.47,-516.599,218.395
1214.68,-518.399,216.595
1218.9,-520.199,214.791
1223.12,-521.999,212.991
1227.34,-523.799,211.133
1231.55,-525.599,209.277
1235.76,-527.398,207.421
1239.98,-529.198,205.555
1244.19,-530.998,203.691
1248.44,-532.798,201.814
1252.65,-534.598,199.998
1256.87,-536.398,198.18
1261.08,-538.198,196.366
1265.29,-539.998,194.552
1269.51,-541.798,192.766
1273.72,-543.598,190.982
1277.94,-545.398,189.196
1282.15,-547.198,187.414
1286.36,-548.998,185.635
1290.58,-550.798,183.855
1294.79,-552.598,182.076
1299,-554.398,180.294
1303.22,-556.198,178.512
1307.43,-557.998,176.729
1311.65,-559.798,174.949
1315.86,-561.598,173.163
1320.08,-563.398,171.377
1324.29,-565.198,169.593
1328.51,-566.998,167.786
1332.72,-568.798,165.98
1336.94,-570.598,164.172
1341.15,-572.398,162.367
1345.36,-574.198,160.544
1349.6,-575.998,158.709
1353.82,-577.798,156.886
1358.03,-579.598,155.061
1362.25,-581.398,153.225
1366.47,-583.198,151.387
1370.68,-584.998,149.553
1374.89,-586.798,147.733
1379.11,-588.598,145.912
1383.32,-590.398,144.091
1387.54,-592.198,142.27
1391.75,-593.998,140.465
1395.96,-595.798,138.659
1400.18,-597.598,136.851
1404.4,-599.398,135.045
1408.61,-601.198,133.238
1412.83,-602.998,131.434
1417.05,-604.798,129.626
1421.26,-606.598,127.82
1425.47,-608.398,126.014
1429.69,-610.198,124.206
1433.9,-611.998,122.399
1438.12,-613.798,120.583
1442.33,-615.598,118.768
1446.55,-617.398,116.953
1450.76,-619.198,115.132
1454.98,-620.998,113.312
1459.19,-622.798,111.49
1463.4,-624.598,109.649
1467.62,-626.398,107.806
1471.83,-628.198,105.965
1476.04,-629.998,104.124
1480.26,-631.798,102.294
1484.47,-633.598,100.467
1488.69,-635.398,98.637
1492.94,-637.198,96.7931
1497.16,-638.998,94.9712
1501.37,-640.798,93.1521
1505.58,-642.598,91.3319
1509.8,-644.398,89.5111
1514.01,-646.198,87.6928
1518.23,-647.998,85.8711
1522.45,-649.798,84.052
1526.67,-651.598,82.2204
1530.88,-653.398,80.3911
1535.09,-655.198,78.5614
1539.31,-656.998,76.7456
1543.52,-658.798,74.9314
1547.77,-660.598,73.1046
1551.98,-662.398,71.2905
1556.19,-664.198,69.4857
1560.41,-665.998,67.6799
1564.62,-667.798,65.876
1568.84,-669.598,64.0701
1573.05,-671.398,62.2671
1577.27,-673.198,60.4619
1581.48,-674.997,58.6588
1585.7,-676.797,56.8622
1589.91,-678.597,55.0639
1594.12,-680.397,53.2675
1598.34,-682.197,51.4525
1602.56,-683.997,49.6392
1606.77,-685.797,47.8243
1610.98,-687.597,46.0117
1615.2,-689.397,44.1873
1619.42,-691.197,42.3597
1623.63,-692.997,40.5355
1627.85,-694.797,38.7101
1632.06,-696.597,36.8591
1636.27,-698.397,35.0071
1640.49,-700.197,33.1523
1644.7,-701.997,31.2617
1648.94,-703.797,29.3596
1653.16,-705.597,27.4684
1657.43,-707.397,25.5754
1661.64,-709.197,23.6866
1665.86,-710.997,21.8217
1670.07,-712.797,19.9554
1674.29,-714.597,18.0772
1678.5,-716.397,16.1966
1682.72,-718.197,14.3187
1686.93,-719.997,12.4387
1691.14,-721.797,10.5602
1695.36,-723.597,8.68145
1699.57,-725.397,6.80279
1703.78,-727.197,4.929
1708,-728.997,3.04811
1712.21,-730.797,1.2169
1716.46,-732.597,0.931245
1720.67,-734.397,2.73432
1724.88,-736.197,4.61193
1729.1,-737.997,6.50117
1733.31,-739.797,8.39612
1737.52,-741.597,10.2951
1741.73,-743.397,12.1926
1745.95,-745.197,14.0915
1750.19,-746.997,16.0166
1754.4,-748.797,17.9321
1758.62,-750.597,19.8474
1762.83,-752.397,21.7609
1767.05,-754.197,23.6769
1771.26,-755.997,25.5891
1775.48,-757.797,27.5026
1779.69,-759.597,29.4205
1783.91,-761.397,31.3368
1788.12,-763.197,33.2552
1792.34,-764.997,35.1714
1796.56,-766.797,36.9616
1800.77,-768.597,38.7498
1804.98,-770.397,40.5387
1809.2,-772.197,42.0197
1813.41,-773.997,43.4993
1817.63,-775.797,44.9821
1821.84,-777.597,46.4613
1826.05,-779.397,48.0064
1830.27,-781.197,49.5534
1834.49,-782.997,51.0989
1838.7,-784.797,52.6461
1842.92,-786.597,54.1596
1847.13,-788.397,55.6746
1851.37,-790.197,57.1968
1855.58,-791.997,58.8075
1859.8,-793.797,60.4194
1864.02,-795.597,62.0295
1868.23,-797.397,63.6409
1872.44,-799.197,65.5349
1876.66,-800.997,67.4305
1880.87,-802.797,69.3236
1885.09,-804.597,71.2275
1889.31,-806.397,73.1337
1893.52,-808.197,75.0369
1897.74,-809.997,76.9426
1901.95,-811.797,78.7762
1906.16,-813.597,80.6103
1910.38,-815.397,82.4463
1914.59,-817.197,84.2118
1918.81,-818.997,85.9798
1923.03,-820.797,87.7449
1927.24,-822.596,89.5115
1931.46,-824.396,91.1354
1935.67,-826.196,92.7603
1939.89,-827.996,94.3862
1944.1,-829.796,96.1673
1948.32,-831.596,97.9503
1952.55,-833.396,99.741
1956.77,-835.196,101.524
1960.98,-836.996,103.36
1965.2,-838.796,105.197
1969.41,-840.596,107.035
1973.62,-842.396,108.871
1977.84,-844.196,110.607
1982.05,-845.996,112.34
1986.26,-847.796,114.074
1990.48,-849.596,115.818
1994.69,-851.396,117.56
1998.91,-853.196,119.303
2003.12,-854.996,121.045
2007.34,-856.796,122.832
2011.55,-858.596,124.617
2015.76,-860.396,126.403
2019.98,-862.196,128.118
2024.2,-863.996,129.83
2028.41,-865.796,131.544
2032.62,-867.596,133.256
2036.84,-869.396,135.142
2041.05,-871.196,137.026
2045.26,-872.996,138.91
2049.48,-874.796,140.747
2053.71,-876.596,142.592
2057.95,-878.396,144.436
2062.3,-880.196,146.33
2066.62,-881.996,148.211
2070.83,-883.796,150.047
2075.05,-885.596,151.881
2079.27,-887.396,153.697
2083.48,-889.196,155.512
2087.7,-890.996,157.329
2091.91,-892.796,159.142
2096.13,-894.596,160.955
2100.34,-896.396,162.77
2104.56,-898.196,164.583
2108.78,-899.996,166.378
2112.99,-901.796,168.171
2117.21,-903.596,169.968
2121.42,-905.396,171.759
2125.63,-907.196,173.521
2129.85,-908.996,175.285
2134.06,-910.796,177.047
2138.28,-912.596,178.811
2142.49,-914.396,180.606
2146.71,-916.196,182.402
2150.92,-917.996,184.197
2155.14,-919.796,186.004
2159.35,-921.596,187.813
2163.57,-923.396,189.621
2167.78,-925.196,191.431
2171.99,-926.996,193.252
2176.21,-928.796,195.074
2180.43,-930.596,196.898
2184.64,-932.396,198.729
2188.92,-934.196,200.589
2193.13,-935.996,202.421
2197.35,-937.796,204.254
2201.56,-939.596,206.043
2205.78,-941.396,207.833
2209.99,-943.196,209.624
2214.21,-944.996,211.443
2218.43,-946.796,213.267
2222.64,-948.596,215.086
2226.86,-950.396,216.906
2231.07,-952.196,218.715
2235.29,-953.996,220.524
2239.5,-955.796,222.335
2243.72,-957.596,224.144
2247.94,-959.396,225.971
2252.15,-961.196,227.797
2256.39,-962.996,229.635
2260.61,-964.796,231.485
2264.82,-966.596,233.333
2269.04,-968.396,235.182
2273.25,-970.195,237.03
2277.47,-971.995,238.863
2281.68,-973.795,240.695
2285.9,-975.595,242.527
2290.12,-977.395,244.339
2294.33,-979.195,246.151
2298.55,-980.995,247.963
2302.77,-982.795,249.773
2306.99,-984.595,251.59
2311.2,-986.395,253.406
2315.41,-988.195,255.221
2319.63,-989.995,257.055
2323.85,-991.795,258.886
2328.06,-993.595,260.718
2332.28,-995.395,262.55
2336.5,-997.195,264.375
2340.71,-998.995,266.197
2344.93,-1000.8,268.02
2349.15,-1002.6,269.845
2353.36,-1004.4,271.667
2357.6,-1006.2,273.5
2361.81,-1008,275.32
2366.03,-1009.8,277.121
2370.25,-1011.6,278.924
2374.46,-1013.4,280.726
2378.68,-1015.2,282.524
2382.89,-1017,284.321
2387.11,-1018.8,286.12
2391.32,-1020.6,287.916
2395.53,-1022.4,289.707
2399.75,-1024.2,291.5
2403.97,-1026,293.291
2408.19,-1027.8,295.084
2412.4,-1029.6,296.881
2416.62,-1031.4,298.679
2420.83,-1033.2,300.476
2425.05,-1035,302.296
2429.27,-1036.8,304.118
2433.48,-1038.6,305.938
2437.7,-1040.4,307.759
2441.91,-1042.2,309.607
2446.12,-1044,311.455
2450.34,-1045.8,313.306
2454.56,-1047.6,315.156
2458.8,-1049.4,317.018
2463.02,-1051.2,318.869
2467.23,-1053,320.721
2471.45,-1054.8,322.562
2475.66,-1056.6,324.403
2479.88,-1058.4,326.245
2484.09,-1060.2,328.086
2488.31,-1062,329.931
2492.53,-1063.8,331.775
2496.75,-1065.6,333.621
2500.96,-1067.4,335.454
2505.17,-1069.2,337.287
2509.39,-1071,339.123
2513.6,-1072.8,340.956
2517.82,-1074.6,342.798
2522.04,-1076.4,344.635
2526.25,-1078.2,346.473
2536.82,-1080,351.144
2541.06,-1081.8,353.018
2545.27,-1083.6,354.386
2549.49,-1085.4,355.756
2553.71,-1087.2,357.122
2557.95,-1089,358.496
2562.17,-1090.8,359.66
2566.43,-1092.6,357.941
2570.65,-1094.4,356.182
2574.86,-1096.2,354.331
2579.08,-1098,352.477
2583.29,-1099.8,350.624
2587.51,-1101.6,348.769
2591.72,-1103.4,346.911
2595.94,-1105.2,345.051
2600.15,-1107,343.189
2604.37,-1108.8,341.322
2608.59,-1110.6,339.454
2612.81,-1112.4,337.587
2617.02,-1114.2,335.72
2621.24,-1116,333.859
2625.45,-1117.8,331.999
2629.67,-1119.6,330.138
2633.89,-1121.4,328.278
2638.11,-1123.2,326.428
2642.32,-1125,324.579
2646.54,-1126.8,322.73
2650.75,-1128.6,321.108
2654.97,-1130.4,319.485
2659.21,-1132.2,317.849
2663.43,-1134,316.224
2667.65,-1135.8,314.652
2671.86,-1137.6,313.082
2676.07,-1139.4,311.512
2680.29,-1141.2,309.886
2684.5,-1143,308.262
2688.72,-1144.8,306.636
2692.94,-1146.6,305.012
2697.15,-1148.4,303.385
2701.37,-1150.2,301.761
2705.58,-1152,300.137
2709.8,-1153.8,298.511
2714.01,-1155.6,296.803
2718.23,-1157.4,295.093
2722.45,-1159.2,293.384
2726.67,-1161,291.625
2730.88,-1162.8,289.869
2735.09,-1164.6,288.112
2739.31,-1166.4,286.334
2743.53,-1168.2,284.557
2747.75,-1170,282.778
2751.96,-1171.8,281.001
2756.17,-1173.6,279.257
2760.42,-1175.4,277.5
2764.63,-1177.2,275.756
2768.85,-1179,274.009
2773.06,-1180.8,272.263
2777.28,-1182.6,270.516
2781.49,-1184.4,268.771
2785.71,-1186.2,267.08
2789.93,-1188,265.387
2794.14,-1189.8,263.696
2798.36,-1191.6,262.003
2802.57,-1193.4,260.228
2806.79,-1195.2,258.451
2811,-1197,256.677
2815.21,-1198.8,254.8
2819.44,-1200.6,252.919
2823.65,-1202.4,251.042
2827.87,-1204.2,249.163
2832.08,-1206,247.369
2836.29,-1207.8,245.575
2840.51,-1209.6,243.779
2844.72,-1211.4,241.984
2848.94,-1213.2,240.163
2853.15,-1215,238.343
2857.37,-1216.8,236.521
2861.61,-1218.6,234.833
2865.82,-1220.4,233.153
2870.04,-1222.2,231.471
2874.25,-1224,229.642
2878.47,-1225.8,227.81
2882.68,-1227.6,225.981
2886.9,-1229.4,224.149
2891.11,-1231.2,222.337
2895.32,-1233,220.524
2899.54,-1234.8,218.709
2903.75,-1236.6,216.896
2907.97,-1238.4,215.109
2912.18,-1240.2,213.324
2916.43,-1242,211.526
2920.65,-1243.8,209.731
2924.9,-1245.6,207.923
2929.12,-1247.4,206.13
2933.33,-1249.2,204.339
2937.55,-1251,202.518
2941.76,-1252.8,200.699
2945.98,-1254.6,198.88
2950.19,-1256.4,197.024
2954.41,-1258.2,195.17
2958.62,-1260,193.315
2962.84,-1261.8,191.461
2967.06,-1263.6,189.64
2971.27,-1265.4,187.822
2975.48,-1267.2,186.003
2979.7,-1269,184.191
2983.91,-1270.8,182.38
2988.13,-1272.6,180.567
2992.34,-1274.4,178.757
2996.56,-1276.2,176.963
3000.77,-1278,175.172
3004.98,-1279.8,173.381
3009.2,-1281.6,171.587
3013.41,-1283.4,169.796
3017.63,-1285.2,168.003
3021.84,-1287,166.212
3026.06,-1288.8,164.429
3030.27,-1290.6,162.645
3034.49,-1292.4,160.864
3038.71,-1294.2,159.079
3042.92,-1296,157.284
3047.14,-1297.8,155.487
3051.35,-1299.6,153.693
3055.56,-1301.4,151.871
3059.78,-1303.2,150.048
3064.02,-1305,148.215
3068.24,-1306.8,146.391
3072.45,-1308.6,144.56
3076.67,-1310.4,142.727
3080.88,-1312.2,140.896
3085.09,-1314,139.065
3089.31,-1315.8,137.232
3093.52,-1317.6,135.4
3097.74,-1319.4,133.567
3101.95,-1321.2,131.743
3106.17,-1323,129.918
3110.39,-1324.8,128.091
3114.6,-1326.6,126.272
3118.82,-1328.4,124.45
3123.03,-1330.2,122.632
3127.25,-1332,120.812
3131.46,-1333.8,119.015
3135.67,-1335.6,117.218
3139.89,-1337.4,115.42
3144.1,-1339.2,113.623
3148.32,-1341,111.805
3152.53,-1342.8,109.989
3156.75,-1344.6,108.172
3160.96,-1346.4,106.334
3165.19,-1348.2,104.486
3169.41,-1350,102.644
3173.63,-1351.8,100.806
3177.84,-1353.6,98.9799
3182.05,-1355.4,97.156
3186.27,-1357.2,95.3321
3190.48,-1359,93.3749
3194.7,-1360.8,91.419
3198.91,-1362.6,89.4616
3203.13,-1364.4,87.5058
3207.35,-1366.2,85.6206
3211.56,-1368,83.7382
3215.77,-1369.8,81.8544
3219.99,-1371.6,79.9709
3224.21,-1373.4,78.0918
3228.42,-1375.2,76.211
3232.64,-1377,74.3324
3236.86,-1378.8,72.4954
3241.07,-1380.6,70.661
3245.28,-1382.4,68.8263
3249.5,-1384.2,66.9844
3253.71,-1386.01,65.1445
3257.93,-1387.81,63.3015
3262.14,-1389.61,61.462
3266.38,-1391.41,59.6464
3270.6,-1393.21,57.8388
3274.82,-1395.01,56.0338
3279.03,-1396.81,54.2276
3283.25,-1398.61,52.4319
3287.47,-1400.41,50.6349
3291.68,-1402.21,48.8407
3295.89,-1404.01,47.051
3300.11,-1405.81,45.2595
3304.33,-1407.61,43.468
3308.55,-1409.41,41.6765
3312.76,-1411.21,39.9133
3316.98,-1413.01,38.1491
3321.19,-1414.81,36.3861
3325.41,-1416.61,34.6156
3329.62,-1418.41,32.8438
3333.84,-1420.21,31.0734
3338.05,-1422.01,29.3014
3342.27,-1423.81,27.4766
3346.49,-1425.61,25.6504
3350.7,-1427.41,23.8277
3354.92,-1429.21,22.005
3359.13,-1431.01,20.1347
3363.35,-1432.81,18.267
3367.59,-1434.61,16.3868
3371.8,-1436.41,14.5529
3376.02,-1438.21,12.7193
3380.23,-1440.01,10.8843
3384.45,-1441.81,9.05177
3388.66,-1443.61,7.33311
3392.87,-1445.41,5.61638
3397.09,-1447.21,3.89987
3401.3,-1449.01,2.049
3405.51,-1450.81,0.335718
3409.72,-1452.61,1.72097
3413.93,-1454.41,3.56887
3418.15,-1456.21,5.42318
3422.36,-1458.01,7.27822
3426.58,-1459.81,9.13415
3430.79,-1461.61,10.9275
3435,-1463.41,12.7226
3439.22,-1465.21,14.5205
3443.43,-1467.01,16.3157
3447.65,-1468.81,18.0673
3451.86,-1470.61,19.8166
3456.07,-1472.41,21.5671
3460.29,-1474.21,23.3739
3464.5,-1476.01,25.179
3468.74,-1477.81,26.9949
3472.96,-1479.61,28.8007
3477.18,-1481.41,30.6631
3481.39,-1483.21,32.5222
3485.6,-1485.01,34.3815
3489.82,-1486.81,36.2428
3494.03,-1488.61,38.1021
3498.25,-1490.41,39.9627
3502.46,-1492.21,41.822
3506.68,-1494.01,43.4187
3510.89,-1495.81,45.0132
3515.11,-1497.61,46.6093
3519.33,-1499.41,48.2086
3523.54,-1501.21,49.9888
3527.76,-1503.01,51.7707
3531.97,-1504.81,53.5504
3536.18,-1506.61,55.2278
3540.4,-1508.41,56.9066
3544.61,-1510.21,58.5829
3548.83,-1512.01,60.2616
3553.04,-1513.81,62.0873
3557.26,-1515.61,63.9152
3561.51,-1517.41,65.7509
3565.84,-1519.21,67.6918
3570.17,-1521.01,69.63
3574.39,-1522.81,71.5206
3578.61,-1524.61,73.4105
3582.82,-1526.41,75.1941
3587.04,-1528.21,76.9791
3591.25,-1530.01,78.762
3595.47,-1531.81,80.5257
3599.68,-1533.61,82.2908
3603.9,-1535.41,84.0551
3608.12,-1537.21,85.8209
3612.33,-1539.01,87.6196
3616.55,-1540.81,89.4198
3620.76,-1542.61,91.2195
3624.98,-1544.41,93.018
3629.2,-1546.21,94.7053
3633.41,-1548.01,96.3915
3637.63,-1549.81,98.0788
3641.9,-1551.61,99.9091
3646.12,-1553.41,101.715
3650.33,-1555.21,103.521
3654.55,-1557.01,105.326
3658.77,-1558.81,107.266
3662.98,-1560.61,109.204
3667.2,-1562.41,111.144
3671.41,-1564.21,112.947
3675.62,-1566.01,114.751
3679.84,-1567.81,116.556
3684.05,-1569.61,118.361
3688.27,-1571.41,120.13
3692.49,-1573.21,121.896
3696.7,-1575.01,123.665
3700.91,-1576.81,125.332
3705.13,-1578.61,127
3709.34,-1580.41,128.67
3713.56,-1582.21,130.339
3717.78,-1584.01,132.19
3721.99,-1585.81,134.04
3726.2,-1587.61,135.889
3730.42,-1589.41,137.749
3734.64,-1591.21,139.608
3738.85,-1593.01,141.47
3743.07,-1594.81,143.329
3747.29,-1596.61,145.09
3751.5,-1598.41,146.849
3755.71,-1600.21,148.608
3759.93,-1602.01,150.369
3764.14,-1603.81,152.149
3768.36,-1605.61,153.931
3772.6,-1607.41,155.722
3776.82,-1609.21,157.608
3781.03,-1611.01,159.489
3785.25,-1612.81,161.372
3789.47,-1614.61,163.256
3793.68,-1616.41,165.157
3797.9,-1618.21,167.059
3802.11,-1620.01,168.959
3806.32,-1621.81,170.858
3810.54,-1623.61,172.663
3814.75,-1625.41,174.466
3818.97,-1627.21,176.271
3823.19,-1629.01,177.973
3827.4,-1630.81,179.674
3831.61,-1632.61,181.373
3835.83,-1634.41,183.1
3840.04,-1636.21,184.829
3844.26,-1638.01,186.556
3848.48,-1639.81,188.284
3852.69,-1641.61,190.112
3856.91,-1643.41,191.941
3861.12,-1645.21,193.768
3865.33,-1647.01,195.596
3869.55,-1648.81,197.471
3873.79,-1650.61,199.355
3878.01,-1652.41,201.231
3882.22,-1654.21,203.036
3886.51,-1656.01,204.874
3890.72,-1657.81,206.679
3894.93,-1659.61,208.485
3899.15,-1661.41,210.273
3903.37,-1663.21,212.059
3907.58,-1665.01,213.846
3911.79,-1666.81,215.675
3916.01,-1668.61,217.505
3920.23,-1670.41,219.338
3924.44,-1672.21,221.168
3928.66,-1674.01,222.959
3932.88,-1675.81,224.748
3937.09,-1677.61,226.539
3941.31,-1679.41,228.317
3945.52,-1681.21,230.097
3949.74,-1683.01,231.877
3953.95,-1684.81,233.656
3958.17,-1686.61,235.467
3962.38,-1688.41,237.277
3966.6,-1690.21,239.09
3970.81,-1692.01,240.922
3975.05,-1693.81,242.764
3979.27,-1695.61,244.6
3983.48,-1697.41,246.433
3987.7,-1699.21,248.231
3991.91,-1701.01,250.026
3996.13,-1702.81,251.822
4000.34,-1704.61,253.62
4004.57,-1706.41,255.41
4008.93,-1708.21,257.257
4013.35,-1710.01,259.13
4017.73,-1711.81,261.015
4022.32,-1713.61,262.991
4026.77,-1715.41,264.903
4031.18,-1717.21,266.795
4035.62,-1719.01,268.631
4040.16,-1720.81,270.499
4044.65,-1722.61,272.358
4049,-1724.41,274.136
4053.32,-1726.21,275.908
4057.55,-1728.01,277.634
4061.76,-1729.81,279.351
4065.98,-1731.61,281.068
4070.2,-1733.41,282.786
4074.45,-1735.21,284.517
4078.67,-1737.01,286.352
4082.88,-1738.81,288.184
4087.1,-1740.61,290.017
4091.31,-1742.41,291.832
4095.52,-1744.21,293.647
4099.74,-1746.01,295.465
4103.95,-1747.81,297.28
4108.17,-1749.61,299.07
4112.38,-1751.41,300.857
4116.6,-1753.21,302.647
4120.82,-1755.02,304.44
4125.06,-1756.82,306.246
4129.28,-1758.62,308.04
4133.5,-1760.42,309.831
4137.71,-1762.22,311.64
4141.92,-1764.02,313.446
4146.14,-1765.82,315.253
4150.36,-1767.62,317.062
4154.57,-1769.42,318.908
4158.79,-1771.22,320.756
4163,-1773.02,322.602
4167.22,-1774.82,324.436
4171.43,-1776.62,326.267
4175.67,-1778.42,328.11
4179.89,-1780.22,329.944
4184.11,-1782.02,331.753
4188.32,-1783.82,333.563
4192.54,-1785.62,335.369
4196.75,-1787.42,337.177
4200.97,-1789.22,338.981
4205.18,-1791.02,340.786
4209.4,-1792.82,342.591
4213.61,-1794.62,344.414
4217.82,-1796.42,346.237
4222.04,-1798.22,348.056
4226.28,-1800.02,349.883
4230.5,-1801.82,351.688
4234.71,-1803.62,353.475
4238.93,-1805.42,355.233
4243.14,-1807.22,356.895
4247.36,-1809.02,358.219
4251.57,-1810.82,358.178
4255.79,-1812.62,356.818
4260,-1814.42,355.141
4264.21,-1816.22,353.386
4268.43,-1818.02,351.599
4272.64,-1819.82,349.774
4276.88,-1821.62,347.93
4281.1,-1823.42,346.094
4285.31,-1825.22,344.253
4289.53,-1827.02,342.38
4293.74,-1828.82,340.507
4297.96,-1830.62,338.63
4302.17,-1832.42,336.759
4306.42,-1834.22,334.869
4310.64,-1836.02,332.993
4314.85,-1837.82,331.12
4319.07,-1839.62,329.261
4323.31,-1841.42,327.391
4327.53,-1843.22,325.531
4331.74,-1845.02,323.688
4335.96,-1846.82,321.845
4340.18,-1848.62,320
4344.45,-1850.42,318.129
4348.67,-1852.22,316.385
4352.89,-1854.02,314.642
4357.1,-1855.82,312.898
4361.31,-1857.62,311.136
4365.53,-1859.42,309.373
4369.74,-1861.22,307.608
4373.96,-1863.02,305.844
4378.2,-1864.82,304.12
4382.41,-1866.62,302.407
4386.63,-1868.42,300.692
4390.84,-1870.22,298.924
4395.06,-1872.02,297.155
4399.27,-1873.82,295.384
4403.48,-1875.62,293.615
4407.7,-1877.42,291.871
4411.91,-1879.22,290.129
4416.12,-1881.02,288.388
4420.35,-1882.82,286.643
4424.59,-1884.62,284.83
4428.81,-1886.42,283.028
4433.02,-1888.22,281.227
4437.24,-1890.02,279.389
4441.45,-1891.82,277.552
4445.67,-1893.62,275.716
4449.88,-1895.42,273.877
4454.1,-1897.22,272.068
4458.31,-1899.02,270.256
4462.53,-1900.82,268.446
4466.74,-1902.62,266.635
4470.96,-1904.42,265
4475.17,-1906.22,263.364
4479.41,-1908.02,261.717
4483.62,-1909.82,260.201
4487.84,-1911.62,258.684
4492.05,-1913.42,257.168
4496.27,-1915.22,255.524
4500.48,-1917.02,253.879
4504.73,-1918.82,252.228
4508.95,-1920.62,250.577
4513.16,-1922.42,248.932
4517.38,-1924.22,247.285
4521.59,-1926.02,245.64
4525.83,-1927.82,243.984
4530.06,-1929.62,242.268
4534.27,-1931.42,240.554
4538.49,-1933.22,238.84
4542.7,-1935.02,236.869
4546.92,-1936.82,234.898
4551.13,-1938.62,232.929
4555.34,-1940.42,230.959
4559.56,-1942.22,229.167
4563.77,-1944.02,227.377
4567.99,-1945.82,225.585
4572.2,-1947.62,223.727
4576.46,-1949.42,221.849
4580.7,-1951.22,219.98
4584.91,-1953.02,218.121
4589.13,-1954.82,216.249
4593.34,-1956.62,214.378
4597.56,-1958.42,212.506
4601.77,-1960.22,210.656
4605.98,-1962.02,208.805
4610.2,-1963.82,206.953
4614.41,-1965.62,205.103
4618.62,-1967.42,203.299
4622.84,-1969.22,201.496
4627.08,-1971.02,199.679
4631.3,-1972.82,197.857
4635.51,-1974.62,196.035
4639.73,-1976.42,194.211
4643.94,-1978.22,192.389
4648.15,-1980.02,190.612
4652.37,-1981.82,188.837
4656.58,-1983.62,187.06
4660.79,-1985.42,185.285
4665.01,-1987.22,183.489
4669.22,-1989.02,181.691
4673.43,-1990.82,179.894
4677.65,-1992.62,178.078
4681.88,-1994.42,176.254
4686.1,-1996.22,174.44
4690.31,-1998.02,172.623
4694.53,-1999.82,170.793
4698.74,-2001.62,168.961
4702.96,-2003.42,167.132
4707.17,-2005.22,165.298
4711.38,-2007.02,163.467
4715.59,-2008.82,161.636
4719.81,-2010.62,159.8
4724.05,-2012.42,157.965
4728.27,-2014.22,156.138
4732.49,-2016.02,154.315
4736.7,-2017.82,152.491
4740.91,-2019.62,150.689
4745.12,-2021.42,148.887
4749.34,-2023.22,147.083
4753.55,-2025.02,145.288
4757.77,-2026.82,143.491
4761.98,-2028.62,141.696
4766.19,-2030.42,139.908
4770.41,-2032.22,138.119
4774.62,-2034.02,136.332
4778.84,-2035.82,134.543
4783.07,-2037.62,132.73
4787.29,-2039.42,130.924
4791.5,-2041.22,129.122
4795.72,-2043.02,127.319
4799.93,-2044.82,125.496
4804.15,-2046.62,123.676
4808.36,-2048.42,121.854
4812.58,-2050.22,120.019
4816.79,-2052.02,118.183
4821,-2053.82,116.349
4825.25,-2055.62,114.502
4829.46,-2057.42,112.658
4833.68,-2059.22,110.815
4837.89,-2061.02,108.972
4842.1,-2062.82,107.141
4846.31,-2064.62,105.309
4850.53,-2066.42,103.475
4854.74,-2068.22,101.643
4858.96,-2070.02,99.8207
4863.17,-2071.82,97.9998
4867.39,-2073.62,96.1769
4871.6,-2075.42,94.3745
4875.81,-2077.22,92.5717
4880.03,-2079.02,90.7663
4884.27,-2080.82,88.9532
4888.49,-2082.62,87.1609
4892.7,-2084.42,85.3713
4896.92,-2086.22,83.58
4901.13,-2088.02,81.7742
4905.34,-2089.82,79.9676
4909.56,-2091.62,78.1593
4913.77,-2093.42,76.3527
4917.99,-2095.22,74.5609
4922.21,-2097.02,72.7702
4926.49,-2098.82,70.9501
4930.7,-2100.62,69.1596
4934.92,-2102.42,67.3535
4939.13,-2104.22,65.5453
4943.35,-2106.02,63.7401
4947.56,-2107.82,61.9269
4951.77,-2109.62,60.1154
4955.99,-2111.42,58.3039
4960.2,-2113.22,56.4904
4964.41,-2115.02,54.653
4968.63,-2116.82,52.8135
4972.84,-2118.62,50.9753
4977.06,-2120.42,49.1188
4981.27,-2122.22,47.2649
4985.51,-2124.02,45.3984
4989.73,-2125.82,43.5408
4993.94,-2127.62,41.6884
4998.16,-2129.43,39.8344
5002.37,-2131.23,37.9826
5006.59,-2133.03,36.1291
5010.8,-2134.83,34.275
5015.01,-2136.63,32.4207
5019.23,-2138.43,30.565
5023.44,-2140.23,28.6993
5027.69,-2142.03,26.8202
5031.9,-2143.83,24.9558
5036.12,-2145.63,23.0921
5040.38,-2147.43,21.1908
5044.59,-2149.23,19.3137
5048.81,-2151.03,17.4357
5053.02,-2152.83,15.5501
5057.24,-2154.63,13.6657
5061.47,-2156.43,11.7846
5065.8,-2158.23,9.85949
5070.13,-2160.03,7.93102
5074.35,-2161.83,6.07631
5078.56,-2163.63,4.26755
5082.78,-2165.43,2.60502
5087.03,-2167.23,1.59148
5091.24,-2169.03,2.35073
5095.45,-2170.83,3.96181
5099.67,-2172.63,5.79816
5103.88,-2174.43,7.69013
5108.09,-2176.23,9.60603
5112.3,-2178.03,11.5302
5116.52,-2179.83,13.461
5120.74,-2181.63,15.3959
5124.98,-2183.43,17.3474
5129.2,-2185.23,19.2483
5133.41,-2187.03,21.1477
5137.63,-2188.83,23.0495
5141.84,-2190.63,24.9268
5146.06,-2192.43,26.8053
5150.27,-2194.23,28.6863
5154.49,-2196.03,30.5657
5158.7,-2197.83,32.4339
5162.92,-2199.63,34.3013
5167.14,-2201.43,36.1705
5171.35,-2203.23,37.9194
5175.56,-2205.03,39.6707
5179.78,-2206.83,41.4238
5183.99,-2208.63,43.1761
5188.23,-2210.43,44.6548
5192.45,-2212.23,46.125
5196.67,-2214.03,47.5961
5200.88,-2215.83,49.0653
5205.09,-2217.63,50.6697
5209.31,-2219.43,52.2762
5213.52,-2221.23,53.8806
5217.74,-2223.03,55.5516
5221.95,-2224.83,57.2218
5226.2,-2226.63,58.9035
5230.42,-2228.43,60.5765
5234.63,-2230.23,62.2536
5238.85,-2232.03,63.9323
5243.07,-2233.83,65.6097
5247.28,-2235.63,67.2914
5251.5,-2237.43,69.0416
5255.71,-2239.23,70.7927
5259.93,-2241.03,72.5457
5264.14,-2242.83,74.4033
5268.36,-2244.63,76.2627
5272.57,-2246.43,78.1203
5276.79,-2248.23,79.923
5281,-2250.03,81.723
5285.21,-2251.83,83.5239
5289.45,-2253.63,85.336
5293.67,-2255.43,87.0976
5297.89,-2257.23,88.86
5302.1,-2259.03,90.6206
5306.31,-2260.83,92.3806
5310.53,-2262.63,94.0031
5314.74,-2264.43,95.6241
5318.96,-2266.23,97.2461
5323.17,-2268.03,98.7682
5327.42,-2269.83,100.302
5331.63,-2271.63,101.823
5335.85,-2273.43,103.344
5340.06,-2275.23,104.909
5344.28,-2277.03,106.471
5348.49,-2278.83,108.036
5352.71,-2280.63,109.764
5356.93,-2282.43,111.495
5361.14,-2284.23,113.224
5365.35,-2286.03,114.953
5369.57,-2287.83,116.829
5373.78,-2289.63,118.705
5378,-2291.43,120.582
5382.21,-2293.23,122.456
5386.47,-2295.03,124.42
5390.71,-2296.83,126.374
5394.92,-2298.63,128.318
5399.14,-2300.43,129.969
5403.35,-2302.23,131.618
5407.57,-2304.03,133.269
5411.78,-2305.83,135.072
5415.99,-2307.63,136.876
5420.21,-2309.43,138.681
5424.42,-2311.23,140.486
5428.67,-2313.03,142.355
5432.89,-2314.83,144.21
5437.1,-2316.63,146.067
5441.31,-2318.43,147.919
5445.53,-2320.23,149.786
5449.74,-2322.03,151.655
5453.96,-2323.83,153.522
5458.17,-2325.63,155.263
5462.39,-2327.43,157.002
5466.6,-2329.23,158.742
5470.81,-2331.03,160.48
5475.03,-2332.83,162.195
5479.24,-2334.63,163.911
5483.46,-2336.43,165.626
5487.67,-2338.23,167.407
5491.91,-2340.03,169.195
5496.12,-2341.83,170.975
5500.34,-2343.63,172.756
5504.55,-2345.43,174.652
5508.77,-2347.23,176.551
5512.98,-2349.03,178.448
5517.2,-2350.83,180.347
5521.41,-2352.63,182.222
5525.65,-2354.43,184.108
5529.87,-2356.23,185.985
5534.08,-2358.03,187.742
5538.3,-2359.83,189.5
5542.51,-2361.63,191.256
5546.73,-2363.43,193.014
5550.94,-2365.23,194.745
5555.15,-2367.03,196.476
5559.37,-2368.83,198.21
5563.58,-2370.63,200.006
5567.8,-2372.43,201.803
5572.01,-2374.23,203.599
5576.22,-2376.03,205.394
5580.44,-2377.83,207.193
5584.65,-2379.63,208.99
5588.87,-2381.43,210.789
5593.11,-2383.23,212.608
5597.33,-2385.03,214.419
5601.54,-2386.83,216.228
5605.75,-2388.63,218.037
5609.97,-2390.43,219.827
5614.18,-2392.23,221.614
5618.4,-2394.03,223.403
5622.61,-2395.83,225.184
5626.86,-2397.63,226.978
5631.07,-2399.43,228.758
5635.28,-2401.23,230.539
5639.5,-2403.03,232.366
5643.71,-2404.83,234.191
5647.93,-2406.63,236.018
5652.14,-2408.43,237.878
5656.36,-2410.23,239.739
5660.57,-2412.03,241.601
5664.79,-2413.83,243.462
5669.01,-2415.63,245.321
5673.22,-2417.43,247.179
5677.44,-2419.23,249.038
5681.65,-2421.03,250.875
5685.86,-2422.83,252.712
5690.08,-2424.63,254.552
5694.32,-2426.43,256.4
5698.54,-2428.23,258.194
5702.75,-2430.03,259.985
5706.97,-2431.83,261.777
5711.18,-2433.63,263.567
5715.39,-2435.43,265.364
5719.61,-2437.23,267.162
5723.82,-2439.03,268.96
5728.07,-2440.83,270.773
5732.29,-2442.63,272.574
5736.5,-2444.43,274.376
5740.78,-2446.23,276.201
5744.99,-2448.03,277.997
5749.21,-2449.83,279.796
5753.42,-2451.63,281.593
5757.64,-2453.43,283.395
5761.85,-2455.23,285.194
5766.07,-2457.03,286.995
5770.28,-2458.83,288.797
5774.5,-2460.63,290.618
5778.71,-2462.43,292.441
5782.93,-2464.23,294.262
5787.14,-2466.03,296.085
5791.35,-2467.83,297.924
5795.59,-2469.63,299.774
5799.81,-2471.43,301.618
5804.02,-2473.23,303.453
5808.24,-2475.03,305.29
5812.45,-2476.83,307.125
5816.67,-2478.63,308.961
5820.88,-2480.43,310.796
5825.09,-2482.23,312.632
5829.34,-2484.03,314.482
5833.55,-2485.83,316.312
5837.77,-2487.63,318.143
5841.98,-2489.43,319.971
5846.2,-2491.23,321.799
5850.42,-2493.03,323.641
5854.63,-2494.83,325.48
5858.85,-2496.64,327.321
5863.06,-2498.44,329.168
5867.28,-2500.24,331.017
5871.49,-2502.04,332.864
5875.7,-2503.84,334.711
5879.92,-2505.64,336.559
5884.13,-2507.44,338.406
5888.35,-2509.24,340.254
5892.56,-2511.04,342.116
5896.8,-2512.84,343.991
5901.02,-2514.64,345.853
5905.23,-2516.44,347.715
5909.45,-2518.24,349.608
5913.66,-2520.04,351.498
5917.88,-2521.84,353.39
5922.09,-2523.64,355.308
5926.33,-2525.44,357.238
5930.55,-2527.24,359.153
5934.77,-2529.04,358.914
5938.98,-2530.84,356.998
5943.2,-2532.64,355.08
5947.41,-2534.44,353.16
5951.63,-2536.24,351.243
5955.84,-2538.04,349.325
5960.06,-2539.84,347.405
5964.27,-2541.64,345.487
5968.49,-2543.44,343.578
5972.7,-2545.24,341.672
5976.92,-2547.04,339.764
5981.13,-2548.84,337.858
5985.34,-2550.64,335.964
5989.56,-2552.44,334.069
5993.77,-2554.24,332.176
5997.99,-2556.04,330.303
6002.2,-2557.84,328.432
6006.48,-2559.64,326.53
6010.7,-2561.44,324.66
6014.91,-2563.24,322.816
6019.12,-2565.04,320.97
6023.4,-2566.84,319.099
6027.65,-2568.64,317.24
6031.86,-2570.44,315.633
6036.08,-2572.24,314.026
6040.3,-2574.04,312.416
6044.51,-2575.84,310.718
6048.73,-2577.64,309.016
6052.94,-2579.44,307.317
6057.16,-2581.24,305.568
6061.37,-2583.04,303.821
6065.59,-2584.84,302.073
6069.8,-2586.64,300.325
6074.02,-2588.44,298.63
6078.24,-2590.24,296.935
6082.45,-2592.04,295.24
6086.67,-2593.84,293.545
6090.88,-2595.64,291.835
6095.09,-2597.44,290.125
6099.34,-2599.24,288.402
6103.55,-2601.04,286.53
6107.77,-2602.84,284.657
6111.98,-2604.64,282.787
6116.2,-2606.44,280.916
6120.41,-2608.24,279.082
6124.63,-2610.04,277.249
6128.87,-2611.84,275.401
6133.09,-2613.64,273.634
6137.31,-2615.44,271.867
6141.52,-2617.24,270.102
6145.73,-2619.04,268.336
6149.95,-2620.84,266.615
6154.16,-2622.64,264.896
6158.38,-2624.44,263.175
6162.59,-2626.24,261.701
6166.81,-2628.04,260.224
6171.02,-2629.84,258.751
6175.24,-2631.64,257.276
6179.45,-2633.44,255.822
6183.67,-2635.24,254.37
6187.89,-2637.04,252.915
6192.1,-2638.84,251.143
6196.31,-2640.64,249.37
6200.56,-2642.44,247.585
6204.77,-2644.24,245.812
6208.99,-2646.04,243.881
6213.2,-2647.84,241.954
6217.42,-2649.64,240.024
6221.64,-2651.44,238.091
6225.89,-2653.24,236.218
6230.1,-2655.04,234.355
6234.32,-2656.84,232.493
6238.54,-2658.64,230.816
6242.75,-2660.44,229.141
6246.97,-2662.24,227.465
6251.18,-2664.04,225.79
6255.4,-2665.84,223.927
6259.62,-2667.64,222.063
6263.83,-2669.44,220.2
6268.05,-2671.24,218.325
6272.27,-2673.04,216.452
6276.49,-2674.84,214.577
6280.7,-2676.64,212.705
6284.91,-2678.44,210.921
6289.13,-2680.24,209.135
6293.34,-2682.04,207.351
6297.56,-2683.84,205.59
6301.79,-2685.64,203.82
6306.01,-2687.44,202.06
6310.23,-2689.24,200.299
6314.44,-2691.04,198.475
6318.65,-2692.84,196.649
6322.87,-2694.64,194.823
6327.12,-2696.44,192.983
6331.33,-2698.24,191.129
6335.55,-2700.04,189.275
6339.76,-2701.84,187.419
6343.98,-2703.64,185.608
6348.19,-2705.44,183.794
6352.41,-2707.24,181.982
6356.63,-2709.04,180.169
6360.84,-2710.84,178.39
6365.05,-2712.64,176.609
6369.27,-2714.44,174.828
6373.48,-2716.24,173.044
6377.7,-2718.04,171.259
6381.91,-2719.84,169.476
6386.12,-2721.64,167.692
6390.34,-2723.44,165.902
6394.55,-2725.24,164.114
6398.77,-2727.04,162.324
6403,-2728.84,160.51
6407.22,-2730.64,158.703
6411.43,-2732.44,156.9
6415.65,-2734.24,155.096
6419.86,-2736.04,153.305
6424.08,-2737.84,151.514
6428.32,-2739.64,149.711
6432.54,-2741.44,147.921
6436.8,-2743.24,146.113
6441.01,-2745.04,144.324
6445.22,-2746.84,142.534
6449.44,-2748.64,140.729
6453.66,-2750.44,138.925
6457.87,-2752.24,137.12
6462.08,-2754.04,135.317
6466.3,-2755.84,133.476
6470.51,-2757.64,131.632
6474.73,-2759.44,129.789
6478.94,-2761.24,127.933
6483.16,-2763.04,126.08
6487.37,-2764.84,124.224
6491.58,-2766.64,122.372
6495.8,-2768.44,120.546
6500.01,-2770.24,118.718
6504.25,-2772.04,116.882
6508.47,-2773.84,115.064
6512.68,-2775.64,113.248
6516.9,-2777.44,111.431
6521.11,-2779.24,109.617
6525.32,-2781.04,107.784
6529.57,-2782.84,105.936
6533.78,-2784.64,104.103
6538,-2786.44,102.3
6542.21,-2788.24,100.499
6546.47,-2790.04,98.6808
6550.68,-2791.84,96.8803
6554.89,-2793.64,95.0908
6559.11,-2795.44,93.2997
6563.35,-2797.24,91.5042
6567.69,-2799.04,89.6582
6571.96,-2800.84,87.8235
6576.18,-2802.64,86.0143
6580.4,-2804.44,84.2041
6584.62,-2806.24,82.4284
6588.83,-2808.04,80.6513
6593.04,-2809.84,78.8758
6597.26,-2811.64,77.099
6601.48,-2813.44,75.2738
6605.69,-2815.24,73.4485
6609.91,-2817.04,71.6216
6614.12,-2818.84,69.7842
6618.34,-2820.64,67.9455
6622.55,-2822.44,66.1079
6626.8,-2824.24,64.2545
6631.02,-2826.04,62.4372
6635.23,-2827.84,60.6198
6639.45,-2829.64,58.8009
6643.66,-2831.44,57.0127
6647.88,-2833.24,55.224
6652.09,-2835.04,53.437
6656.3,-2836.84,51.6497
6660.52,-2838.64,49.829
6664.73,-2840.44,48.0095
6668.95,-2842.24,46.1885
6673.16,-2844.04,44.3601
6677.38,-2845.84,42.5302
6681.59,-2847.64,40.7034
6685.8,-2849.44,38.8755
6690.02,-2851.24,37.0764
6694.23,-2853.04,35.2792
6698.45,-2854.84,33.4804
6702.69,-2856.64,31.6708
6706.91,-2858.44,29.9082
6711.12,-2860.24,28.1486
6715.34,-2862.04,26.388
6719.55,-2863.84,24.533
6723.77,-2865.65,22.6795
6728.02,-2867.45,20.8109
6732.26,-2869.25,18.9581
6736.48,-2871.05,17.0837
6740.69,-2872.85,15.2242
6744.9,-2874.65,13.3644
6749.12,-2876.45,11.5243
6753.33,-2878.25,9.68637
6757.55,-2880.05,7.84942
6761.75,-2881.85,6.01752
6765.96,-2883.65,4.22774
6770.18,-2885.45,2.45497
6774.39,-2887.25,0.835557
6778.61,-2889.05,1.35217
6782.82,-2890.85,3.04837
6787.03,-2892.65,4.8071
6791.24,-2894.45,6.57519
6795.45,-2896.25,8.38108
6799.67,-2898.05,10.1906
6803.9,-2899.85,12.0106
6808.12,-2901.65,13.789
6812.34,-2903.45,15.5659
6816.55,-2905.25,17.3443
6820.76,-2907.05,19.1207
6824.98,-2908.85,20.885
6829.23,-2910.65,22.6629
6833.44,-2912.45,24.4307
6837.66,-2914.25,26.1972
6841.87,-2916.05,28.0218
6846.08,-2917.85,29.8466
6850.3,-2919.65,31.6743
6854.51,-2921.45,33.5042
6858.73,-2923.25,35.3355
6862.94,-2925.05,37.1653
6867.16,-2926.85,38.9968
6871.37,-2928.65,40.7648
6875.58,-2930.45,42.5335
6879.8,-2932.25,44.3038
6884.02,-2934.05,45.863
6888.23,-2935.85,47.4236
6892.45,-2937.65,48.9835
6896.67,-2939.45,50.5445
6900.88,-2941.25,52.3015
6905.11,-2943.05,54.0694
6909.33,-2944.85,55.8289
6913.54,-2946.65,57.5578
6917.76,-2948.45,59.2889
6921.97,-2950.25,61.0177
6926.19,-2952.05,62.7475
6930.43,-2953.85,64.6314
6934.65,-2955.65,66.5017
6938.87,-2957.45,68.3733
6943.08,-2959.25,70.2208
6947.3,-2961.05,72.0699
6951.51,-2962.85,73.9172
6955.73,-2964.65,75.7656
6959.95,-2966.45,77.5124
6964.16,-2968.25,79.2565
6968.38,-2970.05,81.0026
6972.59,-2971.85,82.7464
6976.81,-2973.65,84.5323
6981.02,-2975.45,86.3155
6985.24,-2977.25,88.1006
6989.45,-2979.05,89.9155
6993.67,-2980.85,91.7286
6997.88,-2982.65,93.5437
7002.1,-2984.45,95.3563
7006.33,-2986.25,97.0777
7010.55,-2988.05,98.7913
7014.84,-2989.85,100.532
7019.06,-2991.65,102.366
7023.28,-2993.45,104.198
7027.52,-2995.25,106.042
7031.74,-2997.05,107.872
7035.95,-2998.85,109.858
7040.17,-3000.65,111.846
7044.38,-3002.45,113.834
7048.6,-3004.25,115.64
7052.81,-3006.05,117.444
7057.03,-3007.85,119.248
7061.24,-3009.65,121.051
7065.45,-3011.45,122.952
7069.67,-3013.25,124.854
7073.88,-3015.05,126.755
7078.1,-3016.85,128.363
7082.31,-3018.65,129.971
7086.53,-3020.45,131.578
7090.74,-3022.25,133.185
7094.95,-3024.05,135.007
7099.17,-3025.85,136.831
7103.38,-3027.65,138.653
7107.62,-3029.45,140.488
7111.83,-3031.25,142.341
7116.05,-3033.05,144.196
7120.26,-3034.85,146.052
7124.48,-3036.65,147.83
7128.73,-3038.45,149.621
7132.94,-3040.25,151.4
7137.23,-3042.05,153.206
7141.44,-3043.85,154.959
7145.65,-3045.65,156.711
7149.87,-3047.45,158.465
7154.08,-3049.25,160.386
7158.3,-3051.05,162.31
7162.51,-3052.85,164.231
7166.73,-3054.65,166.154
7170.94,-3056.45,167.938
7175.15,-3058.25,169.721
7179.36,-3060.05,171.507
7183.58,-3061.85,173.334
7187.79,-3063.65,175.164
7192,-3065.45,176.991
7196.21,-3067.25,178.818
7200.43,-3069.05,180.681
7204.64,-3070.85,182.541
7208.88,-3072.65,184.416
7213.1,-3074.45,186.214
7217.31,-3076.25,188.014
7221.52,-3078.05,189.811
7225.74,-3079.85,191.609
7229.98,-3081.65,193.33
7234.2,-3083.45,195.039
7238.42,-3085.25,196.748
7242.63,-3087.05,198.456
7246.85,-3088.85,200.203
7251.06,-3090.65,201.947
7255.27,-3092.45,203.692
7259.49,-3094.25,205.546
7263.7,-3096.05,207.398
7267.92,-3097.85,209.253
7272.13,-3099.65,211.105
7276.34,-3101.45,212.98
7280.56,-3103.25,214.858
7284.77,-3105.05,216.734
7288.99,-3106.85,218.55
7293.2,-3108.65,220.365
7297.42,-3110.45,222.182
7301.63,-3112.25,223.996
7305.84,-3114.05,225.764
7310.08,-3115.85,227.543
7314.3,-3117.65,229.31
7318.51,-3119.45,231.081
7322.73,-3121.25,232.907
7326.95,-3123.05,234.738
7331.19,-3124.85,236.576
7335.4,-3126.65,238.421
7339.62,-3128.45,240.266
7343.83,-3130.25,242.111
7348.05,-3132.05,243.956
7352.27,-3133.85,245.766
7356.49,-3135.65,247.575
7360.7,-3137.45,249.381
7364.91,-3139.25,251.135
7369.13,-3141.05,252.891
7373.34,-3142.85,254.645
7377.56,-3144.65,256.4
7381.77,-3146.45,258.255
7385.98,-3148.25,260.11
7390.2,-3150.05,261.967
7394.41,-3151.85,263.786
7398.63,-3153.65,265.609
7402.84,-3155.45,267.43
7407.06,-3157.25,269.252
7411.3,-3159.05,271.126
7415.51,-3160.85,272.992
7419.73,-3162.65,274.859
7423.94,-3164.45,276.699
7428.19,-3166.25,278.552
7432.41,-3168.05,280.393
7436.63,-3169.85,282.233
7440.84,-3171.65,284.02
7445.05,-3173.45,285.807
7449.27,-3175.25,287.596
7453.48,-3177.05,289.434
7457.7,-3178.85,291.274
7461.91,-3180.65,293.111
7466.12,-3182.45,294.949
7470.34,-3184.25,296.818
7474.55,-3186.05,298.685
7478.77,-3187.85,300.553
7482.98,-3189.65,302.42
7487.2,-3191.45,304.229
7491.41,-3193.25,306.036
7495.62,-3195.05,307.843
7499.84,-3196.85,309.631
7504.05,-3198.65,311.418
7508.27,-3200.45,313.205
7512.48,-3202.25,314.991
7516.7,-3204.05,316.74
7520.91,-3205.85,318.487
7525.12,-3207.65,320.235
7529.38,-3209.45,322.046
7533.62,-3211.25,323.852
7537.84,-3213.05,325.649
7542.05,-3214.85,327.442
7546.27,-3216.65,329.294
7550.48,-3218.45,331.15
7554.7,-3220.25,333.003
7558.91,-3222.05,334.855
7563.13,-3223.85,336.703
7567.34,-3225.65,338.553
7571.55,-3227.45,340.401
7575.77,-3229.25,342.178
7579.98,-3231.05,343.959
7584.2,-3232.85,345.737
7588.41,-3234.66,347.534
7592.63,-3236.46,349.329
7596.84,-3238.26,351.124
7601.05,-3240.06,352.918
7605.27,-3241.86,354.768
7609.48,-3243.66,356.62
7613.73,-3245.46,358.48
7617.95,-3247.26,359.621
7622.17,-3249.06,357.777
7626.43,-3250.86,355.883
7630.68,-3252.66,353.993
7634.9,-3254.46,352.219
7639.11,-3256.26,350.441
7643.33,-3258.06,348.666
7647.54,-3259.86,346.89
7651.76,-3261.66,345.113
7655.97,-3263.46,343.336
7660.19,-3265.26,341.557
7664.4,-3267.06,339.733
7668.62,-3268.86,337.908
7672.83,-3270.66,336.086
7677.05,-3272.46,334.261
7681.26,-3274.26,332.412
7685.47,-3276.06,330.563
7689.69,-3277.86,328.711
7693.9,-3279.66,326.854
7698.12,-3281.46,324.993
7702.33,-3283.26,323.136
7706.55,-3285.06,321.276
7710.76,-3286.86,319.479
7715,-3288.66,317.671
7719.21,-3290.46,315.872
7723.43,-3292.26,314.334
7727.65,-3294.06,312.792
7731.89,-3295.86,311.243
7736.1,-3297.66,309.703
7740.32,-3299.46,308.054
7744.53,-3301.26,306.405
7748.75,-3303.06,304.756
7752.96,-3304.86,303.109
7757.18,-3306.66,301.319
7761.39,-3308.46,299.531
7765.6,-3310.26,297.743
7769.82,-3312.06,295.915
7774.03,-3313.86,294.089
7778.25,-3315.66,292.26
7782.46,-3317.46,290.434
7786.68,-3319.26,288.507
7790.89,-3321.06,286.582
7795.1,-3322.86,284.657
7799.32,-3324.66,282.784
7803.54,-3326.46,280.912
7807.75,-3328.26,279.039
7811.96,-3330.06,277.167
7816.2,-3331.86,275.351
7820.42,-3333.66,273.543
7824.64,-3335.46,271.735
7828.89,-3337.26,269.915
7833.15,-3339.06,268.117
7837.37,-3340.86,266.338
7841.58,-3342.66,264.561
7845.79,-3344.46,262.824
7850.01,-3346.26,261.085
7854.22,-3348.06,259.348
7858.44,-3349.86,257.572
7862.65,-3351.66,255.798
7866.87,-3353.46,254.021
7871.08,-3355.26,252.248
7875.29,-3357.06,250.398
7879.51,-3358.86,248.546
7883.72,-3360.66,246.697
7887.94,-3362.46,244.846
7892.15,-3364.26,243.045
7896.36,-3366.06,241.242
7900.58,-3367.86,239.439
7904.79,-3369.66,237.613
7909.01,-3371.46,235.784
7913.22,-3373.26,233.958
7917.46,-3375.06,232.119
7921.67,-3376.86,230.43
7925.89,-3378.66,228.739
7930.14,-3380.46,227.036
7934.36,-3382.26,225.238
7938.58,-3384.06,223.442
7942.79,-3385.86,221.647
7947.01,-3387.66,219.851
7951.22,-3389.46,217.956
7955.43,-3391.26,216.06
7959.65,-3393.06,214.163
7963.86,-3394.86,212.267
7968.08,-3396.66,210.427
7972.3,-3398.46,208.587
7976.51,-3400.26,206.747
7980.72,-3402.06,204.971
7984.93,-3403.86,203.195
7989.15,-3405.66,201.416
7993.36,-3407.46,199.511
7997.58,-3409.26,197.604
8001.79,-3411.06,195.7
8006,-3412.86,193.795
8010.22,-3414.66,192.058
8014.43,-3416.46,190.322
8018.67,-3418.26,188.574
8022.89,-3420.06,186.837
8027.1,-3421.86,185.05
8031.34,-3423.66,183.254
8035.55,-3425.46,181.468
8039.77,-3427.26,179.673
8043.98,-3429.06,177.88
8048.2,-3430.86,176.085
8052.41,-3432.66,174.292
8056.63,-3434.46,172.574
8060.84,-3436.26,170.859
8065.08,-3438.06,169.136
8069.42,-3439.86,167.365
8073.63,-3441.66,165.539
8077.85,-3443.46,163.713
8082.06,-3445.26,161.89
8086.27,-3447.06,160.044
8090.49,-3448.86,158.194
8094.71,-3450.66,156.345
8098.92,-3452.46,154.496
8103.14,-3454.26,152.648
8107.35,-3456.06,150.797
8111.57,-3457.86,148.949
8115.78,-3459.66,147.205
8120.03,-3461.46,145.446
8124.25,-3463.26,143.702
8128.47,-3465.06,141.955
8132.71,-3466.86,140.189
8136.93,-3468.66,138.433
8141.14,-3470.46,136.681
8145.35,-3472.26,134.952
8149.57,-3474.06,133.22
8153.78,-3475.86,131.491
8158,-3477.66,129.76
8162.22,-3479.46,127.898
8166.48,-3481.26,126.016
8170.69,-3483.06,124.154
8174.9,-3484.86,122.352
8179.12,-3486.66,120.548
8183.33,-3488.46,118.745
8187.55,-3490.26,116.941
8191.76,-3492.06,115.135
8195.97,-3493.86,113.329
8200.19,-3495.66,111.521
8204.4,-3497.46,109.715
8208.62,-3499.26,107.889
8212.83,-3501.06,106.064
8217.04,-3502.86,104.238
8221.28,-3504.66,102.388
8225.5,-3506.46,100.545
8229.75,-3508.26,98.6903
8233.96,-3510.06,96.8588
8238.18,-3511.86,95.0252
8242.4,-3513.66,93.1949
8246.61,-3515.46,91.3622
8250.83,-3517.26,89.5415
8255.04,-3519.06,87.7209
8259.26,-3520.86,85.8985
8263.47,-3522.66,84.0779
8267.69,-3524.46,82.2839
8271.9,-3526.26,80.492
8276.12,-3528.06,78.6985
8280.33,-3529.86,76.9099
8284.55,-3531.66,75.1238
8288.77,-3533.46,73.3348
8292.98,-3535.26,71.5483
8297.2,-3537.06,69.7278
8301.41,-3538.86,67.9107
8305.62,-3540.66,66.0932
8309.84,-3542.46,64.3222
8314.05,-3544.26,62.5517
8318.26,-3546.06,60.7799
8322.48,-3547.86,59.0103
8326.7,-3549.66,57.2095
8330.94,-3551.46,55.3992
8335.16,-3553.26,53.6002
8339.38,-3555.06,51.7794
8343.59,-3556.86,49.9604
8347.81,-3558.66,48.1392
8352.02,-3560.46,46.3211
8356.23,-3562.26,44.5025
8360.45,-3564.06,42.683
8364.67,-3565.86,40.864
8368.88,-3567.66,39.0429
8373.1,-3569.46,37.2089
8377.31,-3571.26,35.373
8381.52,-3573.06,33.54
8385.74,-3574.86,31.7261
8389.95,-3576.66,29.9106
8394.17,-3578.46,28.0974
8398.38,-3580.26,26.2819
8402.6,-3582.06,24.4281
8406.81,-3583.86,22.5718
8411.02,-3585.66,20.7192
8415.24,-3587.46,18.9149
8419.45,-3589.26,17.1085
8423.69,-3591.06,15.2942
8427.91,-3592.86,13.4883
8432.15,-3594.66,11.7561
8436.37,-3596.46,10.0385
8440.58,-3598.26,8.32218
8444.79,-3600.06,6.59814
