4.29343,-1.8,0.0791294
8.99962,-3.6,0.0791294
13.3236,-5.4,0.0791294
17.5685,-7.2,0.0791294
21.7787,-9,0.0791294
25.9881,-10.8,1.02487
30.2021,-12.6,2.04556
34.4455,-14.4,3.07318
38.6618,-16.2,4.80986
42.8702,-18,6.54427
47.0787,-19.8,8.2781
51.2938,-21.6,10.0149
55.5062,-23.4,11.9231
59.7232,-25.2,13.8334
63.9351,-27,15.7415
68.1523,-28.8,17.6636
72.3639,-30.6,19.5832
76.5762,-32.4,21.5031
80.7921,-34.2,23.4248
85.0045,-36,25.3335
89.2215,-37.8,27.2444
93.4349,-39.6,29.1534
97.6526,-41.4,31.0763
101.863,-43.2,32.9957
106.075,-45,34.916
110.294,-46.8,36.8394
114.536,-48.6,38.6431
118.757,-50.4,40.4375
122.97,-52.2,42.2288
127.184,-54,44.0208
131.402,-55.8,45.6269
135.641,-57.6,47.241
139.859,-59.4,48.8472
144.074,-61.2,50.5172
148.291,-63,52.1891
152.502,-64.8,53.858
156.715,-66.6,55.5277
160.932,-68.4,57.2452
165.151,-70.2,58.9629
169.368,-72,60.6805
173.582,-73.8,62.4461
177.798,-75.6,64.2132
182.009,-77.4,65.9778
186.221,-79.2,67.7425
190.437,-81,69.6029
194.649,-82.8,71.461
198.864,-84.6,73.3214
203.08,-86.4,75.1657
207.295,-88.2,77.0097
211.567,-90,78.8789
215.808,-91.8,80.7347
220.028,-93.6,82.5375
224.242,-95.4,84.3378
228.458,-97.2,86.1392
232.67,-99,87.8877
236.911,-100.8,89.6486
241.128,-102.6,91.4008
245.339,-104.4,93.1496
249.556,-106.2,94.728
253.769,-108,96.3052
257.985,-109.8,97.8832
262.195,-111.6,99.4593
266.406,-113.4,101.234
270.622,-115.2,103.01
274.833,-117,104.785
279.048,-118.8,106.657
283.26,-120.6,108.527
287.475,-122.4,110.399
291.684,-124.2,112.268
295.895,-126,114.103
300.11,-127.8,115.941
304.322,-129.6,117.776
308.536,-131.4,119.672
312.75,-133.2,121.567
316.992,-135,123.476
321.211,-136.8,125.374
325.425,-138.6,127.002
329.641,-140.4,128.631
333.854,-142.2,130.259
338.096,-144,131.898
342.309,-145.8,133.725
346.522,-147.6,135.552
350.739,-149.4,137.381
354.952,-151.2,139.215
359.171,-153,141.051
363.383,-154.8,142.885
367.602,-156.6,144.686
371.813,-158.4,146.483
376.027,-160.2,148.281
380.244,-162,150.081
384.457,-163.8,151.887
388.669,-165.6,153.692
392.873,-167.4,155.495
397.084,-169.2,157.3
401.301,-171,159.159
405.512,-172.8,161.014
409.784,-174.6,162.897
414.024,-176.4,164.753
418.242,-178.2,166.599
422.452,-180,168.441
426.663,-181.8,170.284
430.879,-183.6,172.091
435.09,-185.4,173.895
439.33,-187.2,175.712
443.542,-189,177.512
447.758,-190.8,179.315
451.968,-192.6,181.114
456.179,-194.4,182.915
460.394,-196.2,184.693
464.606,-198,186.469
468.822,-199.8,188.247
473.031,-201.6,190.039
477.28,-203.4,191.848
481.49,-205.2,193.64
485.702,-207,195.433
489.917,-208.8,197.208
494.128,-210.6,198.981
498.342,-212.4,200.756
502.551,-214.2,202.56
506.761,-216,204.366
518.612,-217.8,209.403
522.859,-219.6,211.212
527.074,-221.4,213.006
531.291,-223.2,214.8
535.506,-225,216.028
539.757,-226.8,217.267
543.972,-228.6,218.495
548.19,-230.4,220.109
552.4,-232.2,221.72
556.613,-234,223.333
560.831,-235.8,224.947
565.044,-237.6,226.835
569.261,-239.4,228.726
573.474,-241.2,230.614
577.692,-243,232.504
581.903,-244.8,234.319
586.116,-246.6,236.134
590.332,-248.4,237.95
594.545,-250.2,239.709
598.763,-252,241.471
602.975,-253.8,243.231
607.186,-255.6,245.088
611.406,-257.4,246.948
615.648,-259.2,248.818
619.868,-261,250.679
624.081,-262.8,252.522
628.298,-264.6,254.366
632.509,-266.4,256.208
636.72,-268.2,258.05
640.936,-270,259.878
645.154,-271.8,261.706
649.372,-273.6,263.534
653.585,-275.4,265.309
657.8,-277.2,267.086
662.011,-279,268.86
666.222,-280.8,270.635
670.439,-282.6,272.425
674.651,-284.4,274.214
678.869,-286.2,276.004
683.087,-288,277.864
687.304,-289.8,279.725
691.515,-291.6,281.582
695.727,-293.4,283.44
699.946,-295.2,285.241
704.159,-297,287.04
708.374,-298.8,288.839
712.588,-300.6,290.638
716.829,-302.4,292.389
721.047,-304.2,294.131
725.26,-306,295.87
729.478,-307.8,297.632
733.692,-309.6,299.393
737.91,-311.4,301.156
742.147,-313.2,302.926
746.362,-315,304.772
750.581,-316.8,306.62
754.794,-318.6,308.465
759.012,-320.4,310.322
763.224,-322.2,312.176
767.441,-324,314.033
771.652,-325.8,315.887
775.865,-327.6,317.713
780.082,-329.4,319.541
784.296,-331.2,321.366
788.512,-333,323.182
792.724,-334.8,324.995
796.983,-336.6,326.829
801.2,-338.4,328.644
805.412,-340.2,330.464
809.628,-342,332.284
813.843,-343.8,334.105
818.089,-345.6,335.949
822.302,-347.4,337.779
826.516,-349.2,339.609
830.734,-351,341.44
834.949,-352.8,343.268
839.169,-354.6,345.098
843.407,-356.4,346.935
847.626,-358.2,348.763
851.838,-360,350.611
856.052,-361.8,352.457
860.27,-363.6,354.301
864.483,-365.4,356.161
868.7,-367.2,357.98
872.912,-369,359.279
877.125,-370.8,357.989
881.342,-372.6,356.145
885.555,-374.4,354.259
889.772,-376.199,352.36
893.985,-377.999,350.431
898.203,-379.799,348.498
902.415,-381.599,346.566
906.627,-383.399,344.634
910.847,-385.199,342.702
915.089,-386.999,340.759
919.309,-388.799,338.826
923.523,-390.599,336.89
927.74,-392.399,334.952
931.952,-394.199,333.017
936.166,-395.999,331.08
940.383,-397.799,329.166
944.622,-399.599,327.242
948.842,-401.399,325.328
953.086,-403.199,323.487
957.307,-404.999,321.627
961.52,-406.799,319.786
965.732,-408.599,317.942
969.952,-410.399,316.387
974.166,-412.199,314.833
978.384,-413.999,313.278
982.596,-415.799,311.725
986.81,-417.599,310.115
991.026,-419.399,308.504
995.238,-421.199,306.894
999.455,-422.999,305.254
1003.67,-424.799,303.616
1007.88,-426.599,301.976
1012.1,-428.399,300.337
1016.34,-430.199,298.667
1020.56,-431.999,297.005
1024.77,-433.799,295.346
1028.99,-435.599,293.585
1033.2,-437.399,291.827
1037.42,-439.199,290.067
1041.63,-440.999,288.309
1045.87,-442.799,286.497
1050.09,-444.599,284.695
1054.3,-446.399,282.895
1058.52,-448.199,281.093
1062.73,-449.999,279.299
1066.95,-451.799,277.505
1071.16,-453.599,275.708
1075.38,-455.399,273.934
1079.6,-457.199,272.158
1083.81,-458.999,270.385
1088.03,-460.799,268.669
1092.24,-462.599,266.955
1096.45,-464.399,265.24
1100.67,-466.199,263.524
1104.88,-467.999,261.925
1109.1,-469.799,260.324
1113.31,-471.599,258.723
1117.56,-473.399,257.11
1121.8,-475.199,255.389
1126.12,-476.999,253.628
1130.42,-478.799,251.878
1134.63,-480.599,250.067
1138.85,-482.399,248.255
1143.1,-484.199,246.432
1147.36,-485.999,244.602
1151.57,-487.799,242.766
1155.79,-489.599,240.931
1160.01,-491.399,239.094
1164.22,-493.199,237.188
1168.44,-494.999,235.28
1172.65,-496.799,233.374
1176.86,-498.599,231.468
1181.08,-500.399,229.769
1185.29,-502.199,228.072
1189.51,-503.999,226.374
1193.72,-505.799,224.544
1197.94,-507.599,222.712
1202.15,-509.399,220.883
1206.36,-511.199,219.054
1210.58,-512.999,217.264
1214.8,-514.799,215.474
1219.04,-516.599,213.67
1223.26,-518.399,211.853
1227.48,-520.199,210.034
1231.69,-521.999,208.219
1235.91,-523.799,206.402
1240.12,-525.599,204.597
1244.34,-527.398,202.793
1248.59,-529.198,200.976
1252.8,-530.998,199.173
1257.01,-532.798,197.377
1261.23,-534.598,195.58
1265.44,-536.398,193.785
1269.66,-538.198,191.985
1273.87,-539.998,190.188
1278.09,-541.798,188.388
1282.3,-543.598,186.591
1286.51,-545.398,184.771
1290.73,-547.198,182.948
1294.94,-548.998,181.128
1299.16,-550.798,179.295
1303.37,-552.598,177.465
1307.59,-554.398,175.632
1311.8,-556.198,173.801
1316.04,-557.998,171.973
1320.26,-559.798,170.154
1324.47,-561.598,168.338
1328.69,-563.398,166.535
1332.9,-565.198,164.734
1337.11,-566.998,162.933
1341.33,-568.798,161.13
1345.54,-570.598,159.335
1349.79,-572.398,157.527
1354,-574.198,155.731
1358.22,-575.998,153.934
1362.43,-577.798,152.138
1366.65,-579.598,150.341
1370.86,-581.398,148.542
1375.08,-583.198,146.732
1379.3,-584.998,144.921
1383.51,-586.798,143.113
1387.73,-588.598,141.302
1391.94,-590.398,139.481
1396.15,-592.198,137.66
1400.37,-593.998,135.838
1404.58,-595.798,134.03
1408.8,-597.598,132.221
1413.01,-599.398,130.414
1417.29,-601.198,128.577
1421.5,-602.998,126.754
1425.72,-604.798,124.93
1429.93,-606.598,123.105
1434.15,-608.398,121.263
1438.36,-610.198,119.419
1442.58,-611.998,117.578
1446.79,-613.798,115.737
1451.01,-615.598,113.893
1455.22,-617.398,112.049
1459.44,-619.198,110.205
1463.65,-620.998,108.364
1467.87,-622.798,106.554
1472.08,-624.598,104.747
1476.29,-626.398,102.939
1480.51,-628.198,101.158
1484.72,-629.998,99.3791
1488.94,-631.798,97.5979
1493.16,-633.598,95.7964
1497.38,-635.398,93.9942
1501.65,-637.198,92.169
1505.87,-638.998,90.369
1510.08,-640.798,88.5693
1514.3,-642.598,86.7701
1518.54,-644.398,84.9578
1522.76,-646.198,83.159
1526.97,-647.998,81.357
1531.19,-649.798,79.553
1535.41,-651.598,77.7514
1539.63,-653.398,75.9324
1543.84,-655.198,74.1163
1548.06,-656.998,72.298
1552.3,-658.798,70.471
1556.52,-660.598,68.6473
1560.73,-662.398,66.8226
1564.95,-664.198,65.0001
1569.17,-665.998,63.1689
1573.38,-667.798,61.3392
1577.6,-669.598,59.5075
1581.81,-671.398,57.6793
1586.02,-673.198,55.8407
1590.24,-674.997,54.001
1594.45,-676.797,52.1631
1598.67,-678.597,50.3228
1602.89,-680.397,48.5103
1607.1,-682.197,46.6981
1611.32,-683.997,44.8847
1615.53,-685.797,43.0922
1619.78,-687.597,41.2879
1623.99,-689.397,39.4965
1628.21,-691.197,37.7043
1632.42,-692.997,35.9101
1636.64,-694.797,34.1156
1640.85,-696.597,32.3193
1645.07,-698.397,30.5149
1649.29,-700.197,28.7086
1653.53,-701.997,26.8938
1657.74,-703.797,25.0883
1661.96,-705.597,23.2816
1666.17,-707.397,21.4757
1670.39,-709.197,19.6681
1674.6,-710.997,17.8518
1678.82,-712.797,16.0356
1683.03,-714.597,14.2238
1687.29,-716.397,12.3933
1691.51,-718.197,10.5714
1695.72,-719.997,8.75773
1699.93,-721.797,6.95793
1704.14,-723.597,5.15464
1708.36,-725.397,3.42836
1712.57,-727.197,1.99598
1716.81,-728.997,1.80964
1721.02,-730.797,3.10788
1725.23,-732.597,4.80481
1729.45,-734.397,6.60229
1733.66,-736.197,8.43438
1737.87,-737.997,10.2909
1742.08,-739.797,12.1548
1746.3,-741.597,14.0246
1750.51,-743.397,15.9012
1754.75,-745.197,17.7899
1758.97,-746.997,19.6714
1763.19,-748.797,21.5501
1767.4,-750.597,23.4321
1771.61,-752.397,25.3109
1775.83,-754.197,27.1914
1780.04,-755.997,29.0746
1784.26,-757.797,30.9567
1788.47,-759.597,32.8408
1792.69,-761.397,34.7226
1796.9,-763.197,36.6099
1801.12,-764.997,38.4985
1805.33,-766.797,40.3853
1809.55,-768.597,42.0588
1813.76,-770.397,43.7332
1818.01,-772.197,45.4211
1822.22,-773.997,47.0964
1826.44,-775.797,48.6817
1830.65,-777.597,50.2684
1834.87,-779.397,51.8532
1839.08,-781.197,53.5604
1843.3,-782.997,55.2661
1847.52,-784.797,56.974
1851.73,-786.597,58.6798
1855.94,-788.397,60.4047
1860.16,-790.197,62.1312
1864.37,-791.997,63.8565
1868.59,-793.797,65.5835
1872.8,-795.597,67.3615
1877.01,-797.397,69.1401
1881.23,-799.197,70.9208
1885.44,-800.997,72.7551
1889.66,-802.797,74.5916
1893.87,-804.597,76.4261
1898.09,-806.397,78.2622
1902.3,-808.197,80.0727
1906.52,-809.997,81.8828
1910.73,-811.797,83.6953
1914.95,-813.597,85.4855
1919.19,-815.397,87.2889
1923.41,-817.197,89.0796
1927.63,-818.997,90.8718
1931.84,-820.797,92.6298
1936.05,-822.596,94.389
1940.27,-824.396,96.1494
1944.48,-826.196,97.9081
1948.7,-827.996,99.5338
1952.91,-829.796,101.157
1957.15,-831.596,102.791
1961.37,-833.396,104.516
1965.58,-835.196,106.24
1969.8,-836.996,107.964
1974.01,-838.796,109.816
1978.22,-840.596,111.669
1982.44,-842.396,113.52
1986.65,-844.196,115.371
1990.87,-845.996,117.255
1995.08,-847.796,119.138
1999.3,-849.596,121.022
2003.51,-851.396,122.904
2007.73,-853.196,124.789
2011.94,-854.996,126.671
2016.15,-856.796,128.555
2020.4,-858.596,130.233
2024.61,-860.396,131.899
2028.83,-862.196,133.566
2033.04,-863.996,135.231
2037.3,-865.796,137.055
2041.51,-867.596,138.863
2045.72,-869.396,140.672
2049.94,-871.196,142.499
2054.15,-872.996,144.323
2058.4,-874.796,146.162
2062.61,-876.596,147.986
2066.83,-878.396,149.78
2071.04,-880.196,151.576
2075.26,-881.996,153.369
2079.48,-883.796,155.164
2083.69,-885.596,156.971
2087.91,-887.396,158.778
2092.12,-889.196,160.582
2096.33,-890.996,162.389
2100.55,-892.796,164.199
2104.76,-894.596,166.006
2108.98,-896.396,167.834
2113.19,-898.196,169.663
2117.44,-899.996,171.504
2121.65,-901.796,173.332
2125.86,-903.596,175.163
2130.08,-905.396,176.995
2134.3,-907.196,178.825
2138.51,-908.996,180.656
2142.72,-910.796,182.467
2146.94,-912.596,184.277
2151.15,-914.396,186.09
2155.37,-916.196,187.878
2159.61,-917.996,189.679
2163.82,-919.796,191.467
2168.04,-921.596,193.258
2172.25,-923.396,195.038
2176.47,-925.196,196.819
2180.68,-926.996,198.601
2184.9,-928.796,200.396
2189.11,-930.596,202.192
2193.33,-932.396,203.986
2197.59,-934.196,205.801
2201.8,-935.996,207.601
2206.01,-937.796,209.402
2210.23,-939.596,211.204
2214.44,-941.396,213.005
2218.69,-943.196,214.831
2222.91,-944.996,216.643
2227.12,-946.796,218.454
2231.34,-948.596,220.262
2235.55,-950.396,222.068
2239.77,-952.196,223.876
2243.99,-953.996,225.675
2248.2,-955.796,227.476
2252.41,-957.596,229.273
2256.63,-959.396,231.072
2260.87,-961.196,232.952
2265.09,-962.996,234.818
2269.31,-964.796,236.686
2273.52,-966.596,238.552
2277.74,-968.396,240.356
2281.95,-970.195,242.159
2286.17,-971.995,243.961
2290.39,-973.795,245.778
2294.6,-975.595,247.593
2298.82,-977.395,249.41
2303.03,-979.195,251.224
2307.29,-980.995,253.037
2311.5,-982.795,254.831
2315.71,-984.595,256.627
2319.96,-986.395,258.442
2324.18,-988.195,260.246
2328.39,-989.995,262.05
2332.61,-991.795,263.851
2336.82,-993.595,265.668
2341.04,-995.395,267.487
2345.25,-997.195,269.304
2349.47,-998.995,271.123
2353.68,-1000.8,272.933
2357.9,-1002.6,274.745
2362.14,-1004.4,276.565
2366.35,-1006.2,278.398
2370.57,-1008,280.232
2374.79,-1009.8,282.064
2379.01,-1011.6,283.897
2383.22,-1013.4,285.727
2387.44,-1015.2,287.559
2391.65,-1017,289.388
2395.86,-1018.8,291.203
2400.08,-1020.6,293.018
2404.29,-1022.4,294.832
2408.51,-1024.2,296.647
2412.72,-1026,298.458
2416.93,-1027.8,300.271
2421.18,-1029.6,302.097
2425.39,-1031.4,303.922
2429.61,-1033.2,305.749
2433.82,-1035,307.573
2438.04,-1036.8,309.399
2442.25,-1038.6,311.198
2446.46,-1040.4,312.997
2450.68,-1042.2,314.798
2454.89,-1044,316.581
2459.11,-1045.8,318.366
2463.35,-1047.6,320.16
2467.57,-1049.4,321.946
2471.78,-1051.2,323.753
2476,-1053,325.56
2480.22,-1054.8,327.37
2484.43,-1056.6,329.176
2488.65,-1058.4,330.991
2492.86,-1060.2,332.802
2497.08,-1062,334.614
2501.29,-1063.8,336.437
2505.51,-1065.6,338.256
2509.72,-1067.4,340.076
2513.94,-1069.2,341.923
2518.18,-1071,343.781
2522.4,-1072.8,345.623
2526.61,-1074.6,347.462
2530.83,-1076.4,349.33
2535.04,-1078.2,351.187
2539.26,-1080,353.031
2543.47,-1081.8,354.841
2547.69,-1083.6,356.585
2551.9,-1085.4,358.014
2556.12,-1087.2,358.146
2560.34,-1089,356.807
2564.57,-1090.8,355.067
2568.79,-1092.6,353.238
2573,-1094.4,351.377
2577.28,-1096.2,349.474
2581.5,-1098,347.586
2585.71,-1099.8,345.697
2589.93,-1101.6,343.799
2594.14,-1103.4,341.901
2598.36,-1105.2,340
2602.57,-1107,338.1
2606.78,-1108.8,336.233
2611,-1110.6,334.362
2615.22,-1112.4,332.49
2619.47,-1114.2,330.605
2623.72,-1116,328.751
2628.06,-1117.8,326.844
2632.27,-1119.6,324.995
2636.49,-1121.4,323.175
2640.7,-1123.2,321.353
2644.92,-1125,319.532
2649.14,-1126.8,317.71
2653.35,-1128.6,315.999
2657.57,-1130.4,314.287
2661.78,-1132.2,312.576
2666,-1134,311.013
2670.22,-1135.8,309.447
2674.43,-1137.6,307.883
2678.65,-1139.4,306.317
2682.86,-1141.2,304.641
2687.07,-1143,302.965
2691.29,-1144.8,301.288
2695.51,-1146.6,299.618
2699.72,-1148.4,297.946
2703.94,-1150.2,296.276
2708.16,-1152,294.604
2712.37,-1153.8,292.916
2716.58,-1155.6,291.227
2720.83,-1157.4,289.525
2725.05,-1159.2,287.699
2729.27,-1161,285.872
2733.48,-1162.8,284.046
2737.7,-1164.6,282.22
2741.91,-1166.4,280.418
2746.13,-1168.2,278.617
2750.34,-1170,276.813
2754.56,-1171.8,275.011
2758.78,-1173.6,273.211
2762.99,-1175.4,271.413
2767.24,-1177.2,269.601
2771.45,-1179,267.804
2775.67,-1180.8,266.009
2779.89,-1182.6,264.212
2784.1,-1184.4,262.418
2788.32,-1186.2,260.71
2792.53,-1188,259.004
2796.74,-1189.8,257.299
2800.96,-1191.6,255.552
2805.18,-1193.4,253.805
2809.4,-1195.2,252.058
2813.68,-1197,250.284
2817.93,-1198.8,248.408
2822.14,-1200.6,246.546
2826.36,-1202.4,244.684
2830.58,-1204.2,242.945
2834.79,-1206,241.207
2839.01,-1207.8,239.467
2843.22,-1209.6,237.73
2847.44,-1211.4,235.916
2851.65,-1213.2,234.105
2855.86,-1215,232.294
2860.08,-1216.8,230.594
2864.29,-1218.6,228.897
2868.53,-1220.4,227.188
2872.74,-1222.2,225.491
2876.96,-1224,223.673
2881.17,-1225.8,221.854
2885.39,-1227.6,220.036
2889.6,-1229.4,218.208
2893.82,-1231.2,216.381
2898.04,-1233,214.553
2902.25,-1234.8,212.727
2906.46,-1236.6,210.918
2910.68,-1238.4,209.108
2914.89,-1240.2,207.297
2919.14,-1242,205.474
2923.35,-1243.8,203.638
2927.57,-1245.6,201.802
2931.85,-1247.4,199.939
2936.06,-1249.2,198.1
2940.28,-1251,196.258
2944.49,-1252.8,194.419
2948.71,-1254.6,192.578
2952.92,-1256.4,190.759
2957.13,-1258.2,188.939
2961.35,-1260,187.117
2965.56,-1261.8,185.32
2969.8,-1263.6,183.511
2974.02,-1265.4,181.714
2978.23,-1267.2,179.916
2982.45,-1269,178.149
2986.66,-1270.8,176.382
2990.88,-1272.6,174.613
2995.09,-1274.4,172.845
2999.3,-1276.2,171.053
3003.52,-1278,169.264
3007.73,-1279.8,167.472
3011.94,-1281.6,165.674
3016.16,-1283.4,163.873
3020.4,-1285.2,162.06
3024.62,-1287,160.251
3028.84,-1288.8,158.442
3033.08,-1290.6,156.635
3037.3,-1292.4,154.81
3041.52,-1294.2,152.999
3045.73,-1296,151.186
3049.94,-1297.8,149.372
3054.16,-1299.6,147.56
3058.38,-1301.4,145.726
3062.59,-1303.2,143.895
3066.8,-1305,142.063
3071.04,-1306.8,140.214
3075.26,-1308.6,138.379
3079.47,-1310.4,136.541
3083.68,-1312.2,134.706
3087.9,-1314,132.888
3092.11,-1315.8,131.072
3096.33,-1317.6,129.256
3100.54,-1319.4,127.457
3104.76,-1321.2,125.66
3108.97,-1323,123.861
3113.19,-1324.8,122.064
3117.4,-1326.6,120.28
3121.64,-1328.4,118.486
3125.86,-1330.2,116.703
3130.08,-1332,114.919
3134.29,-1333.8,113.112
3138.51,-1335.6,111.303
3142.72,-1337.4,109.497
3146.93,-1339.2,107.691
3151.15,-1341,105.882
3155.36,-1342.8,104.076
3159.58,-1344.6,102.268
3163.79,-1346.4,100.448
3168.01,-1348.2,98.6273
3172.24,-1350,96.7974
3176.46,-1351.8,94.9839
3180.68,-1353.6,93.1686
3184.89,-1355.4,91.3557
3189.11,-1357.2,89.5411
3193.32,-1359,87.7309
3197.54,-1360.8,85.9185
3201.75,-1362.6,84.1087
3205.96,-1364.4,82.2753
3210.18,-1366.2,80.4396
3214.39,-1368,78.6053
3218.64,-1369.8,76.7578
3222.85,-1371.6,74.9336
3227.07,-1373.4,73.1104
3231.28,-1375.2,71.2855
3235.5,-1377,69.474
3239.71,-1378.8,67.6606
3243.93,-1380.6,65.8492
3248.15,-1382.4,64.0355
3252.36,-1384.2,62.2289
3256.57,-1386.01,60.4208
3260.79,-1387.81,58.6106
3265,-1389.61,56.8029
3269.22,-1391.41,54.998
3273.46,-1393.21,53.1836
3277.68,-1395.01,51.3786
3281.89,-1396.81,49.5824
3286.1,-1398.61,47.7856
3290.32,-1400.41,45.987
3294.53,-1402.21,44.191
3298.75,-1404.01,42.3927
3302.96,-1405.81,40.5974
3307.17,-1407.61,38.8018
3311.39,-1409.41,36.9929
3315.61,-1411.21,35.1851
3319.85,-1413.01,33.3643
3324.07,-1414.81,31.5573
3328.28,-1416.61,29.7381
3332.5,-1418.41,27.921
3336.71,-1420.21,26.1049
3340.93,-1422.01,24.2732
3345.15,-1423.81,22.4418
3349.37,-1425.61,20.611
3353.58,-1427.41,18.7834
3357.8,-1429.21,16.9696
3362.01,-1431.01,15.1599
3366.22,-1432.81,13.3531
3370.44,-1434.61,11.5469
3374.73,-1436.41,9.73729
3378.95,-1438.21,7.92341
3383.16,-1440.01,6.15607
3387.38,-1441.81,4.46163
3391.59,-1443.61,2.88287
3395.8,-1445.41,1.75697
3400.01,-1447.21,2.05815
3404.22,-1449.01,3.43452
3408.44,-1450.81,5.07781
3412.64,-1452.61,6.79403
3416.85,-1454.41,8.53741
3421.1,-1456.21,10.3095
3425.31,-1458.01,12.0778
3429.53,-1459.81,13.8519
3433.74,-1461.61,15.6385
3437.96,-1463.41,17.4307
3442.17,-1465.21,19.2216
3446.38,-1467.01,21.0283
3450.6,-1468.81,22.838
3454.81,-1470.61,24.6461
3459.03,-1472.41,26.4569
3463.24,-1474.21,28.2773
3467.46,-1476.01,30.1
3471.67,-1477.81,31.9199
3475.91,-1479.61,33.757
3480.13,-1481.41,35.5862
3484.34,-1483.21,37.4134
3488.56,-1485.01,39.2416
3492.77,-1486.81,41.039
3496.98,-1488.61,42.8371
3501.2,-1490.41,44.6372
3505.41,-1492.21,46.2761
3509.63,-1494.01,47.9182
3513.84,-1495.81,49.5595
3518.06,-1497.61,51.204
3522.3,-1499.41,53.0009
3526.52,-1501.21,54.7872
3530.74,-1503.01,56.5751
3534.95,-1504.81,58.3605
3539.17,-1506.61,60.18
3543.38,-1508.41,61.9981
3547.6,-1510.21,63.8175
3551.81,-1512.01,65.5654
3556.02,-1513.81,67.3138
3560.24,-1515.61,69.0641
3564.45,-1517.41,70.8128
3568.67,-1519.21,72.6926
3572.88,-1521.01,74.5703
3577.13,-1522.81,76.4609
3581.35,-1524.61,78.3013
3585.56,-1526.41,80.1385
3589.78,-1528.21,81.9774
3593.99,-1530.01,83.8153
3598.21,-1531.81,85.6068
3602.43,-1533.61,87.3966
3606.64,-1535.41,89.1865
3610.86,-1537.21,90.9861
3615.07,-1539.01,92.7835
3619.32,-1540.81,94.5938
3623.53,-1542.61,96.3924
3627.75,-1544.41,98.077
3631.96,-1546.21,99.7593
3636.18,-1548.01,101.442
3640.39,-1549.81,103.254
3644.65,-1551.61,105.081
3648.87,-1553.41,106.893
3653.08,-1555.21,108.705
3657.3,-1557.01,110.541
3661.51,-1558.81,112.376
3665.73,-1560.61,114.21
3669.94,-1562.41,116.047
3674.16,-1564.21,117.787
3678.4,-1566.01,119.541
3682.62,-1567.81,121.28
3686.83,-1569.61,123.046
3691.05,-1571.41,124.813
3695.26,-1573.21,126.578
3699.48,-1575.01,128.345
3703.69,-1576.81,130.144
3707.91,-1578.61,131.946
3712.12,-1580.41,133.745
3716.33,-1582.21,135.547
3720.58,-1584.01,137.363
3724.79,-1585.81,139.165
3729.01,-1587.61,140.969
3733.22,-1589.41,142.8
3737.44,-1591.21,144.635
3741.66,-1593.01,146.466
3745.87,-1594.81,148.289
3750.09,-1596.61,150.114
3754.3,-1598.41,151.937
3758.52,-1600.21,153.762
3762.73,-1602.01,155.588
3766.94,-1603.81,157.416
3771.16,-1605.61,159.245
3775.38,-1607.41,161.064
3779.62,-1609.21,162.895
3783.83,-1611.01,164.715
3788.05,-1612.81,166.536
3792.26,-1614.61,168.317
3796.47,-1616.41,170.098
3800.69,-1618.21,171.881
3804.9,-1620.01,173.662
3809.12,-1621.81,175.444
3813.33,-1623.61,177.224
3817.55,-1625.41,179.007
3821.79,-1627.21,180.811
3826,-1629.01,182.605
3830.22,-1630.81,184.4
3834.43,-1632.61,186.193
3838.65,-1634.41,187.986
3842.86,-1636.21,189.777
3847.07,-1638.01,191.568
3851.29,-1639.81,193.384
3855.5,-1641.61,195.199
3859.72,-1643.41,197.016
3863.93,-1645.21,198.831
3868.15,-1647.01,200.656
3872.36,-1648.81,202.478
3876.57,-1650.61,204.301
3880.82,-1652.41,206.137
3885.03,-1654.21,207.967
3889.25,-1656.01,209.798
3893.46,-1657.81,211.627
3897.68,-1659.61,213.431
3901.89,-1661.41,215.232
3906.11,-1663.21,217.033
3910.32,-1665.01,218.843
3914.54,-1666.81,220.65
3918.76,-1668.61,222.46
3923,-1670.41,224.28
3927.25,-1672.21,226.072
3931.47,-1674.01,227.851
3935.68,-1675.81,229.629
3939.9,-1677.61,231.408
3944.12,-1679.41,233.191
3948.33,-1681.21,234.975
3952.55,-1683.01,236.757
3956.76,-1684.81,238.576
3960.98,-1686.61,240.397
3965.19,-1688.41,242.217
3969.41,-1690.21,244.037
3973.63,-1692.01,245.858
3977.84,-1693.81,247.68
3982.08,-1695.61,249.511
3986.3,-1697.41,251.32
3990.51,-1699.21,253.131
3994.73,-1701.01,254.94
3998.95,-1702.81,256.75
4003.17,-1704.61,258.559
4007.54,-1706.41,260.427
4011.95,-1708.21,262.321
4016.34,-1710.01,264.204
4020.97,-1711.81,266.206
4025.49,-1713.61,268.162
4029.97,-1715.41,270.1
4034.32,-1717.21,271.838
4038.65,-1719.01,273.573
4042.86,-1720.81,275.258
4047.08,-1722.61,276.971
4051.3,-1724.41,278.685
4055.51,-1726.21,280.398
4059.73,-1728.01,282.112
4063.95,-1729.81,283.956
4068.17,-1731.61,285.801
4072.38,-1733.41,287.645
4076.6,-1735.21,289.423
4080.85,-1737.01,291.217
4085.07,-1738.81,292.995
4089.29,-1740.61,294.776
4093.5,-1742.41,296.56
4097.72,-1744.21,298.345
4101.93,-1746.01,300.128
4106.14,-1747.81,301.93
4110.36,-1749.61,303.735
4114.58,-1751.41,305.537
4118.93,-1753.21,307.398
4123.19,-1755.02,309.217
4127.53,-1756.82,311.076
4131.81,-1758.62,312.909
4136.03,-1760.42,314.714
4140.25,-1762.22,316.492
4144.47,-1764.02,318.267
4148.69,-1765.82,320.044
4152.9,-1767.62,321.879
4157.11,-1769.42,323.714
4161.33,-1771.22,325.55
4165.54,-1773.02,327.372
4169.76,-1774.82,329.195
4173.98,-1776.62,331.016
4178.2,-1778.42,332.838
4182.41,-1780.22,334.619
4186.62,-1782.02,336.4
4190.84,-1783.82,338.183
4195.06,-1785.62,339.963
4199.28,-1787.42,341.754
4203.49,-1789.22,343.542
4207.71,-1791.02,345.33
4211.92,-1792.82,347.106
4216.13,-1794.62,348.88
4220.36,-1796.42,350.654
4224.6,-1798.22,352.432
4228.82,-1800.02,354.189
4233.04,-1801.82,355.913
4237.3,-1803.62,357.56
4241.51,-1805.42,358.683
4245.73,-1807.22,357.999
4249.95,-1809.02,356.427
4254.16,-1810.82,354.707
4258.38,-1812.62,352.927
4262.59,-1814.42,351.133
4266.8,-1816.22,349.33
4271.02,-1818.02,347.519
4275.24,-1819.82,345.689
4279.46,-1821.62,343.854
4283.7,-1823.42,342.007
4287.92,-1825.22,340.194
4292.13,-1827.02,338.382
4296.35,-1828.82,336.569
4300.56,-1830.62,334.754
4304.78,-1832.42,332.948
4309,-1834.22,331.139
4313.21,-1836.02,329.332
4317.43,-1837.82,327.538
4321.68,-1839.62,325.735
4325.89,-1841.42,323.943
4330.11,-1843.22,322.15
4334.33,-1845.02,320.362
4338.55,-1846.82,318.573
4342.76,-1848.62,316.787
4347.04,-1850.42,315.026
4351.26,-1852.22,313.29
4355.47,-1854.02,311.554
4359.69,-1855.82,309.817
4363.9,-1857.62,308.056
4368.12,-1859.42,306.293
4372.34,-1861.22,304.532
4376.55,-1863.02,302.711
4380.77,-1864.82,300.889
4385.01,-1866.62,299.056
4389.23,-1868.42,297.232
4393.45,-1870.22,295.441
4397.67,-1872.02,293.648
4401.88,-1873.82,291.858
4406.09,-1875.62,289.96
4410.31,-1877.42,288.059
4414.52,-1879.22,286.16
4418.75,-1881.02,284.258
4422.99,-1882.82,282.397
4427.23,-1884.62,280.534
4431.45,-1886.42,278.682
4435.67,-1888.22,276.832
4439.89,-1890.02,275.031
4444.1,-1891.82,273.232
4448.32,-1893.62,271.43
4452.53,-1895.42,269.644
4456.75,-1897.22,267.857
4460.96,-1899.02,266.068
4465.18,-1900.82,264.28
4469.4,-1902.62,262.481
4473.62,-1904.42,260.683
4477.83,-1906.22,258.885
4482.05,-1908.02,257.138
4486.26,-1909.82,255.391
4490.48,-1911.62,253.642
4494.69,-1913.42,251.896
4498.91,-1915.22,250.117
4503.13,-1917.02,248.337
4507.35,-1918.82,246.558
4511.56,-1920.62,244.771
4515.78,-1922.42,242.984
4520,-1924.22,241.192
4524.24,-1926.02,239.391
4528.46,-1927.82,237.555
4532.67,-1929.62,235.723
4536.89,-1931.42,233.89
4541.11,-1933.22,232.055
4545.32,-1935.02,230.208
4549.54,-1936.82,228.359
4553.75,-1938.62,226.511
4557.97,-1940.42,224.77
4562.18,-1942.22,223.031
4566.4,-1944.02,221.291
4570.61,-1945.82,219.55
4574.83,-1947.62,217.722
4579.04,-1949.42,215.893
4583.29,-1951.22,214.052
4587.51,-1953.02,212.229
4591.72,-1954.82,210.411
4595.94,-1956.62,208.591
4600.16,-1958.42,206.77
4604.37,-1960.22,204.979
4608.59,-1962.02,203.186
4612.8,-1963.82,201.395
4617.01,-1965.62,199.58
4621.23,-1967.42,197.761
4625.47,-1969.22,195.933
4629.69,-1971.02,194.117
4633.9,-1972.82,192.311
4638.12,-1974.62,190.5
4642.33,-1976.42,188.694
4646.54,-1978.22,186.898
4650.76,-1980.02,185.102
4654.97,-1981.82,183.307
4659.19,-1983.62,181.51
4663.4,-1985.42,179.709
4667.62,-1987.22,177.905
4671.83,-1989.02,176.104
4676.04,-1990.82,174.302
4680.26,-1992.62,172.476
4684.5,-1994.42,170.641
4688.71,-1996.22,168.814
4692.93,-1998.02,166.989
4697.14,-1999.82,165.165
4701.36,-2001.62,163.338
4705.57,-2003.42,161.515
4709.79,-2005.22,159.705
4714,-2007.02,157.897
4718.22,-2008.82,156.087
4722.46,-2010.62,154.277
4726.68,-2012.42,152.477
4730.9,-2014.22,150.676
4735.11,-2016.02,148.878
4739.33,-2017.82,147.096
4743.54,-2019.62,145.316
4747.76,-2021.42,143.535
4751.97,-2023.22,141.733
4756.19,-2025.02,139.931
4760.4,-2026.82,138.126
4764.62,-2028.62,136.325
4768.84,-2030.42,134.614
4773.09,-2032.22,132.906
4777.31,-2034.02,131.178
4781.52,-2035.82,129.47
4785.76,-2037.62,127.614
4789.98,-2039.42,125.764
4794.2,-2041.22,123.918
4798.41,-2043.02,122.131
4802.62,-2044.82,120.347
4806.84,-2046.62,118.562
4811.05,-2048.42,116.776
4815.26,-2050.22,114.96
4819.48,-2052.02,113.141
4823.73,-2053.82,111.313
4827.95,-2055.62,109.466
4832.16,-2057.42,107.622
4836.38,-2059.22,105.778
4840.59,-2061.02,103.932
4844.81,-2062.82,102.116
4849.02,-2064.62,100.299
4853.24,-2066.42,98.4834
4857.46,-2068.22,96.6905
4861.67,-2070.02,94.8999
4865.88,-2071.82,93.1093
4870.1,-2073.62,91.3162
4874.32,-2075.42,89.5243
4878.53,-2077.22,87.7304
4882.74,-2079.02,85.9398
4886.98,-2080.82,84.1251
4891.21,-2082.62,82.3196
4895.42,-2084.42,80.5159
4899.64,-2086.22,78.7109
4903.85,-2088.02,76.9156
4908.07,-2089.82,75.1191
4912.28,-2091.62,73.3253
4916.5,-2093.42,71.5194
4920.72,-2095.22,69.7096
4924.96,-2097.02,67.8907
4929.18,-2098.82,66.0812
4933.39,-2100.62,64.2688
4937.61,-2102.42,62.455
4941.82,-2104.22,60.6439
4946.04,-2106.02,58.8324
4950.25,-2107.82,57.0021
4954.47,-2109.62,55.1736
4958.68,-2111.42,53.3427
4962.9,-2113.22,51.5113
4967.11,-2115.02,49.6787
4971.33,-2116.82,47.8443
4975.54,-2118.62,46.0111
4979.76,-2120.42,44.1848
4983.97,-2122.22,42.3597
4988.22,-2124.02,40.5225
4992.43,-2125.82,38.7257
4996.65,-2127.62,36.9281
5000.86,-2129.43,35.1296
5005.08,-2131.23,33.3328
5009.29,-2133.03,31.5525
5013.51,-2134.83,29.7748
5017.73,-2136.63,27.9957
5021.94,-2138.43,26.2032
5026.18,-2140.23,24.3997
5030.4,-2142.03,22.6063
5034.62,-2143.83,20.8155
5038.83,-2145.63,19.0409
5043.05,-2147.43,17.2701
5047.35,-2149.23,15.4633
5051.56,-2151.03,13.6693
5055.77,-2152.83,11.8787
5059.99,-2154.63,10.09
5064.2,-2156.43,8.30984
5068.42,-2158.23,6.52954
5072.63,-2160.03,4.77638
5076.84,-2161.83,3.09019
5081.06,-2163.63,1.68605
5085.27,-2165.43,1.66079
5089.51,-2167.23,3.08994
5093.72,-2169.03,4.80856
5097.94,-2170.83,6.59351
5102.14,-2172.63,8.39883
5106.35,-2174.43,10.2162
5110.57,-2176.23,12.0427
5114.79,-2178.03,13.8436
5119.01,-2179.83,15.6483
5123.25,-2181.63,17.4635
5127.47,-2183.43,19.2558
5131.69,-2185.23,21.0461
5135.9,-2187.03,22.8372
5140.12,-2188.83,24.6308
5144.33,-2190.63,26.4008
5148.55,-2192.43,28.1727
5152.76,-2194.23,29.9431
5156.98,-2196.03,31.7314
5161.19,-2197.83,33.5219
5165.41,-2199.63,35.311
5169.63,-2201.43,37.1018
5173.84,-2203.23,38.8836
5178.06,-2205.03,40.6669
5182.27,-2206.83,42.4479
5186.49,-2208.63,44.2479
5190.73,-2210.43,46.0594
5194.94,-2212.23,47.8605
5199.16,-2214.03,49.6625
5203.38,-2215.83,51.3664
5207.6,-2217.63,53.0717
5211.81,-2219.43,54.7742
5216.02,-2221.23,56.4773
5220.24,-2223.03,58.3793
5224.48,-2224.83,60.2919
5228.7,-2226.63,62.1944
5232.92,-2228.43,63.969
5237.13,-2230.23,65.7444
5241.35,-2232.03,67.5225
5245.56,-2233.83,69.2985
5249.78,-2235.63,71.1386
5253.99,-2237.43,72.9765
5258.21,-2239.23,74.8165
5262.42,-2241.03,76.7002
5266.64,-2242.83,78.5853
5270.86,-2244.63,80.4723
5275.07,-2246.43,82.3577
5279.29,-2248.23,84.1493
5283.5,-2250.03,85.9396
5287.72,-2251.83,87.7313
5291.93,-2253.63,89.5246
5296.14,-2255.43,91.319
5300.36,-2257.23,93.1147
5304.57,-2259.03,94.9089
5308.79,-2260.83,96.6867
5313,-2262.63,98.4618
5317.25,-2264.43,100.25
5321.47,-2266.23,102.029
5325.72,-2268.03,103.755
5329.94,-2269.83,105.471
5334.15,-2271.63,107.185
5338.37,-2273.43,109.012
5342.59,-2275.23,110.837
5346.8,-2277.03,112.661
5351.01,-2278.83,114.485
5355.22,-2280.63,116.318
5359.44,-2282.43,118.154
5363.66,-2284.23,119.987
5367.87,-2286.03,121.837
5372.09,-2287.83,123.683
5376.3,-2289.63,125.531
5380.52,-2291.43,127.38
5384.73,-2293.23,129.228
5388.95,-2295.03,131.078
5393.19,-2296.83,132.936
5397.41,-2298.63,134.638
5401.62,-2300.43,136.336
5405.83,-2302.23,138.035
5410.05,-2304.03,139.736
5414.27,-2305.83,141.463
5418.48,-2307.63,143.192
5422.7,-2309.43,144.92
5426.94,-2311.23,146.835
5431.16,-2313.03,148.74
5435.37,-2314.83,150.642
5439.59,-2316.63,152.546
5443.81,-2318.43,154.338
5448.03,-2320.23,156.132
5452.24,-2322.03,157.922
5456.45,-2323.83,159.714
5460.67,-2325.63,161.52
5464.88,-2327.43,163.325
5469.1,-2329.23,165.131
5473.31,-2331.03,166.946
5477.53,-2332.83,168.762
5481.74,-2334.63,170.575
5485.95,-2336.43,172.389
5490.17,-2338.23,174.204
5494.38,-2340.03,176.017
5498.6,-2341.83,177.831
5502.81,-2343.63,179.665
5507.02,-2345.43,181.5
5514.93,-2347.23,184.941
5519.17,-2349.03,186.766
5523.41,-2350.83,188.593
5527.63,-2352.63,190.41
5531.85,-2354.43,191.941
5536.06,-2356.23,193.473
5540.28,-2358.03,195.006
5544.49,-2359.83,196.537
5548.71,-2361.63,198.234
5552.92,-2363.43,199.928
5557.14,-2365.23,201.622
5561.35,-2367.03,203.319
5565.57,-2368.83,205.168
5569.78,-2370.63,207.018
5574,-2372.43,208.867
5578.21,-2374.23,210.712
5582.42,-2376.03,212.553
5586.64,-2377.83,214.395
5590.85,-2379.63,216.24
5595.1,-2381.43,218.078
5599.32,-2383.23,219.907
5603.54,-2385.03,221.732
5607.75,-2386.83,223.552
5611.96,-2388.63,225.37
5616.18,-2390.43,227.188
5620.4,-2392.23,229.009
5624.66,-2394.03,230.86
5629.01,-2395.83,232.75
5633.29,-2397.63,234.615
5637.51,-2399.43,236.452
5641.73,-2401.23,238.214
5645.94,-2403.03,239.977
5650.16,-2404.83,241.741
5654.37,-2406.63,243.507
5658.59,-2408.43,245.274
5662.8,-2410.23,247.039
5667.01,-2412.03,248.859
5671.23,-2413.83,250.681
5675.44,-2415.63,252.502
5679.66,-2417.43,254.324
5683.88,-2419.23,256.152
5688.09,-2421.03,257.98
5692.31,-2422.83,259.806
5696.56,-2424.63,261.65
5700.78,-2426.43,263.468
5704.99,-2428.23,265.284
5709.21,-2430.03,267.101
5713.42,-2431.83,268.888
5717.64,-2433.63,270.677
5721.85,-2435.43,272.464
5726.1,-2437.23,274.266
5730.32,-2439.03,276.084
5734.54,-2440.83,277.9
5738.76,-2442.63,279.717
5742.97,-2444.43,281.549
5747.32,-2446.23,283.442
5751.54,-2448.03,285.278
5755.76,-2449.83,287.11
5759.98,-2451.63,288.901
5764.19,-2453.43,290.691
5768.41,-2455.23,292.482
5772.62,-2457.03,294.297
5776.83,-2458.83,296.113
5781.05,-2460.63,297.93
5785.26,-2462.43,299.745
5789.48,-2464.23,301.544
5793.7,-2466.03,303.34
5797.94,-2467.83,305.149
5802.16,-2469.63,306.945
5806.37,-2471.43,308.742
5810.59,-2473.23,310.54
5814.8,-2475.03,312.336
5819.02,-2476.83,314.122
5823.23,-2478.63,315.908
5827.48,-2480.43,317.707
5831.7,-2482.23,319.492
5835.91,-2484.03,321.288
5840.13,-2485.83,323.085
5844.34,-2487.63,324.88
5848.56,-2489.43,326.675
5852.77,-2491.23,328.468
5856.99,-2493.03,330.26
5861.21,-2494.83,332.054
5865.42,-2496.64,333.876
5869.64,-2498.44,335.698
5873.86,-2500.24,337.518
5878.07,-2502.04,339.35
5882.29,-2503.84,341.179
5886.5,-2505.64,343.008
5890.72,-2507.44,344.834
5894.93,-2509.24,346.642
5899.18,-2511.04,348.457
5903.39,-2512.84,350.253
5907.61,-2514.64,352.021
5911.82,-2516.44,353.76
5916.04,-2518.24,355.445
5920.26,-2520.04,356.987
5924.5,-2521.84,358.003
5928.72,-2523.64,357.698
5932.94,-2525.44,356.403
5937.15,-2527.24,354.813
5941.37,-2529.04,353.121
5945.58,-2530.84,351.393
5949.8,-2532.64,349.643
5954.01,-2534.44,347.891
5958.23,-2536.24,346.13
5962.44,-2538.04,344.368
5966.66,-2539.84,342.601
5970.88,-2541.64,340.81
5975.09,-2543.44,339.019
5979.31,-2545.24,337.225
5983.52,-2547.04,335.421
5987.74,-2548.84,333.616
5991.95,-2550.64,331.812
5996.17,-2552.44,330.007
6000.41,-2554.24,328.175
6004.62,-2556.04,326.354
6008.84,-2557.84,324.532
6013.09,-2559.64,322.717
6017.3,-2561.44,320.884
6021.52,-2563.24,319.068
6025.76,-2565.04,317.238
6029.98,-2566.84,315.441
6034.2,-2568.64,313.647
6038.42,-2570.44,311.849
6042.63,-2572.24,310.222
6046.84,-2574.04,308.593
6051.06,-2575.84,306.962
6055.27,-2577.64,305.331
6059.49,-2579.44,303.488
6063.7,-2581.24,301.646
6067.92,-2583.04,299.803
6072.13,-2584.84,297.963
6076.35,-2586.64,296.184
6080.56,-2588.44,294.404
6084.78,-2590.24,292.625
6089,-2592.04,290.851
6093.21,-2593.84,289.079
6097.43,-2595.64,287.305
6101.66,-2597.44,285.523
6105.88,-2599.24,283.649
6110.1,-2601.04,281.774
6114.31,-2602.84,279.901
6118.53,-2604.64,278.093
6122.74,-2606.44,276.287
6126.98,-2608.24,274.469
6131.2,-2610.04,272.659
6135.41,-2611.84,270.87
6139.63,-2613.64,269.079
6143.85,-2615.44,267.29
6148.06,-2617.24,265.473
6152.28,-2619.04,263.657
6156.49,-2620.84,261.841
6160.71,-2622.64,260.024
6164.92,-2624.44,258.322
6169.14,-2626.24,256.618
6173.35,-2628.04,254.916
6177.57,-2629.84,253.108
6181.78,-2631.64,251.304
6186,-2633.44,249.498
6190.22,-2635.24,247.691
6194.43,-2637.04,245.848
6198.65,-2638.84,244.003
6202.89,-2640.64,242.151
6207.1,-2642.44,240.308
6211.32,-2644.24,238.566
6215.53,-2646.04,236.827
6219.75,-2647.84,235.085
6223.97,-2649.64,233.327
6228.21,-2651.44,231.554
6232.43,-2653.24,229.795
6236.64,-2655.04,228.036
6240.86,-2656.84,226.241
6245.07,-2658.64,224.446
6249.29,-2660.44,222.65
6253.51,-2662.24,220.849
6257.72,-2664.04,219.046
6261.93,-2665.84,217.245
6266.15,-2667.64,215.444
6270.37,-2669.44,213.599
6274.58,-2671.24,211.756
6278.8,-2673.04,209.912
6283.01,-2674.84,208.077
6287.26,-2676.64,206.224
6291.48,-2678.44,204.389
6295.69,-2680.24,202.553
6299.91,-2682.04,200.76
6304.15,-2683.84,198.959
6308.36,-2685.64,197.165
6312.58,-2687.44,195.344
6316.79,-2689.24,193.522
6321.01,-2691.04,191.697
6325.25,-2692.84,189.863
6329.48,-2694.64,188.079
6333.69,-2696.44,186.299
6337.91,-2698.24,184.516
6342.12,-2700.04,182.737
6346.34,-2701.84,180.992
6350.56,-2703.64,179.244
6354.77,-2705.44,177.499
6358.99,-2707.24,175.71
6363.2,-2709.04,173.923
6367.42,-2710.84,172.135
6371.63,-2712.64,170.348
6375.85,-2714.44,168.554
6380.07,-2716.24,166.758
6384.28,-2718.04,164.963
6388.49,-2719.84,163.158
6392.7,-2721.64,161.355
6396.91,-2723.44,159.55
6401.13,-2725.24,157.742
6405.37,-2727.04,155.91
6409.58,-2728.84,154.086
6413.8,-2730.64,152.265
6418.01,-2732.44,150.442
6422.23,-2734.24,148.612
6426.47,-2736.04,146.77
6430.69,-2737.84,144.937
6434.91,-2739.64,143.117
6439.12,-2741.44,141.295
6443.34,-2743.24,139.475
6447.59,-2745.04,137.646
6451.81,-2746.84,135.837
6456.02,-2748.64,134.026
6460.24,-2750.44,132.214
6464.45,-2752.24,130.427
6468.67,-2754.04,128.638
6472.88,-2755.84,126.851
6477.09,-2757.64,125.064
6481.31,-2759.44,123.253
6485.52,-2761.24,121.444
6489.74,-2763.04,119.633
6493.96,-2764.84,117.835
6498.17,-2766.64,116.036
6502.38,-2768.44,114.239
6506.62,-2770.24,112.429
6510.84,-2772.04,110.588
6515.06,-2773.84,108.749
6519.27,-2775.64,106.909
6523.49,-2777.44,105.119
6527.74,-2779.24,103.314
6531.95,-2781.04,101.523
6536.16,-2782.84,99.7323
6540.38,-2784.64,97.9327
6544.6,-2786.44,96.1356
6548.81,-2788.24,94.3371
6553.03,-2790.04,92.5406
6557.28,-2791.84,90.6893
6561.49,-2793.64,88.8539
6565.7,-2795.44,87.0176
6569.92,-2797.24,85.1972
6574.13,-2799.04,83.3781
6578.35,-2800.84,81.5574
6582.56,-2802.64,79.7299
6586.78,-2804.44,77.9016
6591,-2806.24,76.071
6595.21,-2808.04,74.2412
6599.43,-2809.84,72.4214
6603.65,-2811.64,70.6033
6607.89,-2813.44,68.7728
6612.1,-2815.24,66.9552
6616.32,-2817.04,65.1365
6620.53,-2818.84,63.317
6624.75,-2820.64,61.4981
6629,-2822.44,59.6898
6633.21,-2824.24,57.8941
6637.43,-2826.04,56.0973
6641.64,-2827.84,54.3031
6645.85,-2829.64,52.5075
6650.07,-2831.44,50.7101
6654.28,-2833.24,48.915
6658.5,-2835.04,47.1011
6662.71,-2836.84,45.2901
6666.92,-2838.64,43.4781
6671.14,-2840.44,41.664
6675.35,-2842.24,39.8572
6679.57,-2844.04,38.0476
6683.78,-2845.84,36.2393
6688,-2847.64,34.4294
6692.21,-2849.44,32.5913
6696.43,-2851.24,30.7523
6700.64,-2853.04,28.912
6704.85,-2854.84,27.088
6709.1,-2856.64,25.2517
6713.31,-2858.44,23.4267
6717.53,-2860.24,21.6091
6721.74,-2862.04,19.7939
6725.98,-2863.84,17.9658
6730.21,-2865.65,16.1482
6734.42,-2867.45,14.36
6738.64,-2869.25,12.5711
6742.85,-2871.05,10.7867
6747.06,-2872.85,9.00369
6751.28,-2874.65,7.22844
6755.49,-2876.45,5.4646
6759.71,-2878.25,3.71945
6763.92,-2880.05,2.04173
