4.33244,-1.8,0.274112
8.83769,-3.6,0.274112
13.0716,-5.4,0.111906
17.3036,-7.2,0.271242
21.5129,-9,0.509756
25.7612,-10.8,0.755884
29.9698,-12.6,2.54206
34.1796,-14.4,4.33291
38.3928,-16.2,6.12483
42.6932,-18,7.91471
46.9081,-19.8,10.1303
51.1195,-21.6,12.2972
55.3312,-23.4,14.4643
59.5495,-25.2,16.5053
63.7617,-27,18.5444
67.9791,-28.8,20.5856
72.191,-30.6,22.6241
76.406,-32.4,24.5904
80.6171,-34.2,26.5551
84.8685,-36,28.5387
89.0882,-37.8,30.4831
93.3008,-39.6,32.4249
97.5177,-41.4,34.3684
101.73,-43.2,36.3098
105.944,-45,38.1279
110.159,-46.8,39.9474
114.383,-48.6,41.7721
118.602,-50.4,43.5954
122.816,-52.2,45.1372
127.034,-54,46.6801
131.244,-55.8,48.2209
135.453,-57.6,49.7928
139.67,-59.4,51.3681
143.882,-61.2,52.9414
148.099,-63,54.4628
152.312,-64.8,55.9831
156.529,-66.6,57.5049
160.739,-68.4,59.0244
164.951,-70.2,60.6199
169.169,-72,62.2173
173.381,-73.8,63.8132
177.598,-75.6,65.4106
181.81,-77.4,67.3183
186.057,-79.2,69.2411
190.268,-81,71.1487
194.48,-82.8,73.1134
198.696,-84.6,75.0804
202.908,-86.4,77.0451
207.122,-88.2,79.0108
211.343,-90,80.8193
215.567,-91.8,82.6305
219.786,-93.6,84.4386
223.999,-95.4,86.2334
228.216,-97.2,88.0297
232.428,-99,89.8237
236.644,-100.8,91.6196
240.854,-102.6,93.2498
245.064,-104.4,94.8813
249.281,-106.2,96.5144
253.49,-108,98.1455
257.706,-109.8,99.7083
261.917,-111.6,101.269
266.131,-113.4,102.832
270.341,-115.2,104.64
274.553,-117,106.449
278.768,-118.8,108.261
282.978,-120.6,110.069
287.191,-122.4,111.738
291.4,-124.2,113.406
295.61,-126,115.074
299.825,-127.8,116.888
304.037,-129.6,118.701
308.251,-131.4,120.516
312.465,-133.2,122.33
316.693,-135,124.225
320.904,-136.8,126.114
325.117,-138.6,128.002
329.335,-140.4,129.734
333.549,-142.2,131.464
337.765,-144,133.196
341.977,-145.8,134.926
346.194,-147.6,136.77
350.405,-149.4,138.612
354.616,-151.2,140.454
358.833,-153,142.26
363.047,-154.8,144.066
367.261,-156.6,145.872
371.471,-158.4,147.676
375.679,-160.2,149.476
379.897,-162,151.279
384.133,-163.8,153.091
388.35,-165.6,154.894
392.563,-167.4,156.719
396.78,-169.2,158.545
400.99,-171,160.367
405.201,-172.8,162.151
409.415,-174.6,163.937
413.634,-176.4,165.725
417.862,-178.2,167.517
422.074,-180,169.299
426.29,-181.8,171.082
430.499,-183.6,172.862
434.711,-185.4,174.665
438.927,-187.2,176.47
443.138,-189,178.272
447.354,-190.8,180.076
451.567,-192.6,181.901
455.783,-194.4,183.726
459.993,-196.2,185.549
464.205,-198,187.373
468.42,-199.8,189.205
472.632,-201.6,191.037
476.847,-203.4,192.869
481.058,-205.2,194.687
485.295,-207,196.516
489.513,-208.8,198.337
493.727,-210.6,200.144
497.943,-212.4,201.952
502.154,-214.2,203.757
506.369,-216,205.563
510.581,-217.8,207.35
514.805,-219.6,209.142
519.023,-221.4,210.931
523.234,-223.2,212.718
527.449,-225,214.517
531.666,-226.8,216.317
535.882,-228.6,218.116
540.093,-230.4,219.907
544.304,-232.2,221.698
548.519,-234,223.49
552.732,-235.8,225.282
556.948,-237.6,227.095
561.16,-239.4,228.907
565.371,-241.2,230.719
569.588,-243,232.529
573.801,-244.8,234.338
578.017,-246.6,236.149
582.23,-248.4,237.958
586.468,-250.2,239.787
590.681,-252,241.605
594.893,-253.8,243.423
599.11,-255.6,245.243
603.323,-257.4,247.088
607.538,-259.2,248.935
611.753,-261,250.782
615.998,-262.8,252.656
620.212,-264.6,254.517
624.425,-266.4,256.378
628.641,-268.2,258.196
632.854,-270,260.012
637.07,-271.8,261.83
641.279,-273.6,263.645
645.491,-275.4,265.434
649.708,-277.2,267.224
653.92,-279,269.013
658.137,-280.8,270.804
662.348,-282.6,272.603
666.565,-284.4,274.404
670.775,-286.2,276.202
674.987,-288,277.998
679.205,-289.8,279.796
683.415,-291.6,281.592
687.655,-293.4,283.399
691.868,-295.2,285.198
696.087,-297,286.999
700.298,-298.8,288.797
704.51,-300.6,290.595
708.723,-302.4,292.402
712.939,-304.2,294.209
717.186,-306,296.03
721.398,-307.8,297.853
725.612,-309.6,299.677
729.829,-311.4,301.502
734.041,-313.2,303.325
738.258,-315,305.171
742.47,-316.8,307.016
746.687,-318.6,308.862
750.899,-320.4,310.703
755.113,-322.2,312.545
759.329,-324,314.389
763.542,-325.8,316.231
767.758,-327.6,318.081
771.971,-329.4,319.929
776.189,-331.2,321.779
780.399,-333,323.621
784.613,-334.8,325.466
788.9,-336.6,327.342
793.113,-338.4,329.186
797.331,-340.2,331.03
801.58,-342,332.871
805.799,-343.8,334.731
810.009,-345.6,336.58
814.224,-347.4,338.432
818.47,-349.2,340.296
822.684,-351,342.146
826.901,-352.8,343.998
831.112,-354.6,345.846
835.325,-356.4,347.692
839.544,-358.2,349.562
843.757,-360,351.425
847.975,-361.8,353.28
852.188,-363.6,355.113
856.403,-365.4,356.904
860.615,-367.2,358.427
864.827,-369,358.411
869.044,-370.8,356.844
873.257,-372.6,355.017
877.473,-374.4,353.134
881.685,-376.199,351.232
885.907,-377.999,349.319
890.143,-379.799,347.393
894.357,-381.599,345.474
898.575,-383.399,343.552
902.787,-385.199,341.617
907.003,-386.999,339.678
911.217,-388.799,337.74
915.459,-390.599,335.796
919.68,-392.399,333.862
923.894,-394.199,331.93
928.11,-395.999,329.997
932.321,-397.799,328.075
936.542,-399.599,326.148
940.758,-401.399,324.223
944.973,-403.199,322.397
949.19,-404.999,320.569
953.402,-406.799,318.744
957.619,-408.599,316.916
961.83,-410.399,315.396
966.047,-412.199,313.874
970.258,-413.999,312.354
974.47,-415.799,310.767
978.688,-417.599,309.178
982.901,-419.399,307.591
987.118,-421.199,306.001
991.354,-422.999,304.364
995.569,-424.799,302.733
999.787,-426.599,301.102
1004,-428.399,299.472
1008.21,-430.199,297.855
1012.43,-431.999,296.238
1016.67,-433.799,294.608
1020.89,-435.599,292.911
1025.1,-437.399,291.214
1029.32,-439.199,289.515
1033.53,-440.999,287.818
1037.75,-442.799,286.031
1041.96,-444.599,284.244
1046.18,-446.399,282.455
1050.39,-448.199,280.681
1054.6,-449.999,278.906
1058.82,-451.799,277.129
1063.04,-453.599,275.355
1067.25,-455.399,273.617
1071.46,-457.199,271.882
1075.68,-458.999,270.146
1079.89,-460.799,268.505
1084.11,-462.599,266.867
1088.32,-464.399,265.226
1092.56,-466.199,263.578
1096.78,-467.999,262.037
1100.99,-469.799,260.498
1105.2,-471.599,258.96
1109.42,-473.399,257.145
1113.64,-475.199,255.329
1117.89,-476.999,253.501
1122.1,-478.799,251.686
1126.32,-480.599,249.856
1130.53,-482.399,248.029
1134.75,-484.199,246.202
1138.96,-485.999,244.322
1143.18,-487.799,242.443
1147.4,-489.599,240.562
1151.61,-491.399,238.682
1155.83,-493.199,236.762
1160.04,-494.999,234.845
1164.25,-496.799,232.927
1168.47,-498.599,231.007
1172.68,-500.399,229.318
1176.9,-502.199,227.627
1181.11,-503.999,225.939
1185.32,-505.799,224.104
1189.54,-507.599,222.268
1193.78,-509.399,220.421
1198,-511.199,218.584
1202.21,-512.999,216.772
1206.43,-514.799,214.958
1210.64,-516.599,213.147
1214.85,-518.399,211.349
1219.1,-520.199,209.536
1223.32,-521.999,207.737
1227.53,-523.799,205.937
1231.75,-525.599,204.143
1235.97,-527.398,202.347
1240.18,-529.198,200.554
1244.39,-530.998,198.76
1248.61,-532.798,196.941
1252.83,-534.598,195.122
1257.04,-536.398,193.302
1261.25,-538.198,191.492
1265.47,-539.998,189.68
1269.68,-541.798,187.867
1273.9,-543.598,186.034
1278.12,-545.398,184.199
1282.33,-547.198,182.367
1286.55,-548.998,180.532
1290.76,-550.798,178.708
1294.99,-552.598,176.871
1299.21,-554.398,175.042
1303.43,-556.198,173.215
1307.64,-557.998,171.403
1311.86,-559.798,169.59
1316.1,-561.598,167.765
1320.32,-563.398,165.965
1324.53,-565.198,164.165
1328.75,-566.998,162.362
1332.96,-568.798,160.562
1337.18,-570.598,158.78
1341.39,-572.398,157.001
1345.6,-574.198,155.221
1349.82,-575.998,153.429
1354.03,-577.798,151.637
1358.25,-579.598,149.845
1362.46,-581.398,148.054
1366.68,-583.198,146.267
1370.89,-584.998,144.483
1375.11,-586.798,142.698
1379.32,-588.598,140.912
1383.54,-590.398,139.125
1387.76,-592.198,137.337
1391.97,-593.998,135.551
1396.21,-595.798,133.701
1400.42,-597.598,131.864
1404.64,-599.398,130.026
1408.86,-601.198,128.185
1413.07,-602.998,126.357
1417.32,-604.798,124.514
1421.53,-606.598,122.687
1425.79,-608.398,120.846
1430,-610.198,119.025
1434.22,-611.998,117.204
1438.43,-613.798,115.381
1442.65,-615.598,113.554
1446.87,-617.398,111.724
1451.08,-619.198,109.897
1455.29,-620.998,108.061
1459.51,-622.798,106.224
1463.73,-624.598,104.387
1467.94,-626.398,102.549
1472.16,-628.198,100.73
1476.37,-629.998,98.9083
1480.59,-631.798,97.0895
1484.8,-633.598,95.2703
1489.02,-635.398,93.4663
1493.29,-637.198,91.6417
1497.69,-638.998,89.7614
1501.99,-640.798,87.9316
1506.23,-642.598,86.1272
1510.44,-644.398,84.3364
1514.66,-646.198,82.5725
1518.91,-647.998,80.7936
1523.13,-649.798,79.0299
1527.35,-651.598,77.2649
1531.56,-653.398,75.447
1535.78,-655.198,73.627
1540,-656.998,71.8107
1544.21,-658.798,69.9922
1548.43,-660.598,68.1592
1552.65,-662.398,66.3277
1556.86,-664.198,64.4944
1561.08,-665.998,62.664
1565.29,-667.798,60.8318
1569.51,-669.598,58.9989
1573.73,-671.398,57.1652
1577.95,-673.198,55.3266
1582.16,-674.997,53.489
1586.38,-676.797,51.6505
1590.59,-678.597,49.8181
1594.81,-680.397,47.9849
1599.06,-682.197,46.1366
1603.27,-683.997,44.3041
1607.49,-685.797,42.4872
1611.71,-687.597,40.6718
1615.95,-689.397,38.8422
1620.17,-691.197,37.0276
1624.38,-692.997,35.2057
1628.6,-694.797,33.3828
1632.82,-696.597,31.562
1637.03,-698.397,29.7443
1641.25,-700.197,27.9284
1645.46,-701.997,26.1122
1649.68,-703.797,24.2701
1653.89,-705.597,22.4308
1658.11,-707.397,20.5902
1662.32,-709.197,18.753
1666.54,-710.997,16.903
1670.75,-712.797,15.0572
1674.97,-714.597,13.2139
1679.2,-716.397,11.3639
1683.42,-718.197,9.50253
1687.63,-719.997,7.65031
1691.84,-721.797,5.81973
1696.06,-723.597,4.0224
1700.29,-725.397,2.37161
1704.51,-727.197,1.51798
1708.72,-728.997,2.47877
1712.93,-730.797,4.14716
1717.18,-732.597,5.97036
1721.39,-734.397,7.82233
1725.6,-736.197,9.69204
1729.82,-737.997,11.5733
1734.03,-739.797,13.4594
1738.25,-741.597,15.351
1742.46,-743.397,17.2364
1746.68,-745.197,19.1272
1750.89,-746.997,21.0156
1755.11,-748.797,22.9063
1759.33,-750.597,24.8001
1763.54,-752.397,26.6916
1767.76,-754.197,28.5861
1771.97,-755.997,30.4607
1776.19,-757.797,32.3385
1780.4,-759.597,34.2136
1784.61,-761.397,36.0894
1788.83,-763.197,37.9624
1793.04,-764.997,39.8347
1797.26,-766.797,41.7086
1801.5,-768.597,43.3393
1805.76,-770.397,44.9797
1809.97,-772.197,46.6033
1814.19,-773.997,48.2278
1818.44,-775.797,49.7989
1822.66,-777.597,51.3585
1826.88,-779.397,52.9188
1831.09,-781.197,54.5263
1835.31,-782.997,56.1345
1839.53,-784.797,57.7439
1843.74,-786.597,59.3521
1847.96,-788.397,60.9492
1852.18,-790.197,62.5457
1856.4,-791.997,64.1434
1860.61,-793.797,65.8501
1864.82,-795.597,67.5576
1869.05,-797.397,69.2672
1873.26,-799.197,70.9751
1877.48,-800.997,72.8113
1881.69,-802.797,74.6466
1885.91,-804.597,76.4835
1890.12,-806.397,78.331
1894.34,-808.197,80.1782
1898.55,-809.997,82.0255
1902.76,-811.797,83.8721
1906.98,-813.597,85.6811
1911.19,-815.397,87.4879
1915.41,-817.197,89.2961
1919.66,-818.997,91.118
1923.87,-820.797,92.8746
1928.1,-822.596,94.6328
1932.31,-824.396,96.3892
1936.53,-826.196,97.9737
1940.74,-827.996,99.5568
1944.96,-829.796,101.14
1949.18,-831.596,102.725
1953.39,-833.396,104.478
1957.61,-835.196,106.235
1961.83,-836.996,107.988
1966.05,-838.796,109.852
1970.26,-840.596,111.712
1974.47,-842.396,113.572
1978.69,-844.196,115.432
1982.9,-845.996,117.261
1987.12,-847.796,119.095
1991.33,-849.596,120.926
1995.55,-851.396,122.807
1999.77,-853.196,124.69
2004.01,-854.996,126.583
2008.22,-856.796,128.465
2012.44,-858.596,130.123
2016.69,-860.396,131.793
2020.9,-862.196,133.451
2025.11,-863.996,135.306
2029.33,-865.796,137.163
2033.55,-867.596,139.018
2037.76,-869.396,140.875
2041.98,-871.196,142.713
2046.2,-872.996,144.553
2050.41,-874.796,146.39
2054.62,-876.596,148.227
2058.84,-878.396,150.035
2063.05,-880.196,151.842
2067.27,-881.996,153.651
2071.48,-883.796,155.455
2075.72,-885.596,157.272
2079.94,-887.396,159.079
2084.15,-889.196,160.885
2088.37,-890.996,162.728
2092.58,-892.796,164.571
2096.8,-894.596,166.415
2101.01,-896.396,168.258
2105.25,-898.196,170.113
2109.47,-899.996,171.96
2113.69,-901.796,173.807
2117.93,-903.596,175.631
2122.15,-905.396,177.441
2126.37,-907.196,179.253
2130.58,-908.996,181.047
2134.79,-910.796,182.841
2139.01,-912.596,184.637
2143.22,-914.396,186.431
2147.44,-916.196,188.215
2151.65,-917.996,190
2155.87,-919.796,191.784
2160.08,-921.596,193.567
2164.3,-923.396,195.349
2168.51,-925.196,197.134
2172.73,-926.996,198.917
2176.94,-928.796,200.695
2181.16,-930.596,202.47
2185.37,-932.396,204.246
2189.65,-934.196,206.048
2193.86,-935.996,207.843
2198.08,-937.796,209.638
2202.29,-939.596,211.432
2206.54,-941.396,213.247
2210.75,-943.196,215.049
2214.96,-944.996,216.851
2219.21,-946.796,218.666
2223.43,-948.596,220.493
2227.65,-950.396,222.321
2231.86,-952.196,224.146
2236.08,-953.996,225.973
2240.29,-955.796,227.798
2244.5,-957.596,229.623
2248.72,-959.396,231.45
2252.93,-961.196,233.28
2257.15,-962.996,235.111
2261.36,-964.796,236.94
2265.57,-966.596,238.769
2269.79,-968.396,240.587
2274,-970.195,242.403
2278.22,-971.995,244.22
2282.43,-973.795,246.031
2286.65,-975.595,247.844
2290.86,-977.395,249.655
2295.08,-979.195,251.477
2299.29,-980.995,253.3
2303.51,-982.795,255.122
2307.76,-984.595,256.962
2313.48,-986.395,259.415
2317.73,-988.195,261.24
2321.95,-989.995,263.049
2326.17,-991.795,264.747
2330.38,-993.595,266.442
2334.59,-995.395,268.136
2338.81,-997.195,269.833
2343.03,-998.995,271.625
2347.24,-1000.8,273.419
2351.46,-1002.6,275.21
2355.67,-1004.4,277.035
2359.89,-1006.2,278.862
2364.1,-1008,280.688
2368.32,-1009.8,282.515
2372.53,-1011.6,284.337
2376.75,-1013.4,286.159
2380.96,-1015.2,287.979
2385.17,-1017,289.8
2389.39,-1018.8,291.626
2393.6,-1020.6,293.451
2397.82,-1022.4,295.277
2402.04,-1024.2,297.096
2406.28,-1026,298.927
2410.5,-1027.8,300.744
2414.71,-1029.6,302.562
2418.96,-1031.4,304.389
2423.17,-1033.2,306.202
2427.39,-1035,308.017
2431.61,-1036.8,309.823
2435.83,-1038.6,311.629
2440.04,-1040.4,313.432
2444.25,-1042.2,315.236
2448.47,-1044,317.049
2452.68,-1045.8,318.86
2456.9,-1047.6,320.672
2461.11,-1049.4,322.502
2465.32,-1051.2,324.332
2469.54,-1053,326.163
2473.76,-1054.8,327.993
2477.97,-1056.6,329.842
2482.19,-1058.4,331.69
2486.41,-1060.2,333.539
2490.62,-1062,335.384
2494.83,-1063.8,337.268
2499.05,-1065.6,339.154
2503.26,-1067.4,341.037
2507.5,-1069.2,342.942
2511.71,-1071,344.833
2515.93,-1072.8,346.726
2520.17,-1074.6,348.625
2524.39,-1076.4,350.522
2528.61,-1078.2,352.414
2532.82,-1080,354.289
2537.04,-1081.8,356.14
2541.25,-1083.6,357.875
2545.46,-1085.4,358.805
2549.68,-1087.2,357.623
2553.89,-1089,355.848
2558.11,-1090.8,353.98
2562.32,-1092.6,352.089
2566.54,-1094.4,350.174
2570.75,-1096.2,348.256
2574.97,-1098,346.333
2579.18,-1099.8,344.407
2583.4,-1101.6,342.476
2587.61,-1103.4,340.543
2591.83,-1105.2,338.611
2596.04,-1107,336.66
2600.26,-1108.8,334.711
2604.47,-1110.6,332.761
2608.71,-1112.4,330.798
2612.92,-1114.2,328.851
2617.14,-1116,326.902
2621.38,-1117.8,324.943
2625.6,-1119.6,322.996
2629.81,-1121.4,321.04
2634.03,-1123.2,319.087
2638.24,-1125,317.132
2642.46,-1126.8,315.423
2646.67,-1128.6,313.711
2650.88,-1130.4,312.001
2655.1,-1132.2,310.29
2659.31,-1134,308.649
2663.53,-1135.8,307.009
2667.75,-1137.6,305.368
2671.96,-1139.4,303.669
2676.18,-1141.2,301.969
2680.39,-1143,300.27
2684.6,-1144.8,298.571
2688.82,-1146.6,296.891
2693.03,-1148.4,295.213
2697.25,-1150.2,293.533
2701.46,-1152,291.791
2705.67,-1153.8,290.049
2709.91,-1155.6,288.294
2714.13,-1157.4,286.55
2718.38,-1159.2,284.72
2722.59,-1161,282.903
2726.81,-1162.8,281.085
2731.02,-1164.6,279.264
2735.23,-1166.4,277.442
2739.45,-1168.2,275.619
2743.66,-1170,273.797
2747.88,-1171.8,271.998
2752.1,-1173.6,270.202
2756.32,-1175.4,268.404
2760.53,-1177.2,266.608
2764.74,-1179,264.864
2768.96,-1180.8,263.116
2773.17,-1182.6,261.371
2777.39,-1184.4,259.802
2781.6,-1186.2,258.233
2785.82,-1188,256.663
2790.03,-1189.8,255.096
2794.25,-1191.6,253.559
2798.47,-1193.4,252.02
2802.68,-1195.2,250.482
2806.9,-1197,248.925
2811.13,-1198.8,247.361
2815.35,-1200.6,245.805
2819.6,-1202.4,244.238
2823.81,-1204.2,242.69
2828.03,-1206,241.14
2832.25,-1207.8,239.592
2836.46,-1209.6,237.868
2840.67,-1211.4,236.148
2844.89,-1213.2,234.427
2849.1,-1215,232.704
2853.32,-1216.8,230.908
2857.53,-1218.6,229.109
2861.74,-1220.4,227.313
2865.96,-1222.2,225.498
2870.17,-1224,223.685
2874.38,-1225.8,221.872
2878.6,-1227.6,220.057
2882.81,-1229.4,218.227
2887.03,-1231.2,216.395
2891.24,-1233,214.567
2895.45,-1234.8,212.737
2899.67,-1236.6,210.924
2903.88,-1238.4,209.111
2908.1,-1240.2,207.297
2912.34,-1242,205.476
2916.56,-1243.8,203.663
2920.8,-1245.6,201.843
2925.04,-1247.4,200.02
2929.26,-1249.2,198.182
2933.47,-1251,196.347
2937.69,-1252.8,194.509
2941.9,-1254.6,192.692
2946.12,-1256.4,190.873
2950.33,-1258.2,189.057
2954.54,-1260,187.239
2958.76,-1261.8,185.454
2962.97,-1263.6,183.668
2967.19,-1265.4,181.882
2971.4,-1267.2,180.098
2975.61,-1269,178.313
2979.83,-1270.8,176.526
2984.04,-1272.6,174.741
2988.26,-1274.4,172.958
2992.47,-1276.2,171.176
2996.73,-1278,169.38
3001.05,-1279.8,167.521
3005.27,-1281.6,165.709
3009.49,-1283.4,163.899
3013.74,-1285.2,162.075
3017.96,-1287,160.282
3022.2,-1288.8,158.479
3026.42,-1290.6,156.687
3030.64,-1292.4,154.897
3034.85,-1294.2,153.073
3039.07,-1296,151.247
3043.28,-1297.8,149.423
3047.5,-1299.6,147.608
3051.71,-1301.4,145.795
3055.93,-1303.2,143.98
3060.14,-1305,142.169
3064.35,-1306.8,140.363
3068.57,-1308.6,138.557
3072.78,-1310.4,136.753
3077,-1312.2,134.958
3081.21,-1314,133.165
3085.43,-1315.8,131.372
3089.64,-1317.6,129.577
3093.86,-1319.4,127.804
3098.07,-1321.2,126.03
3102.28,-1323,124.258
3106.5,-1324.8,122.461
3110.71,-1326.6,120.666
3114.92,-1328.4,118.87
3119.18,-1330.2,117.058
3123.39,-1332,115.243
3127.61,-1333.8,113.428
3131.82,-1335.6,111.614
3136.04,-1337.4,109.776
3140.25,-1339.2,107.94
3144.46,-1341,106.105
3148.68,-1342.8,104.266
3152.89,-1344.6,102.44
3157.11,-1346.4,100.612
3161.32,-1348.2,98.787
3165.53,-1350,96.9606
3169.75,-1351.8,95.1351
3173.96,-1353.6,93.3111
3178.18,-1355.4,91.4852
3182.39,-1357.2,89.6609
3186.61,-1359,87.8347
3190.82,-1360.8,86.0112
3195.03,-1362.6,84.1876
3199.25,-1364.4,82.361
3203.46,-1366.2,80.5362
3207.68,-1368,78.7101
3211.89,-1369.8,76.8889
3216.14,-1371.6,75.0535
3220.38,-1373.4,73.2194
3224.59,-1375.2,71.3966
3228.81,-1377,69.5874
3233.03,-1378.8,67.7809
3237.24,-1380.6,65.9724
3241.46,-1382.4,64.168
3245.67,-1384.2,62.3634
3249.89,-1386.01,60.5568
3254.1,-1387.81,58.7517
3258.32,-1389.61,56.9497
3262.53,-1391.41,55.1498
3266.75,-1393.21,53.3479
3270.96,-1395.01,51.5327
3275.18,-1396.81,49.7172
3279.39,-1398.61,47.9004
3283.61,-1400.41,46.0855
3287.82,-1402.21,44.2643
3292.04,-1404.01,42.4441
3296.25,-1405.81,40.6233
3300.47,-1407.61,38.8045
3304.68,-1409.41,36.9588
3308.9,-1411.21,35.1104
3313.11,-1413.01,33.2648
3317.36,-1414.81,31.3982
3321.6,-1416.61,29.5296
3325.83,-1418.41,27.6744
3330.04,-1420.21,25.8214
3334.25,-1422.01,23.9803
3338.47,-1423.81,22.1381
3342.68,-1425.61,20.2982
3346.9,-1427.41,18.4469
3351.11,-1429.21,16.5993
3355.33,-1431.01,14.7513
3359.54,-1432.81,12.9024
3363.76,-1434.61,11.0615
3367.97,-1436.41,9.22123
3372.18,-1438.21,7.38685
3376.4,-1440.01,5.54863
3380.61,-1441.81,3.73017
3384.82,-1443.61,1.97311
3389.03,-1445.41,0.861386
3393.25,-1447.21,2.10813
3397.47,-1449.01,3.87449
3401.68,-1450.81,5.69116
3405.89,-1452.61,7.52416
3410.1,-1454.41,9.38429
3414.31,-1456.21,11.2476
3418.55,-1458.01,13.1286
3422.8,-1459.81,15.018
3427.02,-1461.61,16.8977
3431.23,-1463.41,18.7752
3435.44,-1465.21,20.654
3439.66,-1467.01,22.5524
3443.87,-1468.81,24.4494
3448.09,-1470.61,26.3484
3452.31,-1472.41,28.251
3456.53,-1474.21,30.156
3460.74,-1476.01,32.0573
3464.95,-1477.81,33.9599
3469.17,-1479.61,35.8633
3473.38,-1481.41,37.7656
3477.6,-1483.21,39.6698
3481.81,-1485.01,41.5733
3486.03,-1486.81,43.4808
3490.24,-1488.61,45.384
3494.45,-1490.41,47.2883
3498.67,-1492.21,48.931
3502.88,-1494.01,50.5719
3507.1,-1495.81,52.215
3511.31,-1497.61,53.9623
3515.53,-1499.41,55.712
3519.8,-1501.21,57.4858
3524.02,-1503.01,59.236
3528.24,-1504.81,60.9678
3532.45,-1506.61,62.6978
3536.67,-1508.41,64.4288
3540.88,-1510.21,66.1578
3545.09,-1512.01,67.8394
3549.31,-1513.81,69.5225
3553.52,-1515.61,71.2046
3557.74,-1517.41,73.0034
3561.96,-1519.21,74.8004
3566.17,-1521.01,76.5991
3570.38,-1522.81,78.3947
3574.6,-1524.61,80.2205
3578.81,-1526.41,82.0477
3583.03,-1528.21,83.8735
3587.25,-1530.01,85.7006
3591.46,-1531.81,87.5239
3595.67,-1533.61,89.349
3599.89,-1535.41,91.1753
3604.1,-1537.21,92.9748
3608.32,-1539.01,94.7757
3612.53,-1540.81,96.575
3616.75,-1542.61,98.2297
3621.02,-1544.41,99.902
3625.23,-1546.21,101.555
3629.45,-1548.01,103.21
3633.67,-1549.81,104.774
3637.95,-1551.61,106.36
3642.16,-1553.41,107.923
3646.38,-1555.21,109.503
3650.59,-1557.01,111.081
3654.8,-1558.81,112.66
3659.02,-1560.61,114.24
3663.23,-1562.41,115.872
3667.45,-1564.21,117.505
3671.66,-1566.01,119.137
3675.88,-1567.81,120.77
3680.09,-1569.61,122.563
3684.3,-1571.41,124.357
3688.52,-1573.21,126.153
3692.73,-1575.01,128.048
3696.95,-1576.81,129.945
3701.16,-1578.61,131.839
3705.37,-1580.41,133.733
3709.59,-1582.21,135.516
3713.8,-1584.01,137.297
3718.02,-1585.81,139.08
3722.26,-1587.61,140.937
3726.48,-1589.41,142.784
3730.69,-1591.21,144.628
3734.91,-1593.01,146.473
3739.12,-1594.81,148.27
3743.34,-1596.61,150.066
3747.55,-1598.41,151.864
3751.77,-1600.21,153.676
3755.99,-1602.01,155.491
3760.2,-1603.81,157.302
3764.41,-1605.61,159.114
3768.63,-1607.41,160.94
3772.84,-1609.21,162.763
3777.06,-1611.01,164.589
3781.27,-1612.81,166.409
3785.48,-1614.61,168.229
3789.7,-1616.41,170.051
3793.91,-1618.21,171.872
3798.13,-1620.01,173.646
3802.34,-1621.81,175.418
3806.56,-1623.61,177.192
3810.77,-1625.41,178.963
3814.98,-1627.21,180.751
3819.2,-1629.01,182.543
3823.46,-1630.81,184.355
3827.69,-1632.61,186.166
3831.9,-1634.41,187.974
3836.12,-1636.21,189.785
3840.33,-1638.01,191.592
3844.55,-1639.81,193.398
3848.77,-1641.61,195.207
3852.98,-1643.41,197.015
3857.2,-1645.21,198.848
3861.42,-1647.01,200.679
3865.63,-1648.81,202.51
3869.85,-1650.61,204.342
3874.07,-1652.41,206.152
3878.28,-1654.21,207.965
3882.5,-1656.01,209.775
3886.72,-1657.81,211.587
3890.93,-1659.61,213.389
3895.14,-1661.41,215.191
3899.35,-1663.21,216.993
3903.56,-1665.01,218.788
3907.78,-1666.81,220.587
3912,-1668.61,222.383
3916.22,-1670.41,224.138
3920.46,-1672.21,225.901
3924.7,-1674.01,227.664
3928.92,-1675.81,229.418
3933.13,-1677.61,231.247
3937.35,-1679.41,233.077
3941.57,-1681.21,234.907
3945.79,-1683.01,236.737
3950,-1684.81,238.539
3954.21,-1686.61,240.342
3958.43,-1688.41,242.145
3962.64,-1690.21,243.942
3966.86,-1692.01,245.74
3971.07,-1693.81,247.536
3975.28,-1695.61,249.333
3979.5,-1697.41,251.154
3983.72,-1699.21,252.975
3987.94,-1701.01,254.796
3992.15,-1702.81,256.643
3996.37,-1704.61,258.49
4000.6,-1706.41,260.339
4004.96,-1708.21,262.252
4009.37,-1710.01,264.167
4013.75,-1711.81,266.071
4018.15,-1713.61,267.978
4022.75,-1715.41,269.974
4027.32,-1717.21,271.887
4031.8,-1719.01,273.759
4036.33,-1720.81,275.657
4040.67,-1722.61,277.387
4045,-1724.41,279.117
4049.23,-1726.21,280.801
4053.45,-1728.01,282.491
4057.67,-1729.81,284.182
4061.88,-1731.61,285.87
4066.1,-1733.41,287.562
4070.32,-1735.21,289.359
4074.53,-1737.01,291.157
4078.74,-1738.81,292.953
4082.96,-1740.61,294.771
4087.18,-1742.41,296.593
4091.39,-1744.21,298.412
4095.61,-1746.01,300.231
4099.83,-1747.81,302.055
4104.04,-1749.61,303.878
4108.26,-1751.41,305.702
4112.48,-1753.21,307.537
4116.7,-1755.02,309.375
4120.91,-1756.82,311.211
4125.2,-1758.62,313.078
4129.67,-1760.42,315.008
4133.89,-1762.22,316.831
4138.11,-1764.02,318.655
4142.32,-1765.82,320.432
4146.55,-1767.62,322.211
4150.76,-1769.42,323.987
4154.98,-1771.22,325.763
4159.19,-1773.02,327.569
4163.41,-1774.82,329.373
4167.63,-1776.62,331.179
4171.85,-1778.42,332.997
4176.07,-1780.22,334.819
4180.28,-1782.02,336.637
4184.5,-1783.82,338.455
4188.92,-1785.62,340.354
4193.13,-1787.42,342.168
4197.35,-1789.22,343.982
4201.57,-1791.02,345.795
4205.79,-1792.82,347.602
4210,-1794.62,349.404
4214.22,-1796.42,351.203
4218.44,-1798.22,353.042
4222.66,-1800.02,354.869
4226.93,-1801.82,356.689
4231.15,-1803.62,358.349
4235.36,-1805.42,358.814
4239.59,-1807.22,357.322
4243.8,-1809.02,355.525
4248.02,-1810.82,353.664
4252.24,-1812.62,351.788
4256.46,-1814.42,349.903
4260.67,-1816.22,348.016
4264.88,-1818.02,346.125
4269.1,-1819.82,344.229
4273.32,-1821.62,342.334
4277.54,-1823.42,340.429
4281.76,-1825.22,338.526
4285.97,-1827.02,336.621
4290.19,-1828.82,334.719
4294.4,-1830.62,332.828
4298.62,-1832.42,330.936
4302.83,-1834.22,329.045
4307.05,-1836.02,327.153
4311.27,-1837.82,325.258
4315.48,-1839.62,323.363
4319.7,-1841.42,321.465
4323.95,-1843.22,319.572
4328.2,-1845.02,317.677
4332.41,-1846.82,315.796
4336.84,-1848.62,314.048
4341.12,-1850.42,312.359
4345.34,-1852.22,310.695
4349.56,-1854.02,309.029
4353.77,-1855.82,307.426
4357.99,-1857.62,305.822
4362.21,-1859.42,304.22
4366.43,-1861.22,302.616
4370.64,-1863.02,300.946
4374.85,-1864.82,299.274
4379.07,-1866.62,297.601
4383.29,-1868.42,295.974
4387.5,-1870.22,294.344
4391.72,-1872.02,292.717
4395.94,-1873.82,291.087
4400.15,-1875.62,289.42
4404.36,-1877.42,287.753
4408.58,-1879.22,286.084
4412.79,-1881.02,284.32
4417.01,-1882.82,282.554
4421.29,-1884.62,280.762
4425.54,-1886.42,278.985
4429.78,-1888.22,277.161
4434,-1890.02,275.35
4438.22,-1891.82,273.539
4442.43,-1893.62,271.755
4446.65,-1895.42,269.97
4450.86,-1897.22,268.187
4455.08,-1899.02,266.403
4459.3,-1900.82,264.668
4463.51,-1902.62,262.935
4467.73,-1904.42,261.2
4471.94,-1906.22,259.563
4476.16,-1908.02,257.923
4480.37,-1909.82,256.286
4484.59,-1911.62,254.649
4488.81,-1913.42,252.85
4493.02,-1915.22,251.052
4497.28,-1917.02,249.241
4501.67,-1918.82,247.366
4505.94,-1920.62,245.503
4510.16,-1922.42,243.668
4514.37,-1924.22,241.835
4518.58,-1926.02,240.033
4522.8,-1927.82,238.231
4527.05,-1929.62,236.414
4531.3,-1931.42,234.595
4535.52,-1933.22,232.727
4539.73,-1935.02,230.858
4543.94,-1936.82,228.991
4548.16,-1938.62,227.319
4552.38,-1940.42,225.649
4556.59,-1942.22,223.977
4560.8,-1944.02,222.308
4565.02,-1945.82,220.547
4569.24,-1947.62,218.783
4573.45,-1949.42,217.021
4577.67,-1951.22,215.131
4581.88,-1953.02,213.244
4586.1,-1954.82,211.354
4590.31,-1956.62,209.467
4594.52,-1958.42,207.668
4598.74,-1960.22,205.868
4602.96,-1962.02,204.07
4607.17,-1963.82,202.27
4611.38,-1965.62,200.484
4615.6,-1967.42,198.697
4619.82,-1969.22,196.907
4624.06,-1971.02,195.077
4628.28,-1972.82,193.257
4632.52,-1974.62,191.427
4636.74,-1976.42,189.608
4640.96,-1978.22,187.768
4645.17,-1980.02,185.928
4649.39,-1981.82,184.086
4653.6,-1983.62,182.265
4657.82,-1985.42,180.444
4662.03,-1987.22,178.625
4666.25,-1989.02,176.804
4670.46,-1990.82,174.995
4674.67,-1992.62,173.185
4678.89,-1994.42,171.374
4683.1,-1996.22,169.567
4687.32,-1998.02,167.759
4691.53,-1999.82,165.953
4695.79,-2001.62,164.128
4700,-2003.42,162.343
4704.21,-2005.22,160.557
4708.43,-2007.02,158.771
4712.64,-2008.82,156.986
4716.86,-2010.62,155.2
4721.07,-2012.42,153.414
4725.31,-2014.22,151.617
4729.53,-2016.02,149.831
4733.77,-2017.82,148.037
4737.99,-2019.62,146.252
4742.21,-2021.42,144.447
4746.43,-2023.22,142.641
4750.64,-2025.02,140.838
4754.85,-2026.82,139.034
4759.07,-2028.62,137.258
4763.28,-2030.42,135.484
4767.5,-2032.22,133.709
4771.71,-2034.02,131.935
4775.93,-2035.82,130.086
4780.14,-2037.62,128.24
4784.35,-2039.42,126.394
4788.57,-2041.22,124.549
4792.78,-2043.02,122.706
4797,-2044.82,120.861
4801.21,-2046.62,119.018
4805.42,-2048.42,117.209
4809.64,-2050.22,115.398
4813.85,-2052.02,113.589
4818.06,-2053.82,111.759
4822.28,-2055.62,109.93
4826.52,-2057.42,108.088
4830.74,-2059.22,106.26
4834.97,-2061.02,104.404
4839.19,-2062.82,102.555
4843.41,-2064.62,100.709
4847.63,-2066.42,98.8976
4851.84,-2068.22,97.0868
4856.06,-2070.02,95.2755
4860.27,-2071.82,93.4673
4864.48,-2073.62,91.6764
4868.7,-2075.42,89.8835
4872.91,-2077.22,88.0932
4877.13,-2079.02,86.3009
4881.34,-2080.82,84.4942
4885.55,-2082.62,82.6868
4889.77,-2084.42,80.8767
4893.98,-2086.22,79.0666
4898.2,-2088.02,77.2547
4902.41,-2089.82,75.4442
4906.63,-2091.62,73.6318
4910.84,-2093.42,71.8082
4915.05,-2095.22,69.9844
4919.27,-2097.02,68.159
4923.48,-2098.82,66.3204
4927.73,-2100.62,64.4682
4931.94,-2102.42,62.6297
4936.19,-2104.22,60.7786
4940.4,-2106.02,58.9456
4944.62,-2107.82,57.1135
4948.84,-2109.62,55.2794
4953.05,-2111.42,53.4472
4957.27,-2113.22,51.6076
4961.48,-2115.02,49.7701
4965.73,-2116.82,47.9182
4969.95,-2118.62,46.0886
4974.16,-2120.42,44.2608
4978.38,-2122.22,42.4321
4982.6,-2124.02,40.6022
4986.81,-2125.82,38.7708
4991.02,-2127.62,36.9417
4995.24,-2129.43,35.1121
4999.46,-2131.23,33.2857
5003.67,-2133.03,31.4592
5007.89,-2134.83,29.6331
5012.11,-2136.63,27.809
5016.32,-2138.43,25.9711
5020.54,-2140.23,24.1357
5024.78,-2142.03,22.2881
5029,-2143.83,20.4387
5033.21,-2145.63,18.5925
5037.46,-2147.43,16.7335
5041.74,-2149.23,14.8611
5045.96,-2151.03,12.986
5050.17,-2152.83,11.1165
5054.38,-2154.63,9.25033
5058.6,-2156.43,7.37603
5062.81,-2158.23,5.51764
5067.02,-2160.03,3.6922
5071.23,-2161.83,2.00108
5075.44,-2163.63,1.23478
5079.65,-2165.43,2.49858
5083.87,-2167.23,4.26057
5088.08,-2169.03,6.1051
5092.29,-2170.83,7.97878
5096.51,-2172.63,9.8645
5100.72,-2174.43,11.7534
5104.93,-2176.23,13.6348
5109.15,-2178.03,15.5202
5113.36,-2179.83,17.4049
5117.57,-2181.63,19.3023
5121.79,-2183.43,21.2004
5126.04,-2185.23,23.1124
5130.25,-2187.03,25.01
5134.46,-2188.83,26.9019
5138.71,-2190.63,28.8075
5142.92,-2192.43,30.7014
5147.14,-2194.23,32.597
5151.35,-2196.03,34.4966
5155.57,-2197.83,36.3974
5159.79,-2199.63,38.3
5164,-2201.43,40.1982
5168.22,-2203.23,42.0977
5172.43,-2205.03,43.9962
5176.65,-2206.83,45.8957
5180.86,-2208.63,47.6326
5185.07,-2210.43,49.3694
5189.29,-2212.23,51.1101
5193.5,-2214.03,52.8079
5197.72,-2215.83,54.5074
5201.93,-2217.63,56.2056
5206.15,-2219.43,57.9055
5210.36,-2221.23,59.6068
5214.57,-2223.03,61.3085
5218.79,-2224.83,63.0119
5223,-2226.63,64.7149
5227.25,-2228.43,66.4088
5231.46,-2230.23,68.0901
5235.68,-2232.03,69.7716
5239.92,-2233.83,71.4958
5244.14,-2235.63,73.2077
5248.35,-2237.43,74.9209
5252.57,-2239.23,76.7132
5256.79,-2241.03,78.507
5261,-2242.83,80.2981
5265.21,-2244.63,82.0899
5269.43,-2246.43,83.8595
5273.65,-2248.23,85.6298
5277.86,-2250.03,87.3998
5282.08,-2251.83,89.1672
5286.3,-2253.63,90.9224
5290.51,-2255.43,92.6747
5294.72,-2257.23,94.4268
5298.94,-2259.03,96.1133
5303.15,-2260.83,97.7977
5307.37,-2262.63,99.4838
5311.59,-2264.43,101.17
5315.81,-2266.23,102.717
5320.02,-2268.03,104.261
5324.23,-2269.83,105.808
5328.48,-2271.63,107.362
5332.7,-2273.43,108.905
5336.92,-2275.23,110.449
5341.15,-2277.03,111.999
5345.37,-2278.83,113.693
5349.59,-2280.63,115.389
5353.8,-2282.43,117.083
5358.02,-2284.23,118.902
5362.23,-2286.03,120.719
5366.45,-2287.83,122.538
5370.66,-2289.63,124.355
5374.88,-2291.43,126.194
5379.1,-2293.23,128.035
5383.31,-2295.03,129.873
5387.53,-2296.83,131.714
5391.74,-2298.63,133.405
5395.96,-2300.43,135.097
5400.17,-2302.23,136.786
5404.38,-2304.03,138.536
5408.6,-2305.83,140.288
5412.81,-2307.63,142.037
5417.03,-2309.43,143.789
5421.24,-2311.23,145.648
5425.48,-2313.03,147.519
5429.7,-2314.83,149.38
5433.92,-2316.63,151.175
5438.13,-2318.43,152.973
5442.37,-2320.23,154.778
5446.59,-2322.03,156.576
5450.8,-2323.83,158.376
5455.01,-2325.63,160.176
5459.23,-2327.43,161.978
5463.45,-2329.23,163.829
5467.66,-2331.03,165.681
5471.88,-2332.83,167.531
5476.09,-2334.63,169.383
5480.3,-2336.43,171.198
5484.51,-2338.23,173.014
5488.73,-2340.03,174.832
5492.94,-2341.83,176.637
5497.16,-2343.63,178.445
5501.37,-2345.43,180.25
5505.58,-2347.23,182.055
5509.8,-2349.03,183.84
5514.01,-2350.83,185.623
5518.23,-2352.63,187.408
5522.44,-2354.43,189.193
5526.69,-2356.23,190.99
5530.9,-2358.03,192.774
5535.11,-2359.83,194.556
5539.33,-2361.63,196.336
5543.57,-2363.43,198.123
5547.79,-2365.23,199.902
5552,-2367.03,201.68
5556.22,-2368.83,203.475
5560.43,-2370.63,205.269
5564.64,-2372.43,207.062
5568.86,-2374.23,208.876
5573.07,-2376.03,210.689
5577.29,-2377.83,212.503
5581.5,-2379.63,214.314
5585.75,-2381.43,216.151
5589.97,-2383.23,217.971
5594.18,-2385.03,219.791
5598.4,-2386.83,221.609
5602.61,-2388.63,223.425
5606.83,-2390.43,225.243
5611.04,-2392.23,227.059
5615.25,-2394.03,228.887
5619.47,-2395.83,230.716
5623.69,-2397.63,232.547
5627.94,-2399.43,234.387
5632.15,-2401.23,236.215
5636.37,-2403.03,238.043
5640.58,-2404.83,239.869
5644.82,-2406.63,241.672
5649.04,-2408.43,243.468
5653.25,-2410.23,245.262
5657.47,-2412.03,247.057
5661.68,-2413.83,248.86
5665.9,-2415.63,250.665
5670.11,-2417.43,252.467
5674.32,-2419.23,254.277
5678.54,-2421.03,256.089
5682.75,-2422.83,257.898
5686.97,-2424.63,259.71
5691.18,-2426.43,261.53
5695.4,-2428.23,263.35
5699.61,-2430.03,265.173
5703.83,-2431.83,267
5708.04,-2433.63,268.828
5712.26,-2435.43,270.655
5716.47,-2437.23,272.483
5720.68,-2439.03,274.298
5724.9,-2440.83,276.117
5729.14,-2442.63,277.947
5733.36,-2444.43,279.779
5737.58,-2446.23,281.613
5741.83,-2448.03,283.462
5746.08,-2449.83,285.307
5750.29,-2451.63,287.124
5754.51,-2453.43,288.943
5758.72,-2455.23,290.763
5762.94,-2457.03,292.584
5767.16,-2458.83,294.406
5771.37,-2460.63,296.226
5775.58,-2462.43,298.047
5779.8,-2464.23,299.863
5784.01,-2466.03,301.676
5788.23,-2467.83,303.491
5792.44,-2469.63,305.305
5796.66,-2471.43,307.125
5800.87,-2473.23,308.941
5805.08,-2475.03,310.759
5809.3,-2476.83,312.571
5813.51,-2478.63,314.38
5817.73,-2480.43,316.191
5821.94,-2482.23,318.002
5826.19,-2484.03,319.828
5830.41,-2485.83,321.64
5834.62,-2487.63,323.453
5838.84,-2489.43,325.273
5843.06,-2491.23,327.091
5847.3,-2493.03,328.921
5851.51,-2494.83,330.737
5855.78,-2496.64,332.594
5859.99,-2498.44,334.432
5864.21,-2500.24,336.268
5868.43,-2502.04,338.105
5872.64,-2503.84,339.974
5876.86,-2505.64,341.843
5881.07,-2507.44,343.708
5885.29,-2509.24,345.58
5889.51,-2511.04,347.449
5893.72,-2512.84,349.311
5897.94,-2514.64,351.172
5902.15,-2516.44,353.015
5906.36,-2518.24,354.826
5910.58,-2520.04,356.544
5914.79,-2521.84,357.932
5919.01,-2523.64,358.064
5923.23,-2525.44,356.78
5927.47,-2527.24,355.074
5931.69,-2529.04,353.273
5935.91,-2530.84,351.432
5940.12,-2532.64,349.576
5944.33,-2534.44,347.705
5948.58,-2536.24,345.816
5952.79,-2538.04,343.935
5957.01,-2539.84,342.049
5961.22,-2541.64,340.161
5965.44,-2543.44,338.272
5969.66,-2545.24,336.38
5973.87,-2547.04,334.465
5978.09,-2548.84,332.547
5982.3,-2550.64,330.631
5986.52,-2552.44,328.713
5990.73,-2554.24,326.797
5994.95,-2556.04,324.877
5999.22,-2557.84,322.939
6003.54,-2559.64,320.954
6007.77,-2561.44,319.009
6011.98,-2563.24,317.072
6016.2,-2565.04,315.137
6020.4,-2566.84,313.276
6024.62,-2568.64,311.41
6028.88,-2570.44,309.529
6033.09,-2572.24,307.662
6037.31,-2574.04,306.003
6041.51,-2575.84,304.346
6045.79,-2577.64,302.659
6050.05,-2579.44,300.946
6054.26,-2581.24,299.247
6058.48,-2583.04,297.547
6062.7,-2584.84,295.896
6066.91,-2586.64,294.243
6071.12,-2588.44,292.593
6075.34,-2590.24,290.941
6079.56,-2592.04,289.233
6083.77,-2593.84,287.527
6087.99,-2595.64,285.819
6092.21,-2597.44,284.113
6096.43,-2599.24,282.329
6100.64,-2601.04,280.549
6104.85,-2602.84,278.769
6109.07,-2604.64,276.964
6113.28,-2606.44,275.161
6117.5,-2608.24,273.356
6121.71,-2610.04,271.553
6125.93,-2611.84,269.751
6130.17,-2613.64,267.94
6134.39,-2615.44,266.14
6138.61,-2617.24,264.36
6142.82,-2619.04,262.582
6147.04,-2620.84,260.801
6151.28,-2622.64,259.012
6155.49,-2624.44,257.433
6159.71,-2626.24,255.853
6163.93,-2628.04,254.275
6168.14,-2629.84,252.695
6172.36,-2631.64,251.216
6176.58,-2633.44,249.736
6180.79,-2635.24,248.257
6185,-2637.04,246.684
6189.22,-2638.84,245.11
6193.43,-2640.64,243.538
6197.65,-2642.44,241.963
6201.87,-2644.24,240.195
6206.08,-2646.04,238.427
6210.29,-2647.84,236.661
6214.51,-2649.64,234.875
6218.73,-2651.44,233.088
6222.94,-2653.24,231.302
6227.19,-2655.04,229.502
6231.41,-2656.84,227.728
6235.62,-2658.64,225.954
6239.84,-2660.44,224.179
6244.05,-2662.24,222.394
6248.27,-2664.04,220.608
6252.51,-2665.84,218.812
6256.73,-2667.64,217.024
6260.94,-2669.44,215.188
6265.16,-2671.24,213.352
6269.37,-2673.04,211.515
6273.59,-2674.84,209.679
6277.81,-2676.64,207.866
6282.02,-2678.44,206.055
6286.24,-2680.24,204.243
6290.45,-2682.04,202.434
6294.66,-2683.84,200.625
6298.88,-2685.64,198.815
6303.09,-2687.44,197.006
6307.31,-2689.24,195.166
6311.52,-2691.04,193.326
6315.78,-2692.84,191.468
6319.99,-2694.64,189.668
6324.2,-2696.44,187.865
6328.45,-2698.24,186.051
6332.66,-2700.04,184.249
6336.88,-2701.84,182.465
6341.09,-2703.64,180.683
6345.3,-2705.44,178.901
6349.52,-2707.24,177.117
6353.76,-2709.04,175.322
6357.98,-2710.84,173.536
6362.19,-2712.64,171.752
6366.41,-2714.44,169.968
6370.62,-2716.24,168.187
6374.83,-2718.04,166.404
6379.05,-2719.84,164.593
6383.26,-2721.64,162.782
6387.48,-2723.44,160.97
6391.69,-2725.24,159.159
6395.91,-2727.04,157.338
6400.12,-2728.84,155.519
6404.33,-2730.64,153.7
6408.55,-2732.44,151.879
6412.76,-2734.24,150.047
6416.98,-2736.04,148.214
6421.19,-2737.84,146.384
6425.41,-2739.64,144.571
6429.65,-2741.44,142.745
6433.93,-2743.24,140.905
6438.15,-2745.04,139.091
6442.36,-2746.84,137.294
6446.58,-2748.64,135.496
6450.79,-2750.44,133.701
6455.03,-2752.24,131.927
6459.25,-2754.04,130.16
6463.46,-2755.84,128.395
6467.68,-2757.64,126.629
6471.89,-2759.44,124.804
6476.11,-2761.24,122.976
6480.32,-2763.04,121.15
6484.54,-2764.84,119.362
6488.75,-2766.64,117.572
6492.97,-2768.44,115.784
6497.18,-2770.24,113.993
6501.39,-2772.04,112.198
6505.61,-2773.84,110.402
6509.82,-2775.64,108.604
6514.04,-2777.44,106.787
6518.25,-2779.24,104.968
6522.47,-2781.04,103.151
6526.69,-2782.84,101.331
6530.93,-2784.64,99.4889
6535.14,-2786.44,97.6565
6539.36,-2788.24,95.8233
6543.57,-2790.04,93.9918
6547.79,-2791.84,92.1483
6552,-2793.64,90.3067
6556.24,-2795.44,88.4533
6560.46,-2797.24,86.6275
6564.67,-2799.04,84.8016
6568.89,-2800.84,82.974
6573.1,-2802.64,81.149
6577.32,-2804.44,79.3264
6581.53,-2806.24,77.5059
6585.79,-2808.04,75.6677
6590,-2809.84,73.8628
6594.21,-2811.64,72.0581
6598.43,-2813.44,70.2507
6602.65,-2815.24,68.4459
6606.86,-2817.04,66.6492
6611.07,-2818.84,64.8554
6615.29,-2820.64,63.0611
6619.5,-2822.44,61.2611
6623.72,-2824.24,59.4602
6627.97,-2826.04,57.6477
6632.19,-2827.84,55.8484
6636.4,-2829.64,54.0567
6640.61,-2831.44,52.2686
6644.83,-2833.24,50.4794
6649.05,-2835.04,48.6746
6653.26,-2836.84,46.8726
6657.5,-2838.64,45.0578
6661.72,-2840.44,43.2551
6665.93,-2842.24,41.4452
6670.15,-2844.04,39.6377
6674.36,-2845.84,37.8299
6678.58,-2847.64,36.0209
6682.79,-2849.44,34.1891
6687.01,-2851.24,32.356
6691.22,-2853.04,30.5264
6695.44,-2854.84,28.6962
6699.65,-2856.64,26.8639
6703.87,-2858.44,25.0355
6708.08,-2860.24,23.2059
6712.3,-2862.04,21.3866
6716.51,-2863.84,19.5671
6720.73,-2865.65,17.7518
6725,-2867.45,15.9227
6729.25,-2869.25,14.11
6733.46,-2871.05,12.3158
6737.68,-2872.85,10.529
6741.89,-2874.65,8.77588
6746.11,-2876.45,7.04351
6750.32,-2878.25,5.35869
6754.53,-2880.05,3.7771
6758.77,-2881.85,2.48476
6762.98,-2883.65,2.189
6767.2,-2885.45,3.17022
6771.41,-2887.25,4.67984
6775.62,-2889.05,6.35276
6779.83,-2890.85,8.08983
6784.04,-2892.65,9.87482
6788.26,-2894.45,11.6774
6792.47,-2896.25,13.4894
6796.69,-2898.05,15.3097
6800.9,-2899.85,17.1279
6805.12,-2901.65,18.9508
6809.33,-2903.45,20.7773
6813.55,-2905.25,22.6034
6817.76,-2907.05,24.4522
6821.98,-2908.85,26.2999
6826.2,-2910.65,28.1516
6830.44,-2912.45,30.0153
6834.65,-2914.25,31.8685
6838.87,-2916.05,33.7239
6843.08,-2917.85,35.578
6847.3,-2919.65,37.4346
6851.51,-2921.45,39.2877
6855.77,-2923.25,41.1607
6859.98,-2925.05,43.005
6864.19,-2926.85,44.8502
6868.41,-2928.65,46.6968
6872.63,-2930.45,48.5422
6876.84,-2932.25,50.1745
6881.06,-2934.05,51.8045
6885.27,-2935.85,53.4353
6889.49,-2937.65,55.0682
6893.7,-2939.45,56.744
6897.92,-2941.25,58.4201
6902.14,-2943.05,60.0942
6906.35,-2944.85,61.8029
6910.56,-2946.65,63.5087
6914.78,-2948.45,65.2155
6918.99,-2950.25,66.9208
6923.25,-2952.05,68.6389
6927.49,-2953.85,70.3551
6931.71,-2955.65,72.0601
6935.93,-2957.45,73.879
6940.14,-2959.25,75.6954
6944.36,-2961.05,77.5137
6948.58,-2962.85,79.3329
6952.79,-2964.65,81.1944
6957.01,-2966.45,83.0582
6961.25,-2968.25,84.9304
6965.47,-2970.05,86.7621
6969.69,-2971.85,88.5946
6973.9,-2973.65,90.4252
6978.12,-2975.45,92.2573
6982.33,-2977.25,94.0653
6986.55,-2979.05,95.8759
6990.77,-2980.85,97.6831
6994.98,-2982.65,99.3533
6999.2,-2984.45,101.025
7003.41,-2986.25,102.695
7007.63,-2988.05,104.367
7011.85,-2989.85,106.05
7016.06,-2991.65,107.732
7020.26,-2993.45,109.411
7024.49,-2995.25,111.262
7028.77,-2997.05,113.14
7033.02,-2998.85,115.007
7037.24,-3000.65,116.86
7041.46,-3002.45,118.563
7045.68,-3004.25,120.267
7049.9,-3006.05,121.972
7054.11,-3007.85,123.675
7058.33,-3009.65,125.474
7062.59,-3011.45,127.29
7066.81,-3013.25,129.09
7071.03,-3015.05,130.981
7075.25,-3016.85,132.873
7079.47,-3018.65,134.768
7083.69,-3020.45,136.662
7087.91,-3022.25,138.453
7092.13,-3024.05,140.242
7096.35,-3025.85,142.033
7100.56,-3027.65,143.875
7104.78,-3029.45,145.719
7109,-3031.25,147.565
7113.22,-3033.05,149.409
7117.44,-3034.85,151.207
7121.66,-3036.65,153.003
7125.88,-3038.45,154.802
7130.12,-3040.25,156.619
7134.39,-3042.05,158.447
7138.61,-3043.85,160.254
7142.83,-3045.65,162.059
7147.04,-3047.45,163.857
7151.26,-3049.25,165.653
7155.47,-3051.05,167.448
7159.68,-3052.85,169.264
7163.93,-3054.65,171.09
7168.14,-3056.45,172.907
7172.36,-3058.25,174.721
7176.57,-3060.05,176.496
7180.79,-3061.85,178.269
7185,-3063.65,180.042
7189.21,-3065.45,181.817
7193.43,-3067.25,183.616
7197.64,-3069.05,185.416
7201.85,-3070.85,187.214
7206.07,-3072.65,189.03
7210.28,-3074.45,190.843
7214.49,-3076.25,192.656
7218.71,-3078.05,194.489
7222.92,-3079.85,196.321
7227.14,-3081.65,198.155
7231.38,-3083.45,199.998
7235.6,-3085.25,201.819
7239.82,-3087.05,203.641
7244.03,-3088.85,205.461
7248.25,-3090.65,207.283
7252.46,-3092.45,209.088
7256.68,-3094.25,210.895
7260.89,-3096.05,212.7
7265.13,-3097.85,214.517
7269.35,-3099.65,216.325
7273.56,-3101.45,218.131
7277.78,-3103.25,219.939
7282,-3105.05,221.725
7286.21,-3106.85,223.512
7290.43,-3108.65,225.298
7294.64,-3110.45,227.038
7298.86,-3112.25,228.781
7303.07,-3114.05,230.521
7307.3,-3115.85,232.267
7311.92,-3117.65,234.279
7316.14,-3119.45,236.117
7320.36,-3121.25,237.95
7324.57,-3123.05,239.686
7328.82,-3124.85,241.435
7333.04,-3126.65,243.171
7337.25,-3128.45,244.908
7341.47,-3130.25,246.706
7345.68,-3132.05,248.504
7349.9,-3133.85,250.303
7354.11,-3135.65,252.102
7358.33,-3137.45,253.942
7362.54,-3139.25,255.782
7366.79,-3141.05,257.637
7371.01,-3142.85,259.468
7375.22,-3144.65,261.298
7379.44,-3146.45,263.131
7383.66,-3148.25,264.963
7387.88,-3150.05,266.797
7392.09,-3151.85,268.629
7396.31,-3153.65,270.463
7400.52,-3155.45,272.283
7404.73,-3157.25,274.105
7408.95,-3159.05,275.928
7413.16,-3160.85,277.749
7417.38,-3162.65,279.556
7421.6,-3164.45,281.362
7425.82,-3166.25,283.171
7430.06,-3168.05,284.978
7434.28,-3169.85,286.776
7438.5,-3171.65,288.574
7442.71,-3173.45,290.369
7446.93,-3175.25,292.157
7451.14,-3177.05,293.942
7455.35,-3178.85,295.729
7459.57,-3180.65,297.539
7463.78,-3182.45,299.347
7468.03,-3184.25,301.167
7472.24,-3186.05,302.976
7476.46,-3187.85,304.791
7480.68,-3189.65,306.603
7484.89,-3191.45,308.415
7489.11,-3193.25,310.229
7493.32,-3195.05,312.059
7497.56,-3196.85,313.896
7501.89,-3198.65,315.777
7506.2,-3200.45,317.644
7510.42,-3202.25,319.47
7514.63,-3204.05,321.292
7518.84,-3205.85,323.114
7523.05,-3207.65,324.924
7527.27,-3209.45,326.739
7531.52,-3211.25,328.564
7535.77,-3213.05,330.389
7539.97,-3214.85,332.196
7544.19,-3216.65,334.005
7548.41,-3218.45,335.816
7552.63,-3220.25,337.619
7556.84,-3222.05,339.418
7561.05,-3223.85,341.212
7565.26,-3225.65,343.009
7569.52,-3227.45,344.823
7573.73,-3229.25,346.611
7577.95,-3231.05,348.391
7582.16,-3232.85,350.147
7586.38,-3234.66,351.883
7590.6,-3236.46,353.571
7594.81,-3238.26,355.17
7599.03,-3240.06,356.561
7603.24,-3241.86,357.358
7607.46,-3243.66,357.037
7611.67,-3245.46,355.843
7615.89,-3247.26,354.3
7620.1,-3249.06,352.625
7624.31,-3250.86,350.891
7628.53,-3252.66,349.093
7632.78,-3254.46,347.267
7637,-3256.26,345.438
7641.21,-3258.06,343.617
7645.42,-3259.86,341.79
7649.64,-3261.66,339.957
7653.86,-3263.46,338.123
7658.07,-3265.26,336.283
7662.29,-3267.06,334.443
7666.51,-3268.86,332.599
7670.75,-3270.66,330.761
7674.96,-3272.46,328.931
7679.18,-3274.26,327.101
7683.39,-3276.06,325.271
7687.61,-3277.86,323.452
7691.82,-3279.66,321.635
7696.04,-3281.46,319.814
7700.25,-3283.26,317.994
7704.47,-3285.06,316.172
7708.68,-3286.86,314.347
7712.9,-3288.66,312.524
7717.12,-3290.46,310.817
7721.33,-3292.26,309.112
7725.54,-3294.06,307.405
7729.79,-3295.86,305.686
7734.01,-3297.66,304.092
7738.23,-3299.46,302.499
7742.44,-3301.26,300.906
7746.66,-3303.06,299.234
7750.87,-3304.86,297.566
7755.08,-3306.66,295.896
7759.3,-3308.46,294.226
7763.52,-3310.26,292.535
7767.73,-3312.06,290.842
7771.97,-3313.86,289.139
7776.19,-3315.66,287.274
7780.41,-3317.46,285.412
7784.62,-3319.26,283.549
7788.84,-3321.06,281.684
7793.05,-3322.86,279.822
7797.27,-3324.66,277.958
7801.48,-3326.46,276.098
7805.72,-3328.26,274.291
7809.94,-3330.06,272.492
7814.16,-3331.86,270.694
7818.38,-3333.66,268.895
7822.59,-3335.46,267.124
7826.87,-3337.26,265.327
7831.17,-3339.06,263.518
7835.39,-3340.86,261.819
7839.61,-3342.66,260.118
7843.82,-3344.46,258.42
7848.04,-3346.26,256.72
7852.26,-3348.06,255.1
7856.47,-3349.86,253.476
7860.69,-3351.66,251.856
7864.9,-3353.46,250.056
7869.12,-3355.26,248.255
7873.36,-3357.06,246.444
7877.58,-3358.86,244.642
7881.79,-3360.66,242.84
7886.01,-3362.46,241.037
7890.22,-3364.26,239.237
7894.44,-3366.06,237.435
7898.65,-3367.86,235.56
7902.87,-3369.66,233.685
7907.09,-3371.46,231.808
7911.3,-3373.26,229.886
7915.51,-3375.06,227.963
7919.73,-3376.86,226.039
7923.94,-3378.66,224.117
7928.16,-3380.46,222.423
7932.41,-3382.26,220.721
7936.63,-3384.06,219.027
7940.84,-3385.86,217.224
7945.05,-3387.66,215.42
7949.27,-3389.46,213.615
7953.49,-3391.26,211.811
7957.7,-3393.06,209.986
7961.92,-3394.86,208.163
7966.13,-3396.66,206.338
7970.35,-3398.46,204.513
7974.59,-3400.26,202.675
7978.81,-3402.06,200.847
7983.02,-3403.86,199.02
7987.24,-3405.66,197.222
7991.45,-3407.46,195.425
7995.66,-3409.26,193.628
7999.88,-3411.06,191.83
8004.09,-3412.86,190.032
8008.31,-3414.66,188.233
8012.52,-3416.46,186.435
8016.74,-3418.26,184.629
8020.95,-3420.06,182.826
8025.17,-3421.86,181.021
8029.41,-3423.66,179.202
8033.68,-3425.46,177.335
8037.9,-3427.26,175.49
8042.11,-3429.06,173.648
8046.33,-3430.86,171.829
8050.54,-3432.66,170.013
8054.75,-3434.46,168.197
8058.97,-3436.26,166.379
8063.18,-3438.06,164.568
8067.4,-3439.86,162.755
8071.62,-3441.66,160.942
8075.86,-3443.46,159.124
8080.07,-3445.26,157.319
8084.28,-3447.06,155.516
8088.5,-3448.86,153.71
8092.71,-3450.66,151.933
8096.93,-3452.46,150.153
8101.14,-3454.26,148.376
8105.35,-3456.06,146.581
8109.56,-3457.86,144.785
8113.78,-3459.66,142.99
8117.99,-3461.46,141.193
8122.2,-3463.26,139.403
8126.42,-3465.06,137.61
8130.66,-3466.86,135.807
8134.88,-3468.66,134.015
8139.1,-3470.46,132.205
8143.31,-3472.26,130.396
8147.53,-3474.06,128.585
8151.74,-3475.86,126.793
8155.96,-3477.66,124.999
8160.17,-3479.46,123.208
8164.38,-3481.26,121.417
8168.6,-3483.06,119.563
8172.81,-3484.86,117.71
8177.06,-3486.66,115.846
8181.27,-3488.46,114.009
8185.48,-3490.26,112.173
8189.7,-3492.06,110.336
8193.91,-3493.86,108.5
8198.13,-3495.66,106.641
8202.34,-3497.46,104.785
8206.56,-3499.26,102.926
8210.77,-3501.06,101.074
8214.98,-3502.86,99.2226
8219.2,-3504.66,97.3677
8223.41,-3506.46,95.5153
8227.63,-3508.26,93.7131
8231.87,-3510.06,91.9004
8236.09,-3511.86,90.0983
8240.3,-3513.66,88.2986
8244.52,-3515.46,86.5064
8248.73,-3517.26,84.7121
8252.95,-3519.06,82.9195
8257.17,-3520.86,81.1215
8261.38,-3522.66,79.3264
8265.59,-3524.46,77.5305
8269.81,-3526.26,75.733
8274.02,-3528.06,73.9254
8278.26,-3529.86,72.1061
8282.48,-3531.66,70.2982
8286.69,-3533.46,68.4816
8290.91,-3535.26,66.6676
8295.12,-3537.06,64.8536
8299.34,-3538.86,63.0384
8303.55,-3540.66,61.2103
8307.77,-3542.46,59.3806
8311.98,-3544.26,57.5531
8316.19,-3546.06,55.7163
8320.41,-3547.86,53.883
8324.62,-3549.66,52.0485
8328.84,-3551.46,50.2116
8333.08,-3553.26,48.3702
8337.3,-3555.06,46.5392
8341.51,-3556.86,44.712
8345.77,-3558.66,42.8736
8349.98,-3560.46,41.0559
8354.19,-3562.26,39.2367
8358.41,-3564.06,37.4175
8362.62,-3565.86,35.6116
8366.84,-3567.66,33.8049
8371.05,-3569.46,32.0005
8375.27,-3571.26,30.1866
8379.51,-3573.06,28.3598
8383.73,-3574.86,26.5456
8387.95,-3576.66,24.7309
8392.16,-3578.46,22.9318
8396.38,-3580.26,21.1338
8400.58,-3582.06,19.3387
8404.8,-3583.86,17.5445
8409.02,-3585.66,15.7385
8413.23,-3587.46,13.9375
8417.45,-3589.26,12.1389
8421.66,-3591.06,10.3414
8425.88,-3592.86,8.55235
8430.12,-3594.66,6.7758
8434.33,-3596.46,5.05169
8438.54,-3598.26,3.40499
8442.75,-3600.06,2.13322
