4.28405,-1.8,0.0559529
8.75509,-3.6,0.0559529
12.9879,-5.4,0.0559529
17.2047,-7.2,0.0559529
21.4224,-9,0.895249
25.6306,-10.8,1.7892
29.8444,-12.6,2.68464
34.0878,-14.4,3.58681
38.2986,-16.2,5.28454
42.512,-18,6.99162
46.7196,-19.8,8.69894
50.9337,-21.6,10.5652
55.1447,-23.4,12.4306
59.3601,-25.2,14.298
63.5692,-27,16.1629
67.7804,-28.8,18.0446
71.9969,-30.6,19.9287
76.209,-32.4,21.811
80.4245,-34.2,23.6616
84.6344,-36,25.5098
88.8471,-37.8,27.3593
93.0626,-39.6,29.2096
97.2756,-41.4,31.0118
101.491,-43.2,32.8154
105.702,-45,34.6167
109.918,-46.8,36.4205
114.132,-48.6,38.2425
118.344,-50.4,40.0638
122.56,-52.2,41.8869
126.771,-54,43.569
130.986,-55.8,45.2533
135.223,-57.6,46.9466
139.442,-59.4,48.6324
143.652,-61.2,50.2109
147.863,-63,51.7898
152.079,-64.8,53.3701
156.292,-66.6,54.9833
160.508,-68.4,56.599
164.718,-70.2,58.2117
168.929,-72,59.8253
173.146,-73.8,61.3477
177.358,-75.6,62.8687
181.575,-77.4,64.3916
185.786,-79.2,65.9583
190.002,-81,67.5268
194.212,-82.8,69.0928
198.425,-84.6,70.6598
202.64,-86.4,72.3871
206.853,-88.2,74.1123
211.068,-90,75.8394
215.283,-91.8,77.5952
219.499,-93.6,79.3523
223.71,-95.4,81.1062
227.921,-97.2,82.8607
232.137,-99,84.6578
236.372,-100.8,86.4635
240.588,-102.6,88.2608
244.798,-104.4,90.0552
249.008,-106.2,91.81
253.223,-108,93.5665
257.435,-109.8,95.3215
261.65,-111.6,97.0153
265.861,-113.4,98.7067
270.077,-115.2,100.4
274.284,-117,102.091
278.494,-118.8,103.617
282.709,-120.6,105.144
286.92,-122.4,106.67
291.134,-124.2,108.156
295.344,-126,109.64
299.559,-127.8,111.125
303.767,-129.6,112.608
307.977,-131.4,114.049
312.191,-133.2,115.492
316.405,-135,116.935
320.62,-136.8,118.378
324.829,-138.6,119.904
329.04,-140.4,121.431
333.254,-142.2,122.958
337.464,-144,124.513
341.678,-145.8,126.07
345.889,-147.6,127.625
350.104,-149.4,129.256
354.313,-151.2,130.884
358.523,-153,132.512
362.738,-154.8,134.143
366.948,-156.6,135.666
371.163,-158.4,137.19
375.374,-160.2,138.713
379.589,-162,140.238
383.797,-163.8,142.041
388.008,-165.6,143.845
392.223,-167.4,145.651
396.433,-169.2,147.437
400.648,-171,149.225
404.858,-172.8,151.011
409.068,-174.6,152.798
413.283,-176.4,154.69
417.496,-178.2,156.582
421.713,-180,158.475
425.923,-181.8,160.33
430.138,-183.6,162.186
434.347,-185.4,164.04
438.584,-187.2,165.905
442.799,-189,167.648
447.01,-190.8,169.389
451.225,-192.6,171.131
455.436,-194.4,172.871
459.65,-196.2,174.585
463.858,-198,176.296
468.069,-199.8,178.009
472.283,-201.6,179.817
476.493,-203.4,181.623
480.707,-205.2,183.432
484.916,-207,185.259
489.126,-208.8,187.088
493.341,-210.6,188.918
497.55,-212.4,190.746
501.765,-214.2,192.572
505.976,-216,194.397
510.191,-217.8,196.223
514.404,-219.6,198.049
518.615,-221.4,199.855
522.83,-223.2,201.662
527.041,-225,203.467
531.256,-226.8,205.257
535.466,-228.6,207.045
539.707,-230.4,208.845
543.917,-232.2,210.634
548.128,-234,212.43
552.343,-235.8,214.228
556.555,-237.6,216.025
560.771,-239.4,217.829
564.98,-241.2,219.63
569.265,-243,221.464
573.477,-244.8,223.266
577.689,-246.6,225.055
581.904,-248.4,226.845
586.115,-250.2,228.632
590.33,-252,230.422
594.538,-253.8,232.226
598.749,-255.6,234.031
602.964,-257.4,235.837
607.175,-259.2,237.66
611.389,-261,239.485
615.604,-262.8,241.31
619.819,-264.6,243.135
624.028,-266.4,244.986
628.239,-268.2,246.837
632.453,-270,248.691
636.664,-271.8,250.558
640.904,-273.6,252.437
645.116,-275.4,254.304
649.331,-277.2,256.173
653.54,-279,258.02
657.75,-280.8,259.869
661.967,-282.6,261.719
666.178,-284.4,263.533
670.394,-286.2,265.349
674.603,-288,267.162
678.814,-289.8,268.975
683.029,-291.6,270.775
687.24,-293.4,272.573
691.455,-295.2,274.372
695.666,-297,276.179
699.881,-298.8,277.989
704.09,-300.6,279.796
708.299,-302.4,281.603
712.514,-304.2,283.401
716.729,-306,285.199
720.944,-307.8,286.997
725.156,-309.6,288.794
729.372,-311.4,290.605
733.581,-313.2,292.413
737.793,-315,294.221
742.033,-316.8,296.049
746.245,-318.6,297.865
750.461,-320.4,299.682
754.671,-322.2,301.497
758.882,-324,303.32
763.098,-325.8,305.145
767.309,-327.6,306.968
771.525,-329.4,308.811
775.736,-331.2,310.651
779.951,-333,312.494
784.161,-334.8,314.334
788.427,-336.6,316.197
792.643,-338.4,318.039
796.854,-340.2,319.878
801.07,-342,321.719
805.281,-343.8,323.555
809.499,-345.6,325.393
813.709,-347.4,327.229
817.924,-349.2,329.062
822.14,-351,330.896
826.352,-352.8,332.727
830.568,-354.6,334.575
834.778,-356.4,336.418
838.989,-358.2,338.261
843.229,-360,340.115
847.442,-361.8,341.948
851.658,-363.6,343.779
855.87,-365.4,345.605
860.085,-367.2,347.427
864.294,-369,349.245
868.507,-370.8,351.052
872.722,-372.6,352.84
876.933,-374.4,354.598
881.15,-376.199,356.257
885.362,-377.999,357.596
889.579,-379.799,357.886
893.789,-381.599,356.809
898.001,-383.399,355.21
902.217,-385.199,353.458
906.43,-386.999,351.641
910.646,-388.799,349.796
914.861,-390.599,347.937
919.073,-392.399,346.07
923.288,-394.199,344.196
927.5,-395.999,342.32
931.716,-397.799,340.44
935.927,-399.599,338.559
940.144,-401.399,336.68
944.378,-403.199,334.792
948.59,-404.999,332.912
952.805,-406.799,331.091
957.016,-408.599,329.271
961.232,-410.399,327.448
965.443,-412.199,325.617
969.659,-413.999,323.784
973.868,-415.799,321.954
978.081,-417.599,320.122
982.296,-419.399,318.287
986.508,-421.199,316.453
990.723,-422.999,314.619
994.933,-424.799,312.786
999.144,-426.599,311.162
1003.36,-428.399,309.535
1007.57,-430.199,307.91
1011.81,-431.999,306.251
1016.16,-433.799,304.543
1020.47,-435.599,302.845
1024.69,-437.399,301.191
1028.9,-439.199,299.592
1033.12,-440.999,297.991
1037.33,-442.799,296.392
1041.55,-444.599,294.792
1045.8,-446.399,293.123
1050.02,-448.199,291.467
1054.23,-449.999,289.814
1058.44,-451.799,288.229
1062.66,-453.599,286.643
1066.87,-455.399,285.059
1071.09,-457.199,283.165
1075.31,-458.999,281.273
1079.52,-460.799,279.379
1083.73,-462.599,277.488
1087.95,-464.399,275.67
1092.17,-466.199,273.851
1096.38,-467.999,272.033
1100.6,-469.799,270.214
1104.81,-471.599,268.421
1109.02,-473.399,266.627
1113.24,-475.199,264.831
1117.45,-476.999,263.041
1121.67,-478.799,261.252
1125.88,-480.599,259.463
1130.1,-482.399,257.674
1134.31,-484.199,256.039
1138.52,-485.999,254.404
1142.74,-487.799,252.766
1146.98,-489.599,250.889
1151.2,-491.399,249.02
1155.41,-493.199,247.154
1159.63,-494.999,245.287
1163.84,-496.799,243.507
1168.05,-498.599,241.726
1172.27,-500.399,239.944
1176.48,-502.199,238.205
1180.7,-503.999,236.464
1184.91,-505.799,234.727
1189.12,-507.599,232.987
1193.34,-509.399,231.276
1197.55,-511.199,229.567
1201.77,-512.999,227.856
1205.98,-514.799,226.267
1210.2,-516.599,224.676
1214.41,-518.399,223.087
1218.63,-520.199,221.496
1222.84,-521.999,219.689
1227.06,-523.799,217.884
1231.27,-525.599,216.077
1235.49,-527.398,214.271
1239.71,-529.198,212.394
1243.92,-530.998,210.519
1248.13,-532.798,208.644
1252.35,-534.598,206.951
1256.56,-536.398,205.259
1260.77,-538.198,203.566
1264.98,-539.998,201.875
1269.24,-541.798,200.049
1273.46,-543.598,198.242
1277.67,-545.398,196.435
1281.89,-547.198,194.672
1286.1,-548.998,192.91
1290.32,-550.798,191.146
1294.53,-552.598,189.387
1298.74,-554.398,187.519
1302.95,-556.198,185.649
1307.17,-557.998,183.782
1311.38,-559.798,181.878
1315.6,-561.598,179.975
1319.82,-563.398,178.071
1324.03,-565.198,176.17
1328.24,-566.998,174.347
1332.46,-568.798,172.522
1336.67,-570.598,170.699
1340.88,-572.398,168.875
1345.12,-574.198,167.043
1349.34,-575.998,165.218
1353.55,-577.798,163.396
1357.76,-579.598,161.602
1361.98,-581.398,159.806
1366.19,-583.198,158.013
1370.4,-584.998,156.218
1374.61,-586.798,154.436
1378.83,-588.598,152.652
1383.04,-590.398,150.867
1387.26,-592.198,149.077
1391.47,-593.998,147.285
1395.68,-595.798,145.494
1399.9,-597.598,143.703
1404.11,-599.398,141.914
1408.32,-601.198,140.126
1412.54,-602.998,138.335
1416.75,-604.798,136.53
1420.97,-606.598,134.724
1425.18,-608.398,132.921
1429.4,-610.198,131.115
1433.61,-611.998,129.284
1437.82,-613.798,127.451
1442.04,-615.598,125.617
1446.27,-617.398,123.774
1450.49,-619.198,121.913
1454.7,-620.998,120.055
1458.92,-622.798,118.197
1463.13,-624.598,116.344
1467.35,-626.398,114.493
1471.56,-628.198,112.64
1475.77,-629.998,110.781
1479.99,-631.798,108.921
1484.2,-633.598,107.064
1488.41,-635.398,105.205
1492.69,-637.198,103.368
1496.9,-638.998,101.558
1501.12,-640.798,99.7463
1505.33,-642.598,97.9363
1509.55,-644.398,96.1411
1513.76,-646.198,94.3482
1517.98,-647.998,92.5535
1522.19,-649.798,90.7455
1526.41,-651.598,88.9394
1530.62,-653.398,87.1311
1534.84,-655.198,85.3262
1539.05,-656.998,83.527
1543.27,-658.798,81.7269
1547.5,-660.598,79.9186
1551.72,-662.398,78.1012
1555.94,-664.198,76.2854
1560.15,-665.998,74.4687
1564.36,-667.798,72.6541
1568.58,-669.598,70.8445
1572.79,-671.398,69.0328
1577.01,-673.198,67.223
1581.22,-674.997,65.4113
1585.43,-676.797,63.5798
1589.65,-678.597,61.7461
1593.86,-680.397,59.9149
1598.07,-682.197,58.0901
1602.29,-683.997,56.2631
1606.5,-685.797,54.4381
1610.72,-687.597,52.6112
1614.93,-689.397,50.7885
1619.15,-691.197,48.9636
1623.36,-692.997,47.1382
1627.58,-694.797,45.3284
1631.79,-696.597,43.5171
1636.01,-698.397,41.7079
1640.22,-700.197,39.8968
1644.43,-701.997,38.0876
1648.67,-703.797,36.2678
1652.89,-705.597,34.4557
1657.11,-707.397,32.6349
1661.32,-709.197,30.815
1665.54,-710.997,28.9973
1669.75,-712.797,27.1782
1673.96,-714.597,25.3882
1678.18,-716.397,23.5977
1682.39,-718.197,21.8064
1686.61,-719.997,20.0179
1690.82,-721.797,18.2308
1695.04,-723.597,16.4447
1699.34,-725.397,14.6609
1703.56,-727.197,12.8141
1707.77,-728.997,11.0083
1711.99,-730.797,9.2083
1716.2,-732.597,7.42218
1720.42,-734.397,5.62543
1724.62,-736.197,3.89505
1728.83,-737.997,2.3726
1733.05,-739.797,1.72913
1737.26,-741.597,2.69279
1741.47,-743.397,4.29206
1745.68,-745.197,6.03947
1749.92,-746.997,7.81852
1754.13,-748.797,9.60889
1758.34,-750.597,11.4124
1762.56,-752.397,13.2258
1766.77,-754.197,15.0419
1770.98,-755.997,16.8634
1775.2,-757.797,18.6858
1779.41,-759.597,20.5638
1783.63,-761.397,22.4403
1787.84,-763.197,24.3187
1792.06,-764.997,26.1416
1796.27,-766.797,27.9636
1800.48,-768.597,29.7877
1804.69,-770.397,31.6095
1808.91,-772.197,33.4474
1813.12,-773.997,35.2874
1817.34,-775.797,37.1272
1821.56,-777.597,38.9679
1825.77,-779.397,40.8138
1829.99,-781.197,42.6618
1834.2,-782.997,44.507
1838.41,-784.797,46.2426
1842.63,-786.597,47.98
1846.84,-788.397,49.7166
1851.06,-790.197,51.4544
1855.27,-791.997,53.0117
1859.49,-793.797,54.5703
1863.7,-795.597,56.1271
1867.91,-797.397,57.7507
1872.13,-799.197,59.3764
1876.34,-800.997,61.0005
1880.56,-802.797,62.6259
1884.77,-804.597,64.3374
1888.98,-806.397,66.05
1893.2,-808.197,67.7641
1897.41,-809.997,69.6497
1901.63,-811.797,71.5379
1905.84,-813.597,73.424
1910.06,-815.397,75.3116
1914.27,-817.197,77.1802
1918.49,-818.997,79.0513
1922.7,-820.797,80.9223
1926.92,-822.596,82.7275
1931.13,-824.396,84.534
1935.35,-826.196,86.3391
1939.56,-827.996,88.1454
1943.77,-829.796,89.942
1947.99,-831.596,91.7391
1952.23,-833.396,93.5487
1956.44,-835.196,95.347
1960.66,-836.996,97.142
1964.87,-838.796,98.9337
1969.08,-840.596,100.727
1973.3,-842.396,102.42
1977.51,-844.196,104.112
1981.73,-845.996,105.805
1985.94,-847.796,107.496
1990.16,-849.596,109.243
1994.37,-851.396,110.986
1998.58,-853.196,112.73
2002.79,-854.996,114.452
2007.01,-856.796,116.172
2011.22,-858.596,117.894
2015.43,-860.396,119.615
2019.66,-862.196,121.417
2023.87,-863.996,123.214
2028.08,-865.796,125.012
2032.3,-867.596,126.806
2036.51,-869.396,128.598
2040.72,-871.196,130.392
2044.93,-872.996,132.183
2049.14,-874.796,133.847
2053.39,-876.596,135.524
2057.6,-878.396,137.189
2061.82,-880.196,138.856
2066.03,-881.996,140.624
2070.25,-883.796,142.395
2074.46,-885.596,144.163
2078.67,-887.396,146.11
2082.89,-889.196,148.058
2087.1,-890.996,150.007
2091.32,-892.796,151.955
2095.53,-894.596,153.753
2099.75,-896.396,155.552
2103.96,-898.196,157.35
2108.17,-899.996,159.155
2112.39,-901.796,160.963
2116.6,-903.596,162.77
2120.82,-905.396,164.578
2125.04,-907.196,166.479
2129.25,-908.996,168.381
2133.46,-910.796,170.28
2137.68,-912.596,172.127
2141.89,-914.396,173.976
2146.1,-916.196,175.823
2150.32,-917.996,177.671
2154.55,-919.796,179.425
2158.77,-921.596,181.172
2162.98,-923.396,182.92
2167.2,-925.196,184.699
2171.41,-926.996,186.48
2175.63,-928.796,188.259
2179.84,-930.596,190.04
2184.05,-932.396,191.816
2188.26,-934.196,193.592
2192.52,-935.996,195.387
2196.73,-937.796,197.181
2200.95,-939.596,198.976
2205.16,-941.396,200.769
2209.38,-943.196,202.565
2213.59,-944.996,204.342
2217.81,-946.796,206.123
2222.02,-948.596,207.904
2226.24,-950.396,209.682
2230.45,-952.196,211.488
2234.66,-953.996,213.29
2238.88,-955.796,215.093
2243.09,-957.596,216.903
2247.3,-959.396,218.71
2251.52,-961.196,220.521
2255.76,-962.996,222.34
2259.98,-964.796,224.18
2264.19,-966.596,226.017
2268.4,-968.396,227.855
2272.62,-970.195,229.698
2276.83,-971.995,231.539
2281.05,-973.795,233.382
2285.26,-975.595,235.223
2289.48,-977.395,237.054
2293.69,-979.195,238.883
2297.91,-980.995,240.712
2302.12,-982.795,242.542
2306.34,-984.595,244.353
2310.56,-986.395,246.165
2314.77,-988.195,247.973
2318.98,-989.995,249.793
2323.2,-991.795,251.612
2327.41,-993.595,253.429
2331.63,-995.395,255.264
2335.84,-997.195,257.097
2340.06,-998.995,258.932
2344.27,-1000.8,260.764
2348.48,-1002.6,262.563
2352.7,-1004.4,264.364
2356.94,-1006.2,266.174
2361.16,-1008,267.976
2365.37,-1009.8,269.779
2369.59,-1011.6,271.584
2373.8,-1013.4,273.386
2378.01,-1015.2,275.194
2382.23,-1017,277.005
2386.44,-1018.8,278.813
2390.66,-1020.6,280.624
2394.87,-1022.4,282.444
2399.08,-1024.2,284.265
2403.3,-1026,286.087
2407.51,-1027.8,287.922
2411.73,-1029.6,289.759
2415.94,-1031.4,291.593
2420.16,-1033.2,293.431
2424.37,-1035,295.25
2428.58,-1036.8,297.071
2432.8,-1038.6,298.892
2437.01,-1040.4,300.712
2441.23,-1042.2,302.527
2445.44,-1044,304.341
2449.66,-1045.8,306.156
2453.87,-1047.6,307.949
2458.11,-1049.4,309.753
2462.33,-1051.2,311.549
2466.54,-1053,313.358
2470.76,-1054.8,315.168
2474.97,-1056.6,316.974
2479.22,-1058.4,318.799
2483.43,-1060.2,320.593
2487.65,-1062,322.388
2491.86,-1063.8,324.183
2496.08,-1065.6,325.976
2500.29,-1067.4,327.748
2504.5,-1069.2,329.517
2508.72,-1071,331.285
2512.98,-1072.8,333.073
2517.32,-1074.6,334.904
2521.57,-1076.4,336.695
2525.78,-1078.2,338.468
2530,-1080,340.272
2534.21,-1081.8,342.073
2538.43,-1083.6,343.871
2542.64,-1085.4,345.687
2546.86,-1087.2,347.498
2551.07,-1089,349.303
2555.29,-1090.8,351.096
2559.54,-1092.6,352.872
2563.75,-1094.4,354.595
2567.96,-1096.2,356.237
2572.18,-1098,357.622
2576.4,-1099.8,358.055
2580.61,-1101.6,357.065
2584.82,-1103.4,355.514
2589.03,-1105.2,353.78
2593.25,-1107,351.989
2597.46,-1108.8,350.176
2601.68,-1110.6,348.347
2605.89,-1112.4,346.541
2610.11,-1114.2,344.729
2614.32,-1116,342.915
2618.54,-1117.8,341.143
2622.76,-1119.6,339.37
2626.97,-1121.4,337.596
2631.18,-1123.2,335.82
2635.4,-1125,334.028
2639.62,-1126.8,332.233
2643.83,-1128.6,330.439
2648.04,-1130.4,328.637
2652.26,-1132.2,326.833
2656.47,-1134,325.029
2660.71,-1135.8,323.214
2664.92,-1137.6,321.413
2669.14,-1139.4,319.611
2673.35,-1141.2,317.808
2677.57,-1143,315.962
2681.79,-1144.8,314.114
2686,-1146.6,312.268
2690.22,-1148.4,310.419
2694.43,-1150.2,308.825
2698.64,-1152,307.23
2702.86,-1153.8,305.633
2707.07,-1155.6,304.038
2711.29,-1157.4,302.195
2715.5,-1159.2,300.354
2719.72,-1161,298.509
2723.93,-1162.8,296.702
2728.14,-1164.6,294.895
2732.36,-1166.4,293.085
2736.57,-1168.2,291.277
2740.79,-1170,289.521
2745.04,-1171.8,287.767
2749.26,-1173.6,285.994
2753.47,-1175.4,284.129
2757.68,-1177.2,282.262
2761.93,-1179,280.383
2766.14,-1180.8,278.516
2770.36,-1182.6,276.687
2774.57,-1184.4,274.86
2778.78,-1186.2,273.033
2783,-1188,271.243
2787.21,-1189.8,269.454
2791.43,-1191.6,267.664
2795.64,-1193.4,265.876
2799.86,-1195.2,264.071
2804.07,-1197,262.269
2808.28,-1198.8,260.466
2812.5,-1200.6,258.69
2816.71,-1202.4,256.917
2820.94,-1204.2,255.14
2825.15,-1206,253.365
2829.37,-1207.8,251.679
2833.58,-1209.6,249.996
2837.79,-1211.4,248.311
2842.01,-1213.2,246.625
2846.22,-1215,244.665
2850.44,-1216.8,242.702
2854.65,-1218.6,240.742
2858.86,-1220.4,238.949
2863.1,-1222.2,237.145
2867.31,-1224,235.352
2871.53,-1225.8,233.557
2875.74,-1227.6,231.792
2879.96,-1229.4,230.025
2884.17,-1231.2,228.261
2888.39,-1233,226.549
2892.6,-1234.8,224.834
2896.81,-1236.6,223.122
2901.03,-1238.4,221.408
2905.24,-1240.2,219.601
2909.46,-1242,217.792
2913.67,-1243.8,215.985
2917.95,-1245.6,214.119
2922.17,-1247.4,212.278
2926.38,-1249.2,210.441
2930.6,-1251,208.601
2934.81,-1252.8,206.805
2939.02,-1254.6,205.008
2943.24,-1256.4,203.21
2947.45,-1258.2,201.303
2951.67,-1260,199.393
2955.88,-1261.8,197.486
2960.1,-1263.6,195.577
2964.33,-1265.4,193.708
2968.55,-1267.2,191.847
2972.76,-1269,189.986
2976.98,-1270.8,188.182
2981.19,-1272.6,186.376
2985.4,-1274.4,184.573
2989.62,-1276.2,182.768
2993.83,-1278,180.989
2998.04,-1279.8,179.209
3002.26,-1281.6,177.427
3006.47,-1283.4,175.647
3010.68,-1285.2,173.848
3014.89,-1287,172.051
3019.11,-1288.8,170.252
3023.32,-1290.6,168.459
3027.54,-1292.4,166.667
3031.75,-1294.2,164.873
3035.96,-1296,163.081
3040.18,-1297.8,161.292
3044.39,-1299.6,159.507
3048.6,-1301.4,157.72
3052.82,-1303.2,155.902
3057.03,-1305,154.087
3061.25,-1306.8,152.269
3065.48,-1308.6,150.444
3069.7,-1310.4,148.62
3073.91,-1312.2,146.799
3078.12,-1314,144.978
3082.34,-1315.8,143.155
3086.55,-1317.6,141.316
3090.77,-1319.4,139.475
3094.98,-1321.2,137.636
3099.23,-1323,135.789
3103.44,-1324.8,133.96
3107.65,-1326.6,132.13
3111.87,-1328.4,130.316
3116.08,-1330.2,128.503
3120.3,-1332,126.688
3124.51,-1333.8,124.876
3128.73,-1335.6,123.109
3132.94,-1337.4,121.342
3137.15,-1339.2,119.575
3141.37,-1341,117.807
3145.58,-1342.8,116.004
3149.79,-1344.6,114.2
3154.01,-1346.4,112.398
3158.22,-1348.2,110.561
3162.43,-1350,108.722
3166.67,-1351.8,106.876
3170.88,-1353.6,105.037
3175.1,-1355.4,103.204
3179.31,-1357.2,101.368
3183.52,-1359,99.5359
3187.74,-1360.8,97.7256
3191.95,-1362.6,95.9138
3196.16,-1364.4,94.1038
3200.38,-1366.2,92.2921
3204.59,-1368,90.487
3208.8,-1369.8,88.6813
3213.02,-1371.6,86.874
3217.23,-1373.4,85.0682
3221.45,-1375.2,83.2348
3225.66,-1377,81.4042
3229.88,-1378.8,79.5723
3234.09,-1380.6,77.7524
3238.3,-1382.4,75.9321
3242.52,-1384.2,74.11
3246.73,-1386.01,72.2895
3250.95,-1387.81,70.4699
3255.16,-1389.61,68.6526
3259.38,-1391.41,66.8333
3263.59,-1393.21,65.0217
3267.82,-1395.01,63.1997
3272.04,-1396.81,61.3857
3276.26,-1398.61,59.5738
3280.47,-1400.41,57.7758
3284.68,-1402.21,55.9811
3288.9,-1404.01,54.1856
3293.11,-1405.81,52.3773
3297.33,-1407.61,50.5708
3301.54,-1409.41,48.7623
3305.75,-1411.21,46.9558
3309.97,-1413.01,45.1651
3314.18,-1414.81,43.3771
3318.39,-1416.61,41.5884
3322.61,-1418.41,39.7961
3326.83,-1420.21,38.0313
3331.06,-1422.01,36.2591
3335.33,-1423.81,34.4697
3339.59,-1425.61,32.6575
3343.88,-1427.41,30.831
3348.19,-1429.21,28.9926
3352.42,-1431.01,27.1939
3356.63,-1432.81,25.3617
3360.85,-1434.61,23.5299
3365.07,-1436.41,21.6979
3369.32,-1438.21,19.8783
3373.53,-1440.01,18.0774
3377.75,-1441.81,16.2778
3381.96,-1443.61,14.4789
3386.18,-1445.41,12.6881
3390.4,-1447.21,10.8999
3394.61,-1449.01,9.12033
3398.82,-1450.81,7.38378
3403.03,-1452.61,5.6622
3407.24,-1454.41,3.98073
3411.46,-1456.21,2.41932
3415.67,-1458.01,1.44723
3419.88,-1459.81,2.18864
3424.1,-1461.61,3.7308
3428.31,-1463.41,5.40322
3432.52,-1465.21,7.12411
3436.73,-1467.01,8.86399
3440.95,-1468.81,10.6195
3445.17,-1470.61,12.4291
3449.39,-1472.41,14.2423
3453.61,-1474.21,16.0538
3457.82,-1476.01,17.8676
3462.04,-1477.81,19.6597
3466.25,-1479.61,21.4498
3470.5,-1481.41,23.2572
3474.72,-1483.21,25.0396
3478.93,-1485.01,26.822
3483.15,-1486.81,28.6067
3487.36,-1488.61,30.3894
3491.58,-1490.41,32.1421
3495.79,-1492.21,33.8934
3500.01,-1494.01,35.6466
3504.22,-1495.81,37.4056
3508.43,-1497.61,39.1654
3512.65,-1499.41,40.9271
3516.86,-1501.21,42.687
3521.08,-1503.01,44.5032
3525.3,-1504.81,46.3163
3529.51,-1506.61,48.1315
3533.73,-1508.41,49.8312
3537.94,-1510.21,51.5329
3542.16,-1512.01,53.2364
3546.37,-1513.81,54.9385
3550.59,-1515.61,56.631
3554.8,-1517.41,58.3216
3559.01,-1519.21,60.0135
3563.23,-1521.01,62.0303
3567.44,-1522.81,64.045
3571.68,-1524.61,66.0732
3575.9,-1526.41,68.0889
3580.11,-1528.21,69.7671
3584.33,-1530.01,71.4425
3588.54,-1531.81,73.1187
3592.76,-1533.61,74.9884
3596.97,-1535.41,76.8562
3601.19,-1537.21,78.7264
3605.4,-1539.01,80.5947
3609.62,-1540.81,82.4003
3613.83,-1542.61,84.2043
3618.04,-1544.41,86.0083
3622.26,-1546.21,87.8161
3626.48,-1548.01,89.6126
3630.7,-1549.81,91.4109
3634.97,-1551.61,93.2322
3639.23,-1553.41,95.0663
3643.44,-1555.21,96.8792
3647.66,-1557.01,98.6927
3651.87,-1558.81,100.507
3656.09,-1560.61,102.213
3660.3,-1562.41,103.921
3664.51,-1564.21,105.626
3668.73,-1566.01,107.363
3672.96,-1567.81,109.112
3677.18,-1569.61,110.85
3681.4,-1571.41,112.589
3685.61,-1573.21,114.445
3689.82,-1575.01,116.302
3694.04,-1576.81,118.156
3698.25,-1578.61,119.825
3702.47,-1580.41,121.496
3706.68,-1582.21,123.165
3710.89,-1584.01,124.835
3715.11,-1585.81,126.616
3719.33,-1587.61,128.4
3723.54,-1589.41,130.18
3727.75,-1591.21,131.961
3731.97,-1593.01,133.791
3736.18,-1594.81,135.619
3740.4,-1596.61,137.449
3744.61,-1598.41,139.221
3748.82,-1600.21,140.994
3753.04,-1602.01,142.768
3757.25,-1603.81,144.541
3761.47,-1605.61,146.503
3765.68,-1607.41,148.462
3769.9,-1609.21,150.424
3774.13,-1611.01,152.221
3778.34,-1612.81,154.011
3782.56,-1614.61,155.801
3786.78,-1616.41,157.591
3790.99,-1618.21,159.469
3795.21,-1620.01,161.345
3799.42,-1621.81,163.223
3803.63,-1623.61,165.098
3807.85,-1625.41,166.865
3812.06,-1627.21,168.635
3816.27,-1629.01,170.402
3820.49,-1630.81,172.285
3824.71,-1632.61,174.165
3828.92,-1634.41,176.045
3833.14,-1636.21,177.759
3837.35,-1638.01,179.472
3841.57,-1639.81,181.186
3845.78,-1641.61,182.899
3850,-1643.41,184.674
3854.21,-1645.21,186.446
3858.42,-1647.01,188.218
3862.64,-1648.81,189.993
3866.85,-1650.61,191.839
3871.07,-1652.41,193.687
3875.3,-1654.21,195.544
3879.52,-1656.01,197.384
3883.73,-1657.81,199.221
3887.95,-1659.61,201.059
3892.17,-1661.41,202.898
3896.38,-1663.21,204.633
3900.6,-1665.01,206.37
3904.81,-1666.81,208.105
3909.02,-1668.61,209.899
3913.23,-1670.41,211.696
3917.45,-1672.21,213.49
3921.67,-1674.01,215.289
3925.88,-1675.81,217.154
3930.1,-1677.61,219.022
3934.31,-1679.41,220.887
3938.52,-1681.21,222.669
3942.74,-1683.01,224.453
3946.95,-1684.81,226.235
3951.17,-1686.61,228.019
3955.38,-1688.41,229.818
3959.6,-1690.21,231.619
3963.81,-1692.01,233.417
3968.02,-1693.81,235.216
3972.24,-1695.61,237.036
3976.48,-1697.41,238.865
3980.7,-1699.21,240.685
3984.91,-1701.01,242.502
3989.12,-1702.81,244.32
3993.35,-1704.61,246.143
3998.71,-1706.41,248.391
4002.94,-1708.21,250.167
4007.2,-1710.01,251.945
4011.62,-1711.81,253.798
4015.99,-1713.61,255.602
4020.53,-1715.41,257.478
4024.97,-1717.21,259.311
4029.52,-1719.01,261.203
4033.92,-1720.81,263.026
4038.36,-1722.61,264.87
4042.75,-1724.41,266.694
4047.32,-1726.21,268.563
4051.81,-1728.01,270.395
4056.15,-1729.81,272.17
4060.47,-1731.61,273.93
4064.69,-1733.41,275.644
4068.9,-1735.21,277.358
4073.12,-1737.01,279.075
4077.37,-1738.81,280.909
4081.59,-1740.61,282.73
4085.81,-1742.41,284.549
4090.02,-1744.21,286.368
4094.24,-1746.01,288.184
4098.45,-1747.81,290.001
4102.66,-1749.61,291.819
4106.88,-1751.41,293.56
4111.09,-1753.21,295.303
4115.31,-1755.02,297.044
4119.53,-1756.82,298.896
4123.77,-1758.62,300.76
4127.99,-1760.42,302.61
4132.2,-1762.22,304.461
4136.42,-1764.02,306.303
4140.63,-1765.82,308.147
4144.84,-1767.62,309.989
4149.06,-1769.42,311.831
4153.27,-1771.22,313.615
4157.49,-1773.02,315.398
4161.71,-1774.82,317.183
4165.92,-1776.62,318.947
4170.14,-1778.42,320.712
4174.35,-1780.22,322.475
4178.56,-1782.02,324.251
4182.78,-1783.82,326.027
4186.99,-1785.62,327.803
4191.21,-1787.42,329.58
4195.42,-1789.22,331.396
4199.64,-1791.02,333.213
4203.85,-1792.82,335.027
4208.06,-1794.62,336.84
4212.28,-1796.42,338.605
4216.49,-1798.22,340.367
4220.71,-1800.02,342.131
4224.96,-1801.82,343.949
4229.21,-1803.62,345.769
4233.43,-1805.42,347.572
4237.65,-1807.22,349.369
4241.86,-1809.02,351.132
4246.07,-1810.82,352.884
4250.29,-1812.62,354.623
4254.5,-1814.42,356.351
4258.71,-1816.22,357.941
4262.93,-1818.02,358.702
4267.14,-1819.82,357.62
4271.36,-1821.62,355.982
4275.57,-1823.42,354.247
4279.82,-1825.22,352.468
4284.03,-1827.02,350.688
4288.24,-1828.82,348.892
4292.46,-1830.62,347.091
4296.67,-1832.42,345.29
4300.89,-1834.22,343.5
4305.1,-1836.02,341.712
4309.32,-1837.82,339.921
4313.53,-1839.62,338.139
4317.74,-1841.42,336.353
4321.99,-1843.22,334.554
4326.21,-1845.02,332.768
4330.42,-1846.82,330.981
4334.7,-1848.62,329.17
4338.91,-1850.42,327.385
4343.13,-1852.22,325.598
4347.34,-1854.02,323.821
4351.56,-1855.82,322.043
4355.77,-1857.62,320.266
4359.99,-1859.42,318.46
4364.2,-1861.22,316.656
4368.41,-1863.02,314.851
4372.63,-1864.82,313.045
4376.84,-1866.62,311.287
4381.08,-1868.42,309.516
4385.3,-1870.22,307.756
4389.52,-1872.02,306.103
4393.73,-1873.82,304.451
4397.94,-1875.62,302.8
4402.16,-1877.42,301.146
4406.37,-1879.22,299.163
4410.58,-1881.02,297.177
4414.8,-1882.82,295.195
4419.07,-1884.62,293.181
4423.32,-1886.42,291.415
4427.53,-1888.22,289.661
4431.75,-1890.02,287.905
4435.97,-1891.82,286.07
4440.19,-1893.62,284.233
4444.4,-1895.42,282.398
4448.61,-1897.22,280.567
4452.83,-1899.02,278.735
4457.04,-1900.82,276.905
4461.26,-1902.62,275.073
4465.47,-1904.42,273.296
4469.69,-1906.22,271.517
4473.9,-1908.02,269.741
4478.11,-1909.82,267.964
4482.35,-1911.62,266.138
4486.57,-1913.42,264.324
4490.78,-1915.22,262.509
4495,-1917.02,260.689
4499.26,-1918.82,258.847
4503.47,-1920.62,257.028
4507.68,-1922.42,255.209
4511.9,-1924.22,253.47
4516.11,-1926.02,251.733
4520.32,-1927.82,249.996
4524.56,-1929.62,248.153
4528.77,-1931.42,246.318
4532.99,-1933.22,244.48
4537.2,-1935.02,242.647
4541.41,-1936.82,240.818
4545.62,-1938.62,238.989
4549.84,-1940.42,237.156
4554.06,-1942.22,235.263
4558.27,-1944.02,233.371
4562.48,-1945.82,231.48
4566.69,-1947.62,229.588
4570.91,-1949.42,227.839
4575.12,-1951.22,226.092
4579.33,-1953.02,224.344
4583.57,-1954.82,222.587
4587.78,-1956.62,220.876
4592,-1958.42,219.163
4596.21,-1960.22,217.452
4600.43,-1962.02,215.578
4604.64,-1963.82,213.707
4608.85,-1965.62,211.835
4613.07,-1967.42,209.961
4617.33,-1969.22,208.07
4621.58,-1971.02,206.189
4625.79,-1972.82,204.32
4630.01,-1974.62,202.614
4634.22,-1976.42,200.911
4638.43,-1978.22,199.207
4642.65,-1980.02,197.501
4646.86,-1981.82,195.799
4651.08,-1983.62,194.097
4655.29,-1985.42,192.395
4659.51,-1987.22,190.627
4663.72,-1989.02,188.861
4667.93,-1990.82,187.094
4672.15,-1992.62,185.326
4676.36,-1994.42,183.44
4680.58,-1996.22,181.553
4684.81,-1998.02,179.657
4689.03,-1999.82,177.745
4693.25,-2001.62,175.831
4697.46,-2003.42,173.92
4701.67,-2005.22,172.006
4705.88,-2007.02,170.202
4710.1,-2008.82,168.396
4714.31,-2010.62,166.592
4718.53,-2012.42,164.787
4722.77,-2014.22,162.978
4726.99,-2016.02,161.184
4731.21,-2017.82,159.388
4735.42,-2019.62,157.591
4739.64,-2021.42,155.792
4743.85,-2023.22,153.996
4748.06,-2025.02,152.199
4752.28,-2026.82,150.431
4756.49,-2028.62,148.665
4760.71,-2030.42,146.896
4764.92,-2032.22,145.137
4769.13,-2034.02,143.376
4773.35,-2035.82,141.614
4777.56,-2037.62,139.854
4781.78,-2039.42,138.041
4786.02,-2041.22,136.219
4790.24,-2043.02,134.406
4794.45,-2044.82,132.585
4798.66,-2046.62,130.764
4802.88,-2048.42,128.941
4807.1,-2050.22,127.119
4811.31,-2052.02,125.289
4815.53,-2053.82,123.461
4819.74,-2055.62,121.63
4823.98,-2057.42,119.746
4828.2,-2059.22,117.873
4832.42,-2061.02,115.997
4836.63,-2062.82,114.125
4840.85,-2064.62,112.298
4845.06,-2066.42,110.47
4849.28,-2068.22,108.642
4853.49,-2070.02,106.817
4857.7,-2071.82,105.023
4861.92,-2073.62,103.227
4866.13,-2075.42,101.433
4870.35,-2077.22,99.6068
4874.56,-2079.02,97.7833
4878.77,-2080.82,95.9595
4882.99,-2082.62,94.1334
4887.22,-2084.42,92.2825
4891.44,-2086.22,90.4395
4895.66,-2088.02,88.5986
4899.87,-2089.82,86.761
4904.08,-2091.62,84.9263
4908.3,-2093.42,83.0903
4912.51,-2095.22,81.2533
4916.73,-2097.02,79.5136
4920.95,-2098.82,77.7713
4925.19,-2100.62,76.0185
4929.41,-2102.42,74.2202
4933.62,-2104.22,72.4258
4937.83,-2106.02,70.6307
4942.05,-2107.82,68.8341
4946.26,-2109.62,66.9803
4950.48,-2111.42,65.1243
4954.69,-2113.22,63.2705
4958.9,-2115.02,61.4266
4963.12,-2116.82,59.5812
4967.33,-2118.62,57.7369
4971.55,-2120.42,55.8908
4975.77,-2122.22,54.0673
4979.98,-2124.02,52.2416
4984.2,-2125.82,50.4191
4988.43,-2127.62,48.5856
4992.65,-2129.43,46.7452
4996.86,-2131.23,44.9073
5001.08,-2133.03,43.0683
5005.29,-2134.83,41.3198
5009.51,-2136.63,39.5696
5013.72,-2138.43,37.8219
5017.96,-2140.23,36.0629
5022.21,-2142.03,34.2637
5026.42,-2143.83,32.477
5030.64,-2145.63,30.6892
5034.9,-2147.43,28.873
5039.12,-2149.23,27.0753
5043.33,-2151.03,25.2757
5047.55,-2152.83,23.4789
5051.76,-2154.63,21.6962
5055.98,-2156.43,19.9154
5060.19,-2158.23,18.1338
5064.4,-2160.03,16.3553
5068.62,-2161.83,14.5418
5072.83,-2163.63,12.7278
5077.05,-2165.43,10.9185
5081.26,-2167.23,9.12952
5085.48,-2169.03,7.34837
5089.79,-2170.83,5.53846
5094.03,-2172.63,3.78103
5098.24,-2174.43,2.13579
5102.45,-2176.23,1.17368
5106.66,-2178.03,2.17357
5110.87,-2179.83,3.78765
5115.08,-2181.63,5.49817
5119.3,-2183.43,7.23927
5123.53,-2185.23,9.00248
5127.75,-2187.03,10.7768
5131.97,-2188.83,12.5585
5136.18,-2190.63,14.3402
5140.4,-2192.43,16.1466
5144.61,-2194.23,17.9513
5148.82,-2196.03,19.7577
5153.04,-2197.83,21.5663
5157.25,-2199.63,23.3741
5161.47,-2201.43,25.1856
5165.68,-2203.23,26.9951
5169.9,-2205.03,28.7559
5174.11,-2206.83,30.5154
5178.33,-2208.63,32.2754
5182.54,-2210.43,34.0365
5186.76,-2212.23,35.8046
5191,-2214.03,37.5877
5195.22,-2215.83,39.3572
5199.43,-2217.63,41.1289
5203.65,-2219.43,42.9492
5207.86,-2221.23,44.7703
5212.08,-2223.03,46.5927
5216.29,-2224.83,48.2538
5220.51,-2226.63,49.9176
5224.75,-2228.43,51.591
5228.97,-2230.23,53.253
5233.18,-2232.03,54.9226
5237.4,-2233.83,56.5907
5241.61,-2235.63,58.2602
5245.82,-2237.43,60.1881
5250.04,-2239.23,62.1192
5254.25,-2241.03,64.0467
5258.48,-2242.83,65.9834
5262.7,-2244.63,67.9041
5266.92,-2246.43,69.8226
5271.13,-2248.23,71.743
5275.35,-2250.03,73.5128
5279.57,-2251.83,75.2842
5283.78,-2253.63,77.051
5287.99,-2255.43,78.8197
5292.21,-2257.23,80.7005
5296.43,-2259.03,82.5814
5300.65,-2260.83,84.4589
5304.85,-2262.63,86.2701
5309.07,-2264.43,88.0849
5313.29,-2266.23,89.9028
5317.5,-2268.03,91.7159
5321.71,-2269.83,93.5592
5325.96,-2271.63,95.4151
5330.18,-2273.43,97.2635
5334.4,-2275.23,99.0706
5338.61,-2277.03,100.875
5342.82,-2278.83,102.679
5347.03,-2280.63,104.482
5351.26,-2282.43,106.25
5355.47,-2284.23,108.015
5359.68,-2286.03,109.778
5363.89,-2287.83,111.538
5368.13,-2289.63,113.274
5372.36,-2291.43,115.005
5376.58,-2293.23,116.732
5380.79,-2295.03,118.54
5385.03,-2296.83,120.348
5389.25,-2298.63,122.172
5393.5,-2300.43,123.993
5397.71,-2302.23,125.84
5401.93,-2304.03,127.689
5406.14,-2305.83,129.535
5410.36,-2307.63,131.467
5414.57,-2309.43,133.395
5418.79,-2311.23,135.324
5423.04,-2313.03,137.271
5427.34,-2314.83,138.881
5431.56,-2316.63,140.525
5435.78,-2318.43,142.136
5439.99,-2320.23,143.824
5444.2,-2322.03,145.51
5448.41,-2323.83,147.199
5452.63,-2325.63,148.89
5456.85,-2327.43,150.79
5461.06,-2329.23,152.689
5465.27,-2331.03,154.586
5469.49,-2332.83,156.489
5473.7,-2334.63,158.318
5477.92,-2336.43,160.148
5482.14,-2338.23,161.98
5486.35,-2340.03,163.816
5490.57,-2341.83,165.654
5494.81,-2343.63,167.503
5499.03,-2345.43,169.339
5503.24,-2347.23,171.128
5507.46,-2349.03,172.916
5511.68,-2350.83,174.706
5515.94,-2352.63,176.522
5520.29,-2354.43,178.383
5524.54,-2356.23,180.199
5528.75,-2358.03,181.998
5532.97,-2359.83,183.788
5537.18,-2361.63,185.578
5541.4,-2363.43,187.37
5545.61,-2365.23,189.203
5549.83,-2367.03,191.034
5554.03,-2368.83,192.863
5558.24,-2370.63,194.694
5562.46,-2372.43,196.479
5566.68,-2374.23,198.262
5570.89,-2376.03,200.043
5575.1,-2377.83,201.823
5579.32,-2379.63,203.59
5583.53,-2381.43,205.354
5587.75,-2383.23,207.119
5591.96,-2385.03,208.918
5596.21,-2386.83,210.73
5600.43,-2388.63,212.53
5604.65,-2390.43,214.328
5608.86,-2392.23,216.171
5613.08,-2394.03,218.018
5617.29,-2395.83,219.862
5621.51,-2397.63,221.697
5625.75,-2399.43,223.542
5629.97,-2401.23,225.377
5634.18,-2403.03,227.208
5638.4,-2404.83,229.049
5642.62,-2406.63,230.892
5646.83,-2408.43,232.732
5651.05,-2410.23,234.557
5655.26,-2412.03,236.38
5659.48,-2413.83,238.205
5663.69,-2415.63,240.027
5667.9,-2417.43,241.805
5672.12,-2419.23,243.586
5676.34,-2421.03,245.365
5680.56,-2422.83,247.176
5684.77,-2424.63,248.984
5688.98,-2426.43,250.794
5693.2,-2428.23,252.604
5697.44,-2430.03,254.44
5701.66,-2431.83,256.27
5705.87,-2433.63,258.097
5710.09,-2435.43,259.945
5714.3,-2437.23,261.791
5718.52,-2439.03,263.637
5722.74,-2440.83,265.485
5726.98,-2442.63,267.288
5731.26,-2444.43,269.108
5735.48,-2446.23,270.899
5739.7,-2448.03,272.693
5743.92,-2449.83,274.395
5748.13,-2451.63,276.095
5752.34,-2453.43,277.794
5756.55,-2455.23,279.662
5760.78,-2457.03,281.535
5764.99,-2458.83,283.404
5769.23,-2460.63,285.274
5773.44,-2462.43,287.129
5777.65,-2464.23,288.987
5781.87,-2466.03,290.847
5786.08,-2467.83,292.628
5790.3,-2469.63,294.411
5794.51,-2471.43,296.191
5798.75,-2473.23,297.983
5802.96,-2475.03,299.775
5807.18,-2476.83,301.566
5811.4,-2478.63,303.358
5815.61,-2480.43,305.132
5819.83,-2482.23,306.909
5824.07,-2484.03,308.696
5828.29,-2485.83,310.47
5832.51,-2487.63,312.27
5836.72,-2489.43,314.068
5840.94,-2491.23,315.867
5845.16,-2493.03,317.635
5849.37,-2494.83,319.403
5853.58,-2496.64,321.169
5857.8,-2498.44,322.935
5862.01,-2500.24,324.731
5866.23,-2502.04,326.525
5870.45,-2503.84,328.321
5874.66,-2505.64,330.114
5878.87,-2507.44,331.935
5883.09,-2509.24,333.759
5887.3,-2511.04,335.578
5891.52,-2512.84,337.413
5895.73,-2514.64,339.244
5899.97,-2516.44,341.086
5904.22,-2518.24,342.927
5908.43,-2520.04,344.734
5912.65,-2521.84,346.538
5916.86,-2523.64,348.336
5921.08,-2525.44,350.081
5925.33,-2527.24,351.831
5929.55,-2529.04,353.552
5933.76,-2530.84,355.238
5937.98,-2532.64,356.847
5942.21,-2534.44,358.161
5946.43,-2536.24,358.265
5950.64,-2538.04,357.034
5954.85,-2539.84,355.443
5959.06,-2541.64,353.758
5963.28,-2543.44,352.036
5967.49,-2545.24,350.3
5971.71,-2547.04,348.556
5975.92,-2548.84,346.809
5980.13,-2550.64,345.003
5984.35,-2552.44,343.199
5988.56,-2554.24,341.394
5992.78,-2556.04,339.586
5996.99,-2557.84,337.839
6001.24,-2559.64,336.078
6005.45,-2561.44,334.33
6009.67,-2563.24,332.582
6013.91,-2565.04,330.82
6018.12,-2566.84,329.07
6022.35,-2568.64,327.317
6026.59,-2570.44,325.488
6030.81,-2572.24,323.671
6035.03,-2574.04,321.854
6039.25,-2575.84,320.036
6043.46,-2577.64,318.171
6047.67,-2579.44,316.304
6051.89,-2581.24,314.436
6056.1,-2583.04,312.705
6060.32,-2584.84,310.971
6064.53,-2586.64,309.239
6068.74,-2588.44,307.508
6072.96,-2590.24,305.856
6077.17,-2592.04,304.206
6081.39,-2593.84,302.553
6085.6,-2595.64,300.709
6089.82,-2597.44,298.862
6094.03,-2599.24,297.018
6098.24,-2601.04,295.173
6102.48,-2602.84,293.294
6106.7,-2604.64,291.426
6110.91,-2606.44,289.556
6115.13,-2608.24,287.689
6119.34,-2610.04,285.899
6123.56,-2611.84,284.11
6127.8,-2613.64,282.308
6132.02,-2615.44,280.517
6136.23,-2617.24,278.726
6140.45,-2619.04,276.934
6144.66,-2620.84,275.144
6148.88,-2622.64,273.341
6153.09,-2624.44,271.536
6157.31,-2626.24,269.734
6161.52,-2628.04,267.895
6165.74,-2629.84,266.059
6169.95,-2631.64,264.22
6174.16,-2633.44,262.385
6178.38,-2635.24,260.553
6182.6,-2637.04,258.717
6186.83,-2638.84,256.878
6191.04,-2640.64,255.052
6195.26,-2642.44,253.227
6199.48,-2644.24,251.399
6203.72,-2646.04,249.562
6207.93,-2647.84,247.84
6212.14,-2649.64,246.117
6216.35,-2651.44,244.395
6220.58,-2653.24,242.724
6224.82,-2655.04,241.044
6229.04,-2656.84,239.375
6233.25,-2658.64,237.703
6237.46,-2660.44,235.86
6241.68,-2662.24,234.012
6245.9,-2664.04,232.167
6250.18,-2665.84,230.308
6254.48,-2667.64,228.501
6258.69,-2669.44,226.746
6262.91,-2671.24,224.992
6267.13,-2673.04,223.22
6271.35,-2674.84,221.449
6275.57,-2676.64,219.682
6279.78,-2678.44,217.909
6283.98,-2680.24,216.138
6288.2,-2682.04,214.363
6292.41,-2683.84,212.587
6296.63,-2685.64,210.737
6300.84,-2687.44,208.886
6305.08,-2689.24,207.024
6309.3,-2691.04,205.171
6313.51,-2692.84,203.282
6317.73,-2694.64,201.392
6321.95,-2696.44,199.499
6326.19,-2698.24,197.645
6330.41,-2700.04,195.803
6334.62,-2701.84,193.964
6338.83,-2703.64,192.124
6343.05,-2705.44,190.304
6347.26,-2707.24,188.484
6351.48,-2709.04,186.662
6355.69,-2710.84,184.826
6359.9,-2712.64,182.986
6364.11,-2714.44,181.15
6368.32,-2716.24,179.313
6372.54,-2718.04,177.441
6376.75,-2719.84,175.571
6380.97,-2721.64,173.7
6385.18,-2723.44,171.83
6389.4,-2725.24,169.969
6393.61,-2727.04,168.11
6397.82,-2728.84,166.251
6402.04,-2730.64,164.476
6406.27,-2732.44,162.693
6410.49,-2734.24,160.917
6414.7,-2736.04,159.144
6418.91,-2737.84,157.437
6423.13,-2739.64,155.725
6427.45,-2741.44,153.973
6431.67,-2743.24,152.158
6435.89,-2745.04,150.346
6440.11,-2746.84,148.531
6444.33,-2748.64,146.715
6448.54,-2750.44,144.905
6452.76,-2752.24,143.092
6457,-2754.04,141.268
6461.23,-2755.84,139.448
6465.44,-2757.64,137.632
6469.66,-2759.44,135.818
6473.86,-2761.24,134.007
6478.08,-2763.04,132.165
6482.3,-2764.84,130.319
6486.51,-2766.64,128.475
6490.73,-2768.44,126.621
6494.93,-2770.24,124.77
6499.14,-2772.04,122.916
6503.36,-2773.84,121.059
6507.6,-2775.64,119.282
6511.82,-2777.44,117.512
6516.03,-2779.24,115.746
6520.25,-2781.04,113.978
6524.47,-2782.84,112.176
6528.72,-2784.64,110.363
6532.94,-2786.44,108.562
6537.15,-2788.24,106.734
6541.37,-2790.04,104.903
6545.58,-2791.84,103.075
6549.8,-2793.64,101.246
6554.01,-2795.44,99.4816
6558.23,-2797.24,97.7136
6562.45,-2799.04,95.9432
6566.67,-2800.84,94.0462
6570.88,-2802.64,92.1489
6575.09,-2804.44,90.2526
6579.31,-2806.24,88.3519
6583.52,-2808.04,86.4623
6587.74,-2809.84,84.5729
6591.95,-2811.64,82.6844
6596.16,-2813.44,80.841
6600.38,-2815.24,78.9943
6604.59,-2817.04,77.1503
6608.83,-2818.84,75.294
6613.05,-2820.64,73.5528
6617.27,-2822.44,71.8138
6621.49,-2824.24,70.0713
6625.73,-2826.04,68.2633
6629.95,-2827.84,66.4655
6634.16,-2829.64,64.6715
6638.38,-2831.44,62.8768
6642.59,-2833.24,61.1364
6646.81,-2835.04,59.3968
6651.02,-2836.84,57.6561
6655.24,-2838.64,55.9176
6659.46,-2840.44,54.1268
6663.67,-2842.24,52.3395
6667.88,-2844.04,50.5517
6672.1,-2845.84,48.7739
6676.32,-2847.64,46.9984
6680.53,-2849.44,45.2201
6684.74,-2851.24,43.446
6688.95,-2853.04,41.6649
6693.17,-2854.84,39.881
6697.39,-2856.64,38.099
6701.6,-2858.44,36.2954
6705.82,-2860.24,34.4942
6710.06,-2862.04,32.6816
6714.27,-2863.84,30.8813
6718.48,-2865.65,29.0798
6722.7,-2867.45,27.274
6726.95,-2869.25,25.4587
6731.17,-2871.05,23.6616
6735.38,-2872.85,21.8676
6739.6,-2874.65,20.0733
6743.81,-2876.45,18.2849
6748.04,-2878.25,16.5202
6752.26,-2880.05,14.7643
6756.47,-2881.85,13.0152
6760.69,-2883.65,11.2958
6764.9,-2885.45,9.58701
6769.12,-2887.25,7.89568
6773.33,-2889.05,6.23356
6777.54,-2890.85,4.64441
6781.76,-2892.65,3.20484
6785.97,-2894.45,2.23395
6790.18,-2896.25,2.39003
6794.39,-2898.05,3.53869
6798.6,-2899.85,5.04176
6802.81,-2901.65,6.66439
6807.02,-2903.45,8.37201
6811.26,-2905.25,10.1163
6815.47,-2907.05,11.8641
6819.69,-2908.85,13.6216
6823.9,-2910.65,15.4275
6828.15,-2912.45,17.2487
6832.37,-2914.25,19.0638
6836.58,-2916.05,20.9066
6840.8,-2917.85,22.7531
6845.04,-2919.65,24.5974
6849.25,-2921.45,26.4582
6853.47,-2923.25,28.3197
6857.68,-2925.05,30.1839
6861.9,-2926.85,32.0492
6866.11,-2928.65,33.8998
6870.33,-2930.45,35.7552
6874.54,-2932.25,37.6047
6878.75,-2934.05,39.4574
6882.97,-2935.85,41.2847
6887.18,-2937.65,43.1096
6891.39,-2939.45,44.9339
6895.6,-2941.25,46.7578
6899.82,-2943.05,48.5515
6904.04,-2944.85,50.3428
6908.25,-2946.65,52.1345
6912.49,-2948.45,53.8342
6916.71,-2950.25,55.5232
6920.93,-2952.05,57.2132
6925.14,-2953.85,58.9021
6929.39,-2955.65,60.76
6933.6,-2957.45,62.6046
6937.81,-2959.25,64.4495
6942.03,-2961.05,66.2941
6946.25,-2962.85,68.1369
6950.47,-2964.65,69.9813
6954.68,-2966.45,71.8232
6958.89,-2968.25,73.5634
6963.11,-2970.05,75.3071
6967.33,-2971.85,77.0485
6971.54,-2973.65,78.9207
6975.76,-2975.45,80.7913
6979.97,-2977.25,82.6634
6984.19,-2979.05,84.5333
6988.4,-2980.85,86.3601
6992.62,-2982.65,88.1892
6996.83,-2984.45,90.0158
7001.05,-2986.25,91.8104
7005.26,-2988.05,93.6034
7009.48,-2989.85,95.3977
7013.94,-2991.65,97.2917
7018.25,-2993.45,99.1088
7022.58,-2995.25,100.937
7026.83,-2997.05,102.729
7031.05,-2998.85,104.505
7035.26,-3000.65,106.165
7039.48,-3002.45,107.826
7043.69,-3004.25,109.486
7047.91,-3006.05,111.317
7052.12,-3007.85,113.15
7056.33,-3009.65,114.982
7060.55,-3011.45,116.818
7064.76,-3013.25,118.557
7068.97,-3015.05,120.297
7073.19,-3016.85,122.036
7077.39,-3018.65,123.943
7081.61,-3020.45,125.853
7085.82,-3022.25,127.761
7090.04,-3024.05,129.674
7094.25,-3025.85,131.393
7098.46,-3027.65,133.113
7102.67,-3029.45,134.831
7106.88,-3031.25,136.591
7111.1,-3033.05,138.356
7115.35,-3034.85,140.132
7119.57,-3036.65,141.897
7123.9,-3038.45,143.768
7128.15,-3040.25,145.603
7132.37,-3042.05,147.426
7136.58,-3043.85,149.247
7140.8,-3045.65,151.128
7145.04,-3047.45,153.02
7149.26,-3049.25,154.902
7153.47,-3051.05,156.722
7157.68,-3052.85,158.543
7161.9,-3054.65,160.366
7166.11,-3056.45,162.225
7170.33,-3058.25,164.086
7174.54,-3060.05,165.945
7178.75,-3061.85,167.805
7182.97,-3063.65,169.684
7187.18,-3065.45,171.564
7191.4,-3067.25,173.445
7195.61,-3069.05,175.324
7199.82,-3070.85,177.146
7204.03,-3072.65,178.966
7208.25,-3074.45,180.786
7212.46,-3076.25,182.505
7216.7,-3078.05,184.233
7220.92,-3079.85,185.951
7225.13,-3081.65,187.669
7229.38,-3083.45,189.389
7233.59,-3085.25,191.096
7237.8,-3087.05,192.802
7242.02,-3088.85,194.556
7246.23,-3090.65,196.308
7250.45,-3092.45,198.063
7254.66,-3094.25,199.814
7258.88,-3096.05,201.718
7263.09,-3097.85,203.625
7267.31,-3099.65,205.529
7271.52,-3101.45,207.412
7275.74,-3103.25,209.293
7279.96,-3105.05,211.176
7284.17,-3106.85,213.056
7288.38,-3108.65,214.791
7292.6,-3110.45,216.528
7296.81,-3112.25,218.263
7301.03,-3114.05,220
7305.24,-3115.85,221.725
7309.46,-3117.65,223.453
7313.67,-3119.45,225.178
7317.9,-3121.25,227.022
7322.16,-3123.05,228.877
7326.4,-3124.85,230.727
7330.62,-3126.65,232.565
7334.83,-3128.45,234.385
7339.05,-3130.25,236.206
7343.26,-3132.05,238.029
7347.48,-3133.85,239.79
7351.69,-3135.65,241.554
7355.91,-3137.45,243.316
7360.12,-3139.25,245.079
7364.33,-3141.05,246.959
7368.55,-3142.85,248.841
7372.77,-3144.65,250.725
7376.98,-3146.45,252.66
7381.21,-3148.25,254.602
7385.42,-3150.05,256.54
7389.64,-3151.85,258.475
7393.84,-3153.65,260.271
7398.06,-3155.45,262.07
7402.28,-3157.25,263.872
7406.48,-3159.05,265.668
7410.7,-3160.85,267.523
7414.9,-3162.65,269.375
7419.14,-3164.45,271.24
7423.36,-3166.25,273.045
7427.61,-3168.05,274.858
7431.83,-3169.85,276.661
7436.04,-3171.65,278.461
7440.26,-3173.45,280.241
7444.47,-3175.25,282.019
7448.69,-3177.05,283.797
7452.91,-3178.85,285.6
7457.12,-3180.65,287.404
7461.34,-3182.45,289.207
7465.56,-3184.25,291.009
7469.77,-3186.05,292.809
7473.99,-3187.85,294.607
7478.2,-3189.65,296.406
7482.42,-3191.45,298.173
7486.64,-3193.25,299.939
7490.85,-3195.05,301.706
7495.07,-3196.85,303.471
7499.29,-3198.65,305.255
7503.5,-3200.45,307.038
7507.71,-3202.25,308.821
7511.93,-3204.05,310.635
7516.14,-3205.85,312.447
7520.38,-3207.65,314.271
7524.6,-3209.45,316.083
7528.85,-3211.25,317.904
7533.07,-3213.05,319.715
7537.29,-3214.85,321.522
7541.5,-3216.65,323.332
7545.72,-3218.45,325.096
7549.94,-3220.25,326.862
7554.15,-3222.05,328.626
7558.37,-3223.85,330.339
7562.59,-3225.65,332.055
7566.8,-3227.45,333.768
7571.02,-3229.25,335.482
7575.23,-3231.05,337.304
7579.45,-3232.85,339.128
7583.66,-3234.66,340.949
7587.88,-3236.46,342.742
7592.09,-3238.26,344.537
7596.31,-3240.06,346.327
7600.53,-3241.86,348.116
7604.77,-3243.66,349.906
7608.98,-3245.46,351.678
7613.2,-3247.26,353.439
7617.42,-3249.06,355.199
7621.66,-3250.86,356.899
7625.87,-3252.66,358.285
7630.12,-3254.46,358.285
7634.34,-3256.26,356.903
7638.55,-3258.06,355.214
7642.77,-3259.86,353.452
7646.98,-3261.66,351.734
7651.2,-3263.46,350
7655.42,-3265.26,348.263
7659.63,-3267.06,346.518
7663.84,-3268.86,344.747
7668.06,-3270.66,342.971
7672.28,-3272.46,341.194
7676.49,-3274.26,339.375
7680.71,-3276.06,337.553
7684.92,-3277.86,335.733
7689.14,-3279.66,333.912
7693.35,-3281.46,332.102
7697.57,-3283.26,330.294
7701.79,-3285.06,328.484
7706,-3286.86,326.675
7710.22,-3288.66,324.893
7714.43,-3290.46,323.114
7718.64,-3292.26,321.335
7722.86,-3294.06,319.547
7727.11,-3295.86,317.746
7731.33,-3297.66,315.958
7735.55,-3299.46,314.172
7739.77,-3301.26,312.345
7743.98,-3303.06,310.52
7748.19,-3304.86,308.695
7752.41,-3306.66,307.027
7756.63,-3308.46,305.361
7760.84,-3310.26,303.695
7765.06,-3312.06,302.028
7769.28,-3313.86,300.297
7773.49,-3315.66,298.567
7777.71,-3317.46,296.838
7781.92,-3319.26,294.924
7786.14,-3321.06,293.011
7790.36,-3322.86,291.096
7794.57,-3324.66,289.184
7798.78,-3326.46,287.299
7803,-3328.26,285.413
7807.22,-3330.06,283.529
7811.44,-3331.86,281.686
7815.65,-3333.66,279.845
7819.87,-3335.46,278.002
7824.13,-3337.26,276.141
7828.37,-3339.06,274.313
7832.59,-3340.86,272.494
7836.81,-3342.66,270.678
7841.03,-3344.46,268.861
7845.24,-3346.26,267.059
7849.46,-3348.06,265.253
7853.67,-3349.86,263.451
7857.88,-3351.66,261.676
7862.1,-3353.46,259.898
7866.32,-3355.26,258.122
7870.53,-3357.06,256.344
7874.74,-3358.86,254.357
7878.96,-3360.66,252.368
7883.18,-3362.46,250.376
7887.39,-3364.26,248.666
7891.61,-3366.06,246.951
7895.83,-3367.86,245.237
7900.05,-3369.66,243.526
7904.26,-3371.46,241.616
7908.47,-3373.26,239.702
7912.69,-3375.06,237.784
7916.9,-3376.86,235.978
7921.11,-3378.66,234.171
7925.32,-3380.46,232.365
7929.57,-3382.26,230.543
7933.79,-3384.06,228.709
7938,-3385.86,226.876
7942.22,-3387.66,225.04
7946.44,-3389.46,223.197
7950.65,-3391.26,221.35
7954.86,-3393.06,219.507
7959.08,-3394.86,217.662
7963.3,-3396.66,215.936
7967.52,-3398.46,214.213
7971.73,-3400.26,212.49
7975.94,-3402.06,210.769
7980.16,-3403.86,208.992
7984.37,-3405.66,207.216
7988.59,-3407.46,205.44
7992.8,-3409.26,203.63
7997.02,-3411.06,201.822
8001.24,-3412.86,200.012
8005.45,-3414.66,198.205
8009.69,-3416.46,196.345
8013.91,-3418.26,194.496
8018.12,-3420.06,192.652
8022.33,-3421.86,190.856
8026.55,-3423.66,189.06
8030.8,-3425.46,187.247
8035.04,-3427.26,185.44
8039.25,-3429.06,183.66
8043.46,-3430.86,181.882
8047.67,-3432.66,180.104
8051.88,-3434.46,178.32
8056.13,-3436.26,176.508
8060.34,-3438.06,174.705
8064.55,-3439.86,172.906
8068.77,-3441.66,171.099
8072.98,-3443.46,169.292
8077.2,-3445.26,167.486
8081.41,-3447.06,165.626
8085.63,-3448.86,163.768
8089.84,-3450.66,161.908
8094.05,-3452.46,160.051
8098.26,-3454.26,158.154
8102.48,-3456.06,156.252
8106.69,-3457.86,154.354
8110.91,-3459.66,152.453
8115.12,-3461.46,150.534
8119.33,-3463.26,148.612
8123.62,-3465.06,146.661
8127.86,-3466.86,144.823
8132.08,-3468.66,142.996
8136.3,-3470.46,141.172
8140.52,-3472.26,139.347
8144.73,-3474.06,137.552
8148.94,-3475.86,135.755
8153.16,-3477.66,133.957
8157.37,-3479.46,132.1
8161.6,-3481.26,130.24
8165.81,-3483.06,128.382
8170.03,-3484.86,126.523
8174.24,-3486.66,124.728
8178.45,-3488.46,122.931
8182.67,-3490.26,121.133
8186.88,-3492.06,119.337
8191.1,-3493.86,117.626
8195.32,-3495.66,115.916
8199.54,-3497.46,114.205
8203.75,-3499.26,112.369
8207.96,-3501.06,110.531
8212.18,-3502.86,108.693
8216.39,-3504.66,106.856
8220.61,-3506.46,104.953
8224.82,-3508.26,103.05
8229.07,-3510.06,101.133
8233.29,-3511.86,99.3315
8237.51,-3513.66,97.5314
8241.72,-3515.46,95.7301
8245.94,-3517.26,93.9308
8250.16,-3519.06,92.2197
8254.37,-3520.86,90.5091
8258.58,-3522.66,88.798
8262.8,-3524.46,86.9664
8267.02,-3526.26,85.1348
8271.24,-3528.06,83.3032
8275.45,-3529.86,81.4729
8279.68,-3531.66,79.6421
8283.89,-3533.46,77.8167
8288.11,-3535.26,75.9922
8292.32,-3537.06,74.1283
8296.54,-3538.86,72.2666
8300.76,-3540.66,70.4036
8304.97,-3542.46,68.5429
8309.22,-3544.26,66.8257
8313.44,-3546.06,65.1244
8317.65,-3547.86,63.4242
8321.87,-3549.66,61.7213
8326.08,-3551.46,59.9234
8330.33,-3553.26,58.1116
8334.54,-3555.06,56.3141
8338.76,-3556.86,54.5202
8342.98,-3558.66,52.7239
8347.19,-3560.46,50.93
8351.41,-3562.26,49.1337
8355.62,-3564.06,47.3301
8359.84,-3565.86,45.5245
8364.05,-3567.66,43.7214
8368.27,-3569.46,41.944
8372.49,-3571.26,40.1639
8376.7,-3573.06,38.387
8380.92,-3574.86,36.6082
8385.13,-3576.66,34.8295
8389.35,-3578.46,33.0493
8393.56,-3580.26,31.2712
8397.78,-3582.06,29.4965
8402,-3583.86,27.7173
8406.22,-3585.66,25.9395
8410.44,-3587.46,24.1643
8414.64,-3589.26,22.373
8418.86,-3591.06,20.5802
8423.08,-3592.86,18.7824
8427.29,-3594.66,16.9882
8431.53,-3596.46,15.244
8435.74,-3598.26,13.5117
8439.96,-3600.06,11.7765
8444.18,-3601.86,10.0138
8448.39,-3603.67,8.25137
8452.61,-3605.47,6.48984
8456.82,-3607.27,4.7344
8461.03,-3609.07,2.95819
8465.24,-3610.87,1.23351
8469.46,-3612.67,0.839296
8473.67,-3614.47,2.53435
8477.88,-3616.27,4.3273
8482.1,-3618.07,6.13492
8486.31,-3619.87,7.94464
8490.52,-3621.67,9.76991
8494.73,-3623.47,11.5938
8498.94,-3625.27,13.4202
8503.16,-3627.07,15.2467
8507.38,-3628.87,17.0719
8511.59,-3630.67,18.8994
8516.76,-3632.47,21.1317
8521.2,-3634.27,23.0491
8525.43,-3636.07,24.8761
8529.69,-3637.87,26.7098
8533.9,-3639.67,28.3568
8538.11,-3641.47,30.0056
8542.33,-3643.27,31.6576
8546.55,-3645.07,33.309
8550.77,-3646.87,35.0941
8554.98,-3648.67,36.8752
8559.26,-3650.47,38.688
8563.47,-3652.27,40.4141
8567.69,-3654.07,42.1405
8571.91,-3655.87,43.869
8576.12,-3657.67,45.5955
8580.34,-3659.47,47.3951
8584.55,-3661.27,49.1927
8588.76,-3663.07,50.9906
8592.98,-3664.87,52.695
8597.2,-3666.67,54.3984
8601.41,-3668.47,56.1042
8605.63,-3670.27,57.808
8609.84,-3672.07,59.4824
8614.05,-3673.87,61.1545
8618.27,-3675.67,62.8265
8622.48,-3677.47,64.501
8626.7,-3679.27,66.51
8630.95,-3681.07,68.5357
8635.16,-3682.87,70.5457
8639.38,-3684.67,72.2668
8643.59,-3686.47,73.9856
8647.81,-3688.27,75.7048
8652.03,-3690.07,77.4257
8656.24,-3691.87,79.2027
8660.46,-3693.67,80.9817
8664.67,-3695.47,82.7591
8668.88,-3697.27,84.5982
8673.1,-3699.07,86.4399
8677.32,-3700.87,88.2787
8681.53,-3702.67,90.1192
8685.75,-3704.47,91.9693
8689.96,-3706.27,93.8216
8694.17,-3708.07,95.6726
8698.39,-3709.87,97.428
8702.6,-3711.67,99.1859
8706.82,-3713.47,100.941
8711.03,-3715.27,102.699
8715.25,-3717.07,104.489
8719.46,-3718.87,106.279
8723.68,-3720.67,108.068
8727.9,-3722.47,109.834
8732.15,-3724.27,111.613
8736.37,-3726.07,113.378
8740.58,-3727.87,115.144
8744.8,-3729.67,116.958
8749.02,-3731.47,118.774
8753.25,-3733.27,120.591
8757.46,-3735.07,122.404
8761.68,-3736.87,124.214
8765.89,-3738.67,126.021
8770.11,-3740.47,127.83
8774.32,-3742.27,129.824
8778.53,-3744.07,131.82
8782.75,-3745.87,133.817
8786.96,-3747.67,135.812
8791.18,-3749.47,137.654
8795.39,-3751.27,139.495
8799.61,-3753.07,141.338
8803.82,-3754.87,142.982
8808.03,-3756.67,144.626
8812.25,-3758.47,146.272
8816.47,-3760.27,147.917
8820.69,-3762.07,149.708
8824.9,-3763.87,151.496
8829.14,-3765.67,153.297
8833.37,-3767.47,155.143
8837.58,-3769.27,156.987
8841.8,-3771.07,158.832
8846.01,-3772.87,160.674
8850.23,-3774.67,162.422
8854.44,-3776.47,164.166
8858.65,-3778.27,165.911
8862.87,-3780.07,167.841
8867.11,-3781.87,169.782
8871.33,-3783.67,171.712
8875.54,-3785.47,173.642
8879.76,-3787.27,175.473
8883.97,-3789.07,177.301
8888.18,-3790.87,179.131
8892.39,-3792.67,180.962
8896.65,-3794.47,182.869
8901.1,-3796.27,184.871
8908.04,-3798.07,187.979
8912.42,-3799.87,189.87
8916.7,-3801.67,191.714
8920.94,-3803.47,193.538
8925.19,-3805.27,194.715
8929.43,-3807.07,195.891
8933.64,-3808.87,197.058
8937.85,-3810.67,198.223
8942.06,-3812.47,200.043
8946.27,-3814.27,201.859
8950.48,-3816.07,203.679
8954.69,-3817.87,205.496
8958.9,-3819.67,207.316
8963.12,-3821.47,209.141
8967.34,-3823.27,210.946
8971.55,-3825.07,212.748
8975.76,-3826.87,214.549
8979.98,-3828.67,216.355
8984.19,-3830.47,218.174
8988.41,-3832.27,219.993
8992.63,-3834.07,221.818
8996.86,-3835.87,223.645
9001.08,-3837.67,225.512
9005.29,-3839.47,227.376
9009.53,-3841.27,229.244
9013.89,-3843.07,231.161
9018.31,-3844.87,233.109
9022.71,-3846.67,235.054
9027.24,-3848.47,237.048
9031.67,-3850.27,238.75
9036.07,-3852.07,240.447
9040.56,-3853.87,242.167
9045.25,-3855.67,243.99
9049.92,-3857.47,245.797
9054.39,-3859.27,247.532
9058.78,-3861.07,249.397
9063.12,-3862.87,251.245
9067.34,-3864.67,253.033
9071.56,-3866.47,254.823
9075.78,-3868.27,256.374
9080,-3870.07,257.927
9084.21,-3871.87,259.478
9088.43,-3873.67,261.364
9092.65,-3875.47,263.253
9096.86,-3877.27,265.138
9101.08,-3879.07,267.026
9105.3,-3880.87,268.797
9109.52,-3882.67,270.572
9113.73,-3884.47,272.344
9117.94,-3886.27,274.115
9122.16,-3888.07,275.951
9126.42,-3889.87,277.801
9130.64,-3891.67,279.638
9134.87,-3893.47,281.506
9139.09,-3895.27,283.367
9143.31,-3897.07,285.23
9147.62,-3898.87,287.1
9151.84,-3900.67,288.933
9156.05,-3902.47,290.763
9160.27,-3904.27,292.594
9164.49,-3906.07,294.317
9168.7,-3907.87,296.041
9172.92,-3909.67,297.766
9177.13,-3911.47,299.489
9181.35,-3913.27,301.274
9185.57,-3915.07,303.059
9189.78,-3916.87,304.844
9194,-3918.67,306.605
9198.22,-3920.47,308.367
9202.43,-3922.27,310.13
9206.65,-3924.07,311.89
9210.86,-3925.87,313.666
9215.08,-3927.67,315.441
9219.3,-3929.47,317.217
9223.51,-3931.27,318.996
9227.81,-3933.07,320.814
9232.03,-3934.87,322.597
9236.28,-3936.67,324.39
9240.5,-3938.47,326.144
9244.71,-3940.27,327.897
9248.92,-3942.07,329.646
9253.15,-3943.87,331.461
9257.36,-3945.67,333.275
9261.58,-3947.47,335.088
9265.79,-3949.27,336.899
9270.01,-3951.07,338.698
9274.23,-3952.87,340.494
9278.44,-3954.67,342.29
9282.66,-3956.47,344.069
9286.88,-3958.27,345.844
9291.1,-3960.07,347.619
9295.31,-3961.87,349.389
9299.69,-3963.67,351.214
9303.9,-3965.47,352.961
9308.11,-3967.27,354.691
9312.33,-3969.07,356.378
9316.55,-3970.88,357.894
9320.76,-3972.68,358.659
9324.97,-3974.48,357.718
9329.24,-3976.28,356.105
9333.49,-3978.08,354.382
9337.7,-3979.88,352.636
9341.92,-3981.68,350.874
9346.14,-3983.48,349.058
9350.36,-3985.28,347.235
9354.57,-3987.08,345.412
9358.78,-3988.88,343.541
9363,-3990.68,341.666
9367.22,-3992.48,339.792
9371.44,-3994.28,337.916
9375.65,-3996.08,336.068
9379.87,-3997.88,334.216
9384.08,-3999.68,332.368
9388.36,-4001.48,330.563
9392.58,-4003.28,328.783
9396.79,-4005.08,327.004
9401.01,-4006.88,325.225
9405.22,-4008.68,323.512
9409.44,-4010.48,321.797
9413.66,-4012.28,320.084
9417.87,-4014.08,318.371
9422.09,-4015.88,316.631
9426.3,-4017.68,314.892
9430.52,-4019.48,313.151
9434.76,-4021.28,311.375
9438.98,-4023.08,309.61
9443.2,-4024.88,307.844
9447.41,-4026.68,306.081
9451.89,-4028.48,304.33
9456.11,-4030.28,302.68
9460.32,-4032.08,301.03
9464.54,-4033.88,299.408
9468.75,-4035.68,297.784
9472.97,-4037.48,296.159
9477.18,-4039.28,294.536
9481.4,-4041.08,292.623
9485.62,-4042.88,290.711
9489.84,-4044.68,288.797
9494.05,-4046.48,286.969
9498.27,-4048.28,285.141
9502.48,-4050.08,283.31
9506.7,-4051.88,281.483
9510.91,-4053.68,279.585
9515.13,-4055.48,277.69
9519.35,-4057.28,275.793
9523.56,-4059.08,273.933
9527.77,-4060.88,272.075
9532.01,-4062.68,270.203
9536.26,-4064.48,268.331
9540.56,-4066.28,266.46
9544.78,-4068.08,264.625
9548.99,-4069.88,262.792
9553.21,-4071.68,261.085
9557.42,-4073.48,259.38
9561.64,-4075.28,257.671
9565.86,-4077.08,255.963
9570.08,-4078.88,254.177
9574.3,-4080.68,252.397
9578.51,-4082.48,250.616
9582.73,-4084.28,248.833
9586.94,-4086.08,247.106
9591.16,-4087.88,245.376
9595.38,-4089.68,243.649
9599.81,-4091.48,241.848
9604.02,-4093.28,240.137
9608.24,-4095.08,238.425
9612.46,-4096.88,236.713
9616.67,-4098.68,234.896
9620.89,-4100.48,233.076
9625.1,-4102.28,231.26
9629.33,-4104.08,229.456
9633.6,-4105.88,227.63
9637.81,-4107.68,225.827
9642.03,-4109.48,224.024
9646.25,-4111.28,222.101
9650.47,-4113.08,220.177
9654.68,-4114.88,218.254
9658.89,-4116.68,216.561
9663.11,-4118.48,214.866
9667.33,-4120.28,213.174
9671.55,-4122.08,211.481
9675.76,-4123.88,209.555
9679.98,-4125.68,207.626
9684.19,-4127.48,205.702
9688.49,-4129.27,203.909
9692.71,-4131.07,202.147
9696.92,-4132.87,200.387
9701.14,-4134.67,198.625
9705.35,-4136.47,196.786
9709.57,-4138.27,194.945
9713.79,-4140.07,193.108
9718,-4141.87,191.268
9722.22,-4143.67,189.469
9726.43,-4145.47,187.672
9730.65,-4147.27,185.872
9734.89,-4149.07,184.01
9739.11,-4150.87,182.158
9743.32,-4152.67,180.305
9747.54,-4154.47,178.455
9751.75,-4156.27,176.625
9755.97,-4158.07,174.796
9760.19,-4159.87,172.965
9764.4,-4161.67,171.162
9768.61,-4163.47,169.358
9772.83,-4165.27,167.553
9777.04,-4167.07,165.749
9781.26,-4168.87,163.998
9785.47,-4170.67,162.248
9789.69,-4172.47,160.497
9793.9,-4174.27,158.616
9798.12,-4176.07,156.733
9802.34,-4177.87,154.849
9806.55,-4179.67,152.968
9810.77,-4181.47,151.053
9814.98,-4183.27,149.14
9819.24,-4185.07,147.207
9823.45,-4186.87,145.456
9827.67,-4188.67,143.704
9831.89,-4190.47,141.951
9836.16,-4192.27,140.177
9840.56,-4194.07,138.326
9844.77,-4195.87,136.554
9848.99,-4197.67,134.782
9853.21,-4199.47,133.008
9857.42,-4201.27,131.23
9861.64,-4203.07,129.45
9865.85,-4204.87,127.672
9870.07,-4206.67,125.837
9874.28,-4208.47,124.005
9878.5,-4210.27,122.172
9882.71,-4212.07,120.337
9886.93,-4213.87,118.546
9891.15,-4215.67,116.752
9895.36,-4217.47,114.961
9899.58,-4219.27,113.173
9903.79,-4221.06,111.389
9908,-4222.86,109.604
9912.22,-4224.66,107.818
9916.43,-4226.46,106
9920.65,-4228.26,104.18
9924.92,-4230.06,102.341
9929.31,-4231.86,100.433
9933.56,-4233.66,98.5879
9937.8,-4235.46,96.7451
9942.02,-4237.26,94.9112
9946.44,-4239.06,93.0552
9950.66,-4240.86,91.2805
9954.87,-4242.66,89.5099
9959.09,-4244.46,87.7422
9963.31,-4246.26,85.9721
9967.52,-4248.06,84.2048
9971.74,-4249.86,82.436
9975.95,-4251.66,80.6443
9980.17,-4253.46,78.8499
9984.39,-4255.26,77.0579
9988.6,-4257.06,75.2656
9992.82,-4258.86,73.4616
9997.03,-4260.66,71.6585
10001.3,-4262.46,69.8551
10005.7,-4264.26,67.9783
10009.9,-4266.06,66.191
10017.3,-4267.86,63.0564
10021.7,-4269.66,61.19
10025.9,-4271.46,59.3882
10030.1,-4273.26,57.5889
10034.4,-4275.06,56.2652
10038.6,-4276.86,54.9393
10042.8,-4278.66,53.625
10047,-4280.46,52.3128
10051.2,-4282.26,50.4682
10055.5,-4284.06,48.6221
10059.7,-4285.86,46.7736
10063.9,-4287.66,45.0566
10068.1,-4289.46,43.3396
10072.3,-4291.26,41.625
10076.5,-4293.06,39.9113
10080.8,-4294.86,38.012
10085,-4296.66,36.1157
10089.2,-4298.46,34.204
10093.4,-4300.26,32.5382
10097.6,-4302.06,30.8724
10101.9,-4303.86,29.2078
10106.1,-4305.66,27.5441
10110.3,-4307.46,25.7087
10114.5,-4309.26,23.8809
10118.7,-4311.06,22.0551
10123,-4312.85,20.2304
10127.2,-4314.65,18.4514
10131.4,-4316.45,16.671
10135.6,-4318.25,14.886
10139.9,-4320.05,13.0936
10144.1,-4321.85,11.3239
10148.3,-4323.65,9.56958
10152.5,-4325.45,7.83733
10156.7,-4327.25,6.13951
10160.9,-4329.05,4.53645
10165.2,-4330.85,3.18254
10169.4,-4332.65,2.51607
10173.6,-4334.45,3.02646
10177.8,-4336.25,4.31026
10182,-4338.05,5.88143
10186.2,-4339.85,7.55895
10190.4,-4341.65,9.29132
10194.6,-4343.45,11.0476
10199,-4345.25,12.8661
10203.2,-4347.05,14.646
10207.4,-4348.85,16.4305
10211.6,-4350.65,18.2205
10215.8,-4352.45,19.9941
10220.1,-4354.25,21.7723
10224.3,-4356.05,23.5491
10228.5,-4357.85,25.3279
10232.7,-4359.65,27.0878
10237,-4361.45,28.8584
10241.2,-4363.25,30.6321
10245.4,-4365.05,32.4017
10249.6,-4366.85,34.1732
10253.8,-4368.65,35.9419
10258.1,-4370.45,37.7123
10262.3,-4372.25,39.5281
10266.5,-4374.05,41.3433
10270.7,-4375.85,43.1588
10274.9,-4377.65,45.0235
10279.1,-4379.45,46.8892
10283.3,-4381.25,48.7568
10287.6,-4383.05,50.6219
10291.8,-4384.85,52.3943
10296,-4386.65,54.1659
10300.2,-4388.45,55.9384
10304.4,-4390.25,57.5252
10308.6,-4392.05,59.1143
10312.9,-4393.85,60.7028
10317.1,-4395.65,62.2905
10321.3,-4397.45,64.1754
10325.5,-4399.25,66.0598
10329.7,-4401.05,67.9448
10333.9,-4402.85,69.6967
10338.2,-4404.65,71.4593
10342.4,-4406.44,73.2216
10346.6,-4408.24,74.9722
10351.1,-4410.04,76.8653
10355.3,-4411.84,78.6619
10359.5,-4413.64,80.4607
10363.7,-4415.44,82.2561
10367.9,-4417.24,84.1112
10372.1,-4419.04,85.968
10376.3,-4420.84,87.8228
10380.6,-4422.64,89.5961
10384.8,-4424.44,91.3683
10389,-4426.24,93.1397
10393.2,-4428.04,94.9462
10397.4,-4429.84,96.7502
10401.6,-4431.64,98.556
10405.9,-4433.44,100.36
10410.1,-4435.24,102.172
10414.3,-4437.04,103.984
10418.5,-4438.84,105.795
10422.7,-4440.64,107.608
10426.9,-4442.44,109.359
10431.1,-4444.24,111.115
10435.4,-4446.04,112.878
10439.6,-4447.84,114.642
10443.8,-4449.64,116.414
10448.1,-4451.44,118.175
10452.3,-4453.24,119.938
10456.5,-4455.04,121.715
10460.7,-4456.84,123.496
10464.9,-4458.64,125.273
10469.1,-4460.44,127.05
10473.4,-4462.24,128.795
10477.6,-4464.04,130.538
10481.8,-4465.84,132.282
10486,-4467.64,134.246
10490.2,-4469.44,136.211
10494.4,-4471.24,138.174
10498.6,-4473.04,140.137
10502.9,-4474.84,141.891
10507.1,-4476.64,143.64
10511.3,-4478.44,145.392
10515.5,-4480.24,147.195
10519.7,-4482.04,148.999
10523.9,-4483.84,150.799
10528.2,-4485.64,152.6
10532.4,-4487.44,154.546
10536.6,-4489.24,156.49
10540.9,-4491.04,158.422
10545.1,-4492.84,160.318
10549.3,-4494.64,162.205
10553.5,-4496.44,164.087
10557.7,-4498.23,165.971
10562,-4500.03,167.856
10566.2,-4501.83,169.739
10570.4,-4503.63,171.625
10574.6,-4505.43,173.479
10578.8,-4507.23,175.335
10583,-4509.03,177.192
10587.2,-4510.83,179.047
10591.5,-4512.63,180.916
10595.7,-4514.43,182.784
10599.9,-4516.23,184.653
10604.1,-4518.03,186.519
10608.3,-4519.83,188.379
10612.5,-4521.63,190.242
10616.7,-4523.43,192.103
10621,-4525.23,193.84
10625.2,-4527.03,195.578
10629.5,-4528.83,197.341
10633.9,-4530.63,199.089
10638.1,-4532.43,200.772
10642.3,-4534.23,202.445
10646.6,-4536.03,204.126
10650.8,-4537.83,205.846
10655,-4539.63,207.564
10659.2,-4541.43,209.298
10663.5,-4543.23,211.014
10667.7,-4545.03,212.918
10671.9,-4546.83,214.824
10676.1,-4548.63,216.728
10680.3,-4550.43,218.572
10684.5,-4552.23,220.414
10688.7,-4554.03,222.256
10693,-4555.83,224.099
10697.2,-4557.63,225.919
10701.4,-4559.43,227.742
10705.6,-4561.23,229.562
10709.8,-4563.03,231.371
10714,-4564.83,233.177
10718.2,-4566.63,234.983
10722.5,-4568.43,236.791
10726.7,-4570.23,238.592
10730.9,-4572.03,240.394
10735.1,-4573.83,242.206
10739.4,-4575.63,244.065
10743.6,-4577.43,245.922
10747.8,-4579.23,247.779
10752,-4581.03,249.637
10756.2,-4582.83,251.453
10760.4,-4584.63,253.271
10764.7,-4586.43,255.087
10768.9,-4588.23,256.906
10773.1,-4590.02,258.667
10777.3,-4591.82,260.427
10781.5,-4593.62,262.188
10785.9,-4595.42,264.039
10790.2,-4597.22,265.81
10794.4,-4599.02,267.577
10798.6,-4600.82,269.344
10802.8,-4602.62,271.163
10807,-4604.42,272.98
10811.2,-4606.22,274.799
10815.4,-4608.02,276.593
10819.7,-4609.82,278.387
10823.9,-4611.62,280.178
10828.1,-4613.42,281.971
10832.3,-4615.22,283.82
10836.5,-4617.02,285.679
10840.8,-4618.82,287.527
10845,-4620.62,289.324
10849.3,-4622.42,291.148
10853.5,-4624.22,292.945
10857.7,-4626.02,294.74
10861.9,-4627.82,296.546
10866.1,-4629.62,298.35
10870.3,-4631.42,300.156
10874.6,-4633.22,301.927
10878.8,-4635.02,303.674
10883,-4636.82,305.422
10887.3,-4638.62,307.166
10891.5,-4640.42,308.933
10895.7,-4642.22,310.697
10899.9,-4644.02,312.462
10904.1,-4645.82,314.224
10908.3,-4647.62,315.981
10912.5,-4649.42,317.741
10916.8,-4651.22,319.497
10921,-4653.02,321.281
10925.2,-4654.82,323.062
10929.4,-4656.62,324.845
10933.6,-4658.42,326.624
10938.1,-4660.22,328.523
10942.3,-4662.02,330.304
10946.6,-4663.82,332.081
10950.8,-4665.62,333.818
10955,-4667.42,335.541
10959.3,-4669.22,337.279
10963.5,-4671.02,338.997
10967.7,-4672.82,340.75
10971.9,-4674.62,342.502
10976.1,-4676.42,344.247
10980.3,-4678.22,346.006
10984.5,-4680.02,347.754
10988.8,-4681.81,349.49
10993,-4683.61,351.207
10997.2,-4685.41,352.869
11001.4,-4687.21,354.47
11005.6,-4689.01,355.927
11009.8,-4690.81,357.027
11014.1,-4692.61,357.334
11018.3,-4694.41,356.625
11022.5,-4696.21,355.342
11026.8,-4698.01,353.782
11031.1,-4699.81,352.141
11035.3,-4701.61,350.468
11039.5,-4703.41,348.779
11044,-4705.21,346.967
11048.2,-4707.01,345.251
11052.5,-4708.81,343.516
11056.7,-4710.61,341.829
11060.9,-4712.41,340.137
11065.1,-4714.21,338.448
11069.3,-4716.01,336.755
11073.5,-4717.81,334.906
11077.8,-4719.61,333.054
11082,-4721.41,331.2
11086.2,-4723.21,329.342
11090.4,-4725.01,327.481
11094.6,-4726.81,325.622
11099.1,-4728.61,323.724
11103.3,-4730.41,321.931
11107.5,-4732.21,320.14
11111.7,-4734.01,318.347
11116,-4735.81,316.638
11120.2,-4737.61,314.925
11124.4,-4739.41,313.216
11128.6,-4741.21,311.506
11132.8,-4743.01,309.532
11137.1,-4744.81,307.545
11141.3,-4746.61,305.57
11145.5,-4748.41,303.88
11149.7,-4750.21,302.187
11153.9,-4752.01,300.486
11158.2,-4753.81,298.794
11162.4,-4755.61,296.989
11166.6,-4757.41,295.186
11170.8,-4759.21,293.381
11175,-4761.01,291.658
11179.2,-4762.81,289.934
11183.5,-4764.61,288.213
11187.7,-4766.41,286.491
11191.9,-4768.21,284.733
11196.1,-4770.01,282.995
11200.4,-4771.81,281.256
11204.6,-4773.6,279.468
11208.8,-4775.4,277.68
11213,-4777.2,275.891
11217.2,-4779,274.104
11221.4,-4780.8,272.304
11225.6,-4782.6,270.506
11229.9,-4784.4,268.707
11234.1,-4786.2,266.887
11238.3,-4788,265.053
11242.5,-4789.8,263.23
11246.7,-4791.6,261.408
11251.2,-4793.4,259.503
11255.4,-4795.2,257.683
11259.6,-4797,255.871
11263.8,-4798.8,254.063
11268.1,-4800.6,252.317
11272.3,-4802.4,250.567
11276.5,-4804.2,248.82
11280.7,-4806,247.003
11284.9,-4807.8,245.189
11289.1,-4809.6,243.374
11293.3,-4811.4,241.558
11297.5,-4813.2,239.783
11301.8,-4815,238.005
11306,-4816.8,236.23
11310.2,-4818.6,234.452
11314.4,-4820.4,232.697
11318.6,-4822.2,230.941
11322.8,-4824,229.183
11327,-4825.8,227.415
11331.3,-4827.6,225.646
11335.5,-4829.4,223.878
11339.9,-4831.2,221.982
11344.1,-4833,220.156
11348.3,-4834.8,218.331
11352.5,-4836.6,216.505
11356.7,-4838.4,214.823
11361,-4840.2,213.15
11365.2,-4842,211.478
11369.4,-4843.8,209.802
11373.6,-4845.6,207.947
11377.8,-4847.4,206.091
11382,-4849.2,204.234
11386.3,-4851,202.369
11390.5,-4852.8,200.5
11394.7,-4854.6,198.636
11398.9,-4856.4,196.771
11403.1,-4858.2,194.939
11407.3,-4860,193.109
11411.5,-4861.8,191.277
11415.8,-4863.6,189.482
11420,-4865.4,187.684
11424.2,-4867.19,185.891
11428.4,-4868.99,184.097
11432.6,-4870.79,182.327
11436.9,-4872.59,180.547
11441.1,-4874.39,178.777
11445.3,-4876.19,177.01
11449.5,-4877.99,175.101
11453.7,-4879.79,173.194
11457.9,-4881.59,171.276
11462.2,-4883.39,169.509
11466.4,-4885.19,167.745
11470.6,-4886.99,165.979
11474.8,-4888.79,164.174
11479,-4890.59,162.367
11483.2,-4892.39,160.56
11487.4,-4894.19,158.754
11491.7,-4895.99,156.917
11495.9,-4897.79,155.081
11500.1,-4899.59,153.245
11504.3,-4901.39,151.412
11508.5,-4903.19,149.591
11512.7,-4904.99,147.766
11520.3,-4906.79,144.575
11524.7,-4908.59,142.74
11528.9,-4910.39,140.966
11533.1,-4912.19,139.19
11537.3,-4913.99,138.135
11541.6,-4915.79,137.085
11545.8,-4917.59,136.038
11550,-4919.39,134.989
11554.2,-4921.19,133.014
11558.4,-4922.99,131.019
11562.6,-4924.79,129.039
11566.9,-4926.59,127.267
11571.1,-4928.39,125.492
11575.3,-4930.19,123.72
11579.5,-4931.99,121.8
11583.7,-4933.79,119.886
11587.9,-4935.59,117.97
11592.1,-4937.39,116.051
11596.3,-4939.19,114.219
11600.6,-4940.99,112.386
11604.8,-4942.79,110.554
11609,-4944.59,108.723
11613.2,-4946.39,106.726
11617.4,-4948.19,104.733
11621.6,-4949.99,102.737
11625.8,-4951.79,100.761
11630.1,-4953.59,98.7824
11634.3,-4955.39,96.8053
11638.5,-4957.19,94.8131
11642.7,-4958.98,93.0644
11646.9,-4960.78,91.3185
11651.2,-4962.58,89.5703
11655.4,-4964.38,87.7773
11659.6,-4966.18,85.9694
11663.8,-4967.98,84.1756
11668,-4969.78,82.381
11672.3,-4971.58,80.6557
11676.5,-4973.38,78.9312
11680.7,-4975.18,77.2056
11684.9,-4976.98,75.4828
11689.1,-4978.78,73.6199
11693.3,-4980.58,71.7554
11697.6,-4982.38,69.8926
11701.8,-4984.18,68.1081
11706,-4985.98,66.3244
11710.2,-4987.78,64.539
11714.4,-4989.58,62.696
11718.6,-4991.38,60.8521
11722.8,-4993.18,59.0066
11727.1,-4994.98,57.1632
11731.3,-4996.78,55.389
11735.5,-4998.58,53.6136
11739.7,-5000.38,51.8258
11743.9,-5002.18,50.052
11748.2,-5003.98,48.224
11752.4,-5005.78,46.3942
11756.6,-5007.58,44.5666
11760.8,-5009.38,42.7594
11765,-5011.18,40.963
11769.3,-5012.98,39.1669
11773.5,-5014.78,37.373
11777.7,-5016.58,35.5786
11781.9,-5018.38,33.7812
11786.1,-5020.18,31.9872
11790.3,-5021.98,30.2417
11794.5,-5023.78,28.499
11798.8,-5025.58,26.7551
11803,-5027.38,25.0105
11807.2,-5029.18,23.2238
11811.4,-5030.98,21.4357
11815.6,-5032.78,19.6493
11819.8,-5034.58,17.8626
11824,-5036.38,16.0593
11828.3,-5038.18,14.2573
11832.5,-5039.98,12.4544
11836.7,-5041.78,10.646
11840.9,-5043.58,8.85267
11845.1,-5045.38,7.0728
11849.4,-5047.18,5.31011
11853.6,-5048.98,3.62631
11857.8,-5050.77,2.09322
11862,-5052.57,1.37854
11866.2,-5054.37,2.51669
11870.4,-5056.17,4.23218
11874.7,-5057.97,6.04944
11878.9,-5059.77,7.90074
11883.1,-5061.57,9.67496
11887.3,-5063.37,11.4561
11891.5,-5065.17,13.2452
11895.7,-5066.97,15.1196
11899.9,-5068.77,16.9964
11904.1,-5070.57,18.8732
11908.3,-5072.37,20.7503
11912.6,-5074.17,22.6005
11916.8,-5075.97,24.4497
11921,-5077.77,26.3007
11925.2,-5079.57,28.0548
11929.4,-5081.37,29.8098
11933.6,-5083.17,31.5658
11937.9,-5084.97,33.3328
11942.1,-5086.77,35.0636
11946.3,-5088.57,36.7926
11950.5,-5090.37,38.5235
11954.7,-5092.17,40.2508
11958.9,-5093.97,42.0316
11963.2,-5095.77,43.8252
11967.5,-5097.57,45.6531
11971.7,-5099.37,47.4455
11976,-5101.17,49.2346
11980.2,-5102.97,51.0242
11984.4,-5104.77,52.8109
11988.6,-5106.57,54.5773
11992.8,-5108.37,56.3463
11997,-5110.17,58.1128
12001.2,-5111.97,59.7888
12005.4,-5113.77,61.4641
12009.7,-5115.57,63.1402
12013.9,-5117.37,64.8142
12018.1,-5119.17,66.6897
12022.3,-5120.97,68.5682
12026.5,-5122.77,70.4437
12030.7,-5124.57,72.3291
12034.9,-5126.37,74.212
12039.2,-5128.17,76.1234
12043.4,-5129.97,78.0113
12047.7,-5131.77,79.8347
12051.9,-5133.57,81.6324
12056.1,-5135.37,83.4288
12060.4,-5137.17,85.239
12064.6,-5138.97,87.0576
12068.8,-5140.77,88.8669
12073,-5142.56,90.6771
12077.2,-5144.36,92.4861
12081.5,-5146.16,94.2971
12085.7,-5147.96,96.1057
12089.9,-5149.76,97.9168
12094.1,-5151.56,99.7056
12098.3,-5153.36,101.495
12102.5,-5155.16,103.286
12106.7,-5156.96,105.066
12111,-5158.76,106.847
12115.2,-5160.56,108.626
12119.4,-5162.36,110.408
12123.6,-5164.16,112.119
12127.8,-5165.96,113.832
12132,-5167.76,115.546
12136.2,-5169.56,117.382
12140.5,-5171.36,119.232
12144.7,-5173.16,121.068
12148.9,-5174.96,122.904
12153.1,-5176.76,124.898
12157.3,-5178.56,126.888
12161.6,-5180.36,128.88
12165.8,-5182.16,130.747
12170,-5183.96,132.605
12174.2,-5185.76,134.46
12178.4,-5187.56,136.315
12182.6,-5189.36,138.132
12186.9,-5191.16,139.947
12191.1,-5192.96,141.763
12195.3,-5194.76,143.578
12199.5,-5196.56,145.237
12203.7,-5198.36,146.893
12207.9,-5200.16,148.551
12212.1,-5201.96,150.329
12216.4,-5203.76,152.106
12220.6,-5205.56,153.885
12224.8,-5207.36,155.662
12229,-5209.16,157.393
12233.2,-5210.96,159.127
12237.5,-5212.76,160.87
12241.7,-5214.56,162.666
12245.9,-5216.36,164.46
12250.1,-5218.16,166.254
12254.3,-5219.96,168.046
12258.5,-5221.76,169.927
12262.7,-5223.56,171.811
12267,-5225.36,173.703
12271.2,-5227.16,175.587
12275.4,-5228.96,177.441
12279.6,-5230.76,179.298
12283.8,-5232.56,181.151
12288.1,-5234.35,182.992
12292.3,-5236.15,184.836
12296.5,-5237.95,186.678
12300.7,-5239.75,188.527
12304.9,-5241.55,190.374
12309.1,-5243.35,192.221
12313.3,-5245.15,194.07
12317.5,-5246.95,195.886
12321.8,-5248.75,197.703
12326,-5250.55,199.519
12330.2,-5252.35,201.336
12334.4,-5254.15,203.198
12338.6,-5255.95,205.073
12342.9,-5257.75,206.939
12347.1,-5259.55,208.693
12351.3,-5261.35,210.451
12355.5,-5263.15,212.205
12359.7,-5264.95,213.962
12363.9,-5266.75,215.779
12368.2,-5268.55,217.609
12372.4,-5270.35,219.429
12376.6,-5272.15,221.225
12380.8,-5273.95,223.022
12385,-5275.75,224.82
12389.3,-5277.55,226.617
12393.5,-5279.35,228.411
12397.7,-5281.15,230.205
12401.9,-5282.95,232.002
12406.1,-5284.75,233.795
12410.3,-5286.55,235.675
12414.5,-5288.35,237.552
12418.8,-5290.15,239.43
12423,-5291.95,241.192
12427.2,-5293.75,242.953
12431.4,-5295.55,244.716
12435.6,-5297.35,246.511
12439.9,-5299.15,248.319
12444.1,-5300.95,250.114
12448.3,-5302.75,251.909
12452.5,-5304.55,253.819
12456.7,-5306.35,255.727
12460.9,-5308.15,257.635
12465.1,-5309.95,259.542
12469.4,-5311.75,261.447
12473.6,-5313.55,263.339
12477.8,-5315.35,265.231
12482,-5317.15,267.003
12486.2,-5318.95,268.775
12490.5,-5320.75,270.547
12494.7,-5322.55,272.317
12498.9,-5324.35,273.966
12503.1,-5326.15,275.618
12507.3,-5327.94,277.267
12511.5,-5329.74,278.985
12515.7,-5331.54,280.701
12520,-5333.34,282.418
12524.2,-5335.14,284.133
12528.4,-5336.94,286.035
12532.6,-5338.74,287.938
12536.8,-5340.54,289.841
12541.1,-5342.34,291.756
12545.3,-5344.14,293.452
12549.5,-5345.94,295.15
12553.7,-5347.74,296.845
12557.9,-5349.54,298.565
12562.1,-5351.34,300.287
12566.3,-5353.14,302.007
12570.6,-5354.94,303.741
12574.8,-5356.74,305.545
12579,-5358.54,307.348
12583.2,-5360.34,309.153
12587.4,-5362.14,311.049
12591.7,-5363.94,312.945
12595.9,-5365.74,314.84
12600.1,-5367.54,316.736
12604.3,-5369.34,318.582
12608.5,-5371.14,320.427
12612.7,-5372.94,322.274
12616.9,-5374.74,324.094
12621.2,-5376.54,325.915
12625.4,-5378.34,327.734
12629.6,-5380.14,329.553
12633.8,-5381.94,331.251
12638,-5383.74,332.961
12642.3,-5385.54,334.662
12646.5,-5387.34,336.275
12650.7,-5389.14,337.888
12654.9,-5390.94,339.496
12659.1,-5392.74,341.103
12663.3,-5394.54,342.869
12667.6,-5396.34,344.626
12671.8,-5398.14,346.386
12676,-5399.94,348.118
