4.28541,-1.8,0.2307
8.78446,-3.6,0.2307
13.021,-5.4,0.2307
17.2355,-7.2,0.2307
21.4506,-9,0.884695
25.6675,-10.8,1.61103
29.8795,-12.6,2.34272
34.0956,-14.4,3.07598
38.3081,-16.2,4.61261
42.5252,-18,6.15836
46.7336,-19.8,7.70336
50.9466,-21.6,9.57327
55.1635,-23.4,11.4464
59.3783,-25.2,13.3188
63.5968,-27,15.1926
67.8105,-28.8,17.1303
72.0604,-30.6,19.0683
76.3163,-32.4,21.0413
80.5339,-34.2,22.9757
84.7561,-36,24.9122
88.9713,-37.8,26.8449
93.1925,-39.6,28.7812
97.4081,-41.4,30.7328
101.625,-43.2,32.6849
105.844,-45,34.6374
110.064,-46.8,36.4492
114.289,-48.6,38.2641
118.506,-50.4,40.0761
122.725,-52.2,41.8881
126.937,-54,43.4721
131.152,-55.8,45.0571
135.371,-57.6,46.6441
139.584,-59.4,48.3892
143.804,-61.2,50.1374
148.019,-63,51.8837
152.241,-64.8,53.6318
156.454,-66.6,55.3606
160.67,-68.4,57.0894
164.889,-70.2,58.82
169.103,-72,60.5731
173.322,-73.8,62.3286
177.567,-75.6,64.0949
181.784,-77.4,65.8497
186.006,-79.2,67.6711
190.22,-81,69.4891
194.441,-82.8,71.3116
198.66,-84.6,73.1318
202.879,-86.4,74.9583
207.091,-88.2,76.781
211.307,-90,78.6058
215.531,-91.8,80.4233
219.748,-93.6,82.2377
223.967,-95.4,84.0527
228.181,-97.2,85.8665
232.4,-99,87.6818
236.613,-100.8,89.4943
240.825,-102.6,91.3072
245.043,-104.4,92.9634
249.256,-106.2,94.6173
253.476,-108,96.273
257.688,-109.8,97.9278
261.901,-111.6,99.5375
266.117,-113.4,101.148
270.329,-115.2,102.757
274.551,-117,104.51
278.789,-118.8,106.27
283.009,-120.6,108.021
287.223,-122.4,109.77
291.437,-124.2,111.515
295.656,-126,113.26
299.87,-127.8,115.003
304.087,-129.6,116.747
308.307,-131.4,118.521
312.526,-133.2,120.295
316.743,-135,122.069
320.956,-136.8,123.841
325.177,-138.6,125.616
329.392,-140.4,127.389
333.609,-142.2,129.163
337.821,-144,130.965
342.035,-145.8,132.768
346.253,-147.6,134.572
350.467,-149.4,136.386
354.685,-151.2,138.204
358.9,-153,140.019
363.117,-154.8,141.836
367.33,-156.6,143.66
371.546,-158.4,145.486
375.763,-160.2,147.311
380,-162,149.147
384.219,-163.8,150.974
388.438,-165.6,152.802
392.657,-167.4,154.631
396.871,-169.2,156.483
401.083,-171,158.334
405.303,-172.8,160.189
409.519,-174.6,162.016
413.743,-176.4,163.846
417.993,-178.2,165.671
422.21,-180,167.516
426.426,-181.8,169.298
430.642,-183.6,171.081
434.859,-185.4,172.864
439.072,-187.2,174.646
443.292,-189,176.427
447.505,-190.8,178.206
451.719,-192.6,179.984
455.936,-194.4,181.768
460.15,-196.2,183.549
464.37,-198,185.334
468.583,-199.8,187.134
472.803,-201.6,188.938
477.014,-203.4,190.737
481.25,-205.2,192.548
485.471,-207,194.357
489.685,-208.8,196.165
493.902,-210.6,197.974
498.117,-212.4,199.781
502.333,-214.2,201.603
506.549,-216,203.423
510.762,-217.8,205.243
514.984,-219.6,207.07
519.197,-221.4,208.894
523.415,-223.2,210.72
527.628,-225,212.544
531.842,-226.8,214.354
536.06,-228.6,216.167
540.275,-230.4,217.979
544.495,-232.2,219.77
548.709,-234,221.558
552.931,-235.8,223.349
557.144,-237.6,225.137
561.361,-239.4,226.954
565.578,-241.2,228.772
569.792,-243,230.588
574.011,-244.8,232.407
578.226,-246.6,234.222
582.475,-248.4,236.053
586.689,-250.2,237.87
590.904,-252,239.675
595.123,-253.8,241.482
599.335,-255.6,243.286
603.556,-257.4,245.093
607.769,-259.2,246.9
611.982,-261,248.707
616.203,-262.8,250.518
620.42,-264.6,252.333
624.639,-266.4,254.15
628.853,-268.2,255.965
633.07,-270,257.781
637.284,-271.8,259.605
641.5,-273.6,261.431
645.718,-275.4,263.256
649.934,-277.2,265.092
654.152,-279,266.928
658.371,-280.8,268.764
662.588,-282.6,270.601
666.8,-284.4,272.431
671.014,-286.2,274.261
675.23,-288,276.093
679.451,-289.8,277.926
683.697,-291.6,279.782
687.913,-293.4,281.625
692.194,-295.2,283.497
696.409,-297,285.332
700.624,-298.8,287.168
704.843,-300.6,289.004
709.057,-302.4,290.839
713.276,-304.2,292.684
717.496,-306,294.529
721.71,-307.8,296.371
725.931,-309.6,298.209
730.145,-311.4,300.044
734.365,-313.2,301.881
738.582,-315,303.717
742.802,-316.8,305.568
747.067,-318.6,307.417
751.285,-320.4,309.288
755.508,-322.2,311.157
759.723,-324,313.021
763.947,-325.8,314.89
768.162,-327.6,316.756
772.381,-329.4,318.641
776.595,-331.2,320.524
780.809,-333,322.408
785.057,-334.8,324.335
789.327,-336.6,326.273
793.553,-338.4,328.19
797.768,-340.2,330.102
801.983,-342,332.008
806.201,-343.8,333.915
810.415,-345.6,335.819
814.638,-347.4,337.727
818.853,-349.2,339.653
823.073,-351,341.579
827.287,-352.8,343.501
831.506,-354.6,345.421
835.724,-356.4,347.337
839.939,-358.2,349.247
844.161,-360,351.167
848.377,-361.8,353.07
852.597,-363.6,354.942
856.81,-365.4,356.725
861.025,-367.2,358.143
865.247,-369,358.078
869.461,-370.8,356.616
873.683,-372.6,354.827
877.896,-374.4,352.951
882.145,-376.199,351.029
886.39,-377.999,349.094
890.606,-379.799,347.159
894.824,-381.599,345.217
899.039,-383.399,343.273
903.26,-385.199,341.325
907.473,-386.999,339.378
911.688,-388.799,337.428
915.912,-390.599,335.474
920.127,-392.399,333.515
924.348,-394.199,331.553
928.565,-395.999,329.591
932.785,-397.799,327.628
937,-399.599,325.688
941.214,-401.399,323.748
945.44,-403.199,321.803
949.655,-404.999,319.862
953.877,-406.799,318.125
958.092,-408.599,316.391
962.313,-410.399,314.653
966.529,-412.199,312.924
970.743,-413.999,311.196
974.961,-415.799,309.466
979.176,-417.599,307.692
983.395,-419.399,305.917
987.632,-421.199,304.135
991.847,-422.999,302.362
996.067,-424.799,300.609
1000.28,-426.599,298.859
1004.5,-428.399,297.106
1008.72,-430.199,295.356
1012.94,-431.999,293.533
1017.16,-433.799,291.711
1021.38,-435.599,289.889
1025.59,-437.399,288.056
1029.81,-439.199,286.222
1034.03,-440.999,284.389
1038.25,-442.799,282.556
1042.47,-444.599,280.736
1046.68,-446.399,278.915
1050.9,-448.199,277.095
1055.12,-449.999,275.269
1059.33,-451.799,273.446
1063.56,-453.599,271.618
1067.77,-455.399,269.794
1071.99,-457.199,268.066
1076.21,-458.999,266.337
1080.43,-460.799,264.609
1084.65,-462.599,262.88
1088.89,-464.399,261.22
1093.11,-466.199,259.567
1097.32,-467.999,257.918
1101.54,-469.799,256.353
1105.76,-471.599,254.787
1109.97,-473.399,253.223
1114.19,-475.199,251.656
1118.41,-476.999,250.101
1122.63,-478.799,248.545
1126.85,-480.599,246.993
1131.06,-482.399,245.397
1135.29,-484.199,243.8
1139.5,-485.999,242.205
1143.72,-487.799,240.608
1147.94,-489.599,239.009
1152.2,-491.399,237.395
1156.41,-493.199,235.796
1160.63,-494.999,234.297
1164.85,-496.799,232.796
1169.06,-498.599,231.295
1173.28,-500.399,229.793
1177.5,-502.199,228.314
1181.72,-503.999,226.835
1185.93,-505.799,225.355
1190.18,-507.599,223.721
1194.4,-509.399,222.095
1198.61,-511.199,220.472
1202.83,-512.999,218.847
1207.05,-514.799,216.95
1211.26,-516.599,215.054
1215.49,-518.399,213.153
1219.7,-520.199,211.308
1223.92,-521.999,209.461
1228.14,-523.799,207.615
1232.36,-525.599,205.767
1236.58,-527.398,203.931
1240.79,-529.198,202.094
1245.02,-530.998,200.255
1249.23,-532.798,198.419
1253.45,-534.598,196.581
1257.67,-536.398,194.743
1261.88,-538.198,192.906
1266.1,-539.998,191.113
1270.32,-541.798,189.321
1274.54,-543.598,187.527
1278.75,-545.398,185.735
1282.97,-547.198,183.949
1287.19,-548.998,182.164
1291.43,-550.798,180.368
1295.65,-552.598,178.557
1299.87,-554.398,176.749
1304.08,-556.198,174.94
1308.3,-557.998,173.132
1312.52,-559.798,171.325
1316.74,-561.598,169.519
1320.96,-563.398,167.711
1325.22,-565.198,165.872
1329.54,-566.998,163.994
1333.77,-568.798,162.163
1337.99,-570.598,160.337
1342.21,-572.398,158.558
1346.43,-574.198,156.78
1350.65,-575.998,155.003
1354.87,-577.798,153.195
1359.08,-579.598,151.389
1363.3,-581.398,149.581
1367.52,-583.198,147.775
1371.73,-584.998,145.98
1375.95,-586.798,144.183
1380.17,-588.598,142.387
1384.39,-590.398,140.589
1388.6,-592.198,138.793
1392.86,-593.998,136.979
1397.07,-595.798,135.182
1401.29,-597.598,133.387
1405.51,-599.398,131.591
1409.73,-601.198,129.797
1413.95,-602.998,128.002
1418.17,-604.798,126.199
1422.39,-606.598,124.397
1426.6,-608.398,122.597
1430.82,-610.198,120.776
1435.04,-611.998,118.952
1439.25,-613.798,117.13
1443.47,-615.598,115.306
1447.69,-617.398,113.474
1451.9,-619.198,111.642
1456.12,-620.998,109.808
1460.34,-622.798,107.978
1464.56,-624.598,106.143
1468.78,-626.398,104.313
1473,-628.198,102.48
1477.21,-629.998,100.661
1481.43,-631.798,98.8409
1485.65,-633.598,97.0192
1489.87,-635.398,95.2021
1494.12,-637.198,93.37
1498.4,-638.998,91.5244
1502.63,-640.798,89.7039
1506.85,-642.598,87.9055
1511.06,-644.398,86.1053
1515.28,-646.198,84.3045
1519.51,-647.998,82.5026
1523.73,-649.798,80.6988
1527.94,-651.598,78.8981
1532.2,-653.398,77.0772
1536.42,-655.198,75.273
1540.64,-656.998,73.4668
1544.86,-658.798,71.6616
1549.08,-660.598,69.8574
1553.3,-662.398,68.0507
1557.52,-664.198,66.2457
1561.73,-665.998,64.4411
1565.95,-667.798,62.6161
1570.17,-669.598,60.7915
1574.4,-671.398,58.9658
1578.61,-673.198,57.1414
1582.83,-674.997,55.2984
1587.05,-676.797,53.4566
1591.26,-678.597,51.6153
1595.51,-680.397,49.7336
1599.73,-682.197,47.8652
1603.95,-683.997,45.997
1608.17,-685.797,44.1296
1612.39,-687.597,42.2593
1616.61,-689.397,40.391
1620.82,-691.197,38.5247
1625.04,-692.997,36.6398
1629.26,-694.797,34.7563
1633.48,-696.597,32.8722
1637.69,-698.397,30.9925
1641.91,-700.197,29.115
1646.13,-701.997,27.2378
1650.35,-703.797,25.3623
1654.57,-705.597,23.4834
1658.79,-707.397,21.5961
1663.01,-709.197,19.7082
1667.22,-710.997,17.8251
1671.44,-712.797,15.9285
1675.66,-714.597,14.0369
1679.88,-716.397,12.1495
1684.1,-718.197,10.2684
1688.32,-719.997,8.38389
1692.54,-721.797,6.51441
1696.78,-723.597,4.68018
1700.99,-725.397,2.9513
1705.21,-727.197,1.75341
1709.42,-728.997,2.23465
1713.64,-730.797,3.80538
1717.86,-732.597,5.6239
1722.07,-734.397,7.50988
1726.29,-736.197,9.42645
1730.5,-737.997,11.3861
1734.72,-739.797,13.3551
1738.94,-741.597,15.329
1743.16,-743.397,17.3092
1747.37,-745.197,19.2777
1751.59,-746.997,21.2479
1755.81,-748.797,23.2227
1760.03,-750.597,25.1953
1764.25,-752.397,27.1779
1768.47,-754.197,29.1574
1772.69,-755.997,31.1403
1776.9,-757.797,33.1011
1781.12,-759.597,35.0609
1785.34,-761.397,37.023
1789.56,-763.197,38.9012
1793.78,-764.997,40.7793
1798.02,-766.797,42.6675
1802.24,-768.597,44.5469
1806.46,-770.397,46.2364
1810.68,-772.197,47.928
1814.9,-773.997,49.6204
1819.12,-775.797,51.313
1823.33,-777.597,53.0945
1827.55,-779.397,54.8749
1831.77,-781.197,56.655
1835.99,-782.997,58.4368
1840.2,-784.797,60.1775
1844.43,-786.597,61.9231
1848.65,-788.397,63.6657
1852.87,-790.197,65.4554
1857.08,-791.997,67.2425
1861.3,-793.797,69.0318
1865.52,-795.597,70.9063
1869.74,-797.397,72.7779
1873.96,-799.197,74.6504
1878.18,-800.997,76.5224
1882.4,-802.797,78.3735
1886.61,-804.597,80.2217
1890.83,-806.397,82.0705
1895.05,-808.197,83.9219
1899.29,-809.997,85.7701
1903.52,-811.797,87.6093
1907.73,-813.597,89.4452
1911.95,-815.397,91.2254
1916.17,-817.197,93.0098
1920.39,-818.997,94.7905
1924.61,-820.797,96.5727
1928.82,-822.596,98.2118
1933.04,-824.396,99.8535
1937.26,-826.196,101.492
1941.48,-827.996,103.045
1945.7,-829.796,104.599
1949.91,-831.596,106.152
1954.13,-833.396,107.705
1958.35,-835.196,109.261
1962.57,-836.996,110.82
1966.79,-838.796,112.375
1971,-840.596,113.968
1975.22,-842.396,115.561
1979.44,-844.196,117.154
1983.66,-845.996,118.749
1987.88,-847.796,120.318
1992.09,-849.596,121.887
1996.31,-851.396,123.459
2000.56,-853.196,125.039
2004.78,-854.996,126.671
2009,-856.796,128.301
2013.22,-858.596,129.933
2017.44,-860.396,131.475
2021.66,-862.196,133.017
2025.88,-863.996,134.559
2030.1,-865.796,136.1
2034.32,-867.596,137.629
2038.54,-869.396,139.158
2042.76,-871.196,140.686
2046.97,-872.996,142.461
2051.19,-874.796,144.239
2055.41,-876.596,146.018
2059.62,-878.396,147.795
2063.84,-880.196,149.662
2068.06,-881.996,151.529
2072.28,-883.796,153.397
2076.5,-885.596,155.231
2080.71,-887.396,157.065
2084.93,-889.196,158.901
2089.15,-890.996,160.734
2093.37,-892.796,162.563
2097.58,-894.596,164.388
2101.83,-896.396,166.226
2106.05,-898.196,168.03
2110.27,-899.996,169.831
2114.49,-901.796,171.635
2118.71,-903.596,173.437
2122.93,-905.396,175.239
2127.14,-907.196,177.036
2131.36,-908.996,178.834
2135.58,-910.796,180.634
2139.79,-912.596,182.462
2144.01,-914.396,184.292
2148.22,-916.196,186.121
2152.44,-917.996,187.949
2156.66,-919.796,189.775
2160.87,-921.596,191.601
2165.09,-923.396,193.429
2169.31,-925.196,195.246
2173.53,-926.996,197.066
2177.74,-928.796,198.882
2181.96,-930.596,200.679
2186.18,-932.396,202.479
2190.4,-934.196,204.278
2194.66,-935.996,206.095
2198.88,-937.796,207.897
2203.12,-939.596,209.708
2207.34,-941.396,211.507
2211.55,-943.196,213.298
2215.78,-944.996,215.089
2219.99,-946.796,216.88
2224.22,-948.596,218.671
2228.44,-950.396,220.403
2232.66,-952.196,222.134
2236.87,-953.996,223.863
2241.08,-955.796,225.698
2245.31,-957.596,227.535
2249.53,-959.396,229.371
2253.75,-961.196,231.208
2257.99,-962.996,233.052
2262.21,-964.796,234.886
2266.43,-966.596,236.719
2270.64,-968.396,238.55
2274.87,-970.195,240.386
2279.08,-971.995,242.221
2283.3,-973.795,244.057
2287.52,-975.595,245.887
2291.74,-977.395,247.715
2295.95,-979.195,249.546
2300.17,-980.995,251.374
2304.42,-982.795,253.213
2308.64,-984.595,255.042
2312.85,-986.395,256.872
2317.07,-988.195,258.684
2321.29,-989.995,260.497
2325.51,-991.795,262.311
2329.73,-993.595,264.123
2333.94,-995.395,265.943
2338.16,-997.195,267.761
2342.38,-998.995,269.582
2346.6,-1000.8,271.411
2350.81,-1002.6,273.24
2355.03,-1004.4,275.071
2359.25,-1006.2,276.901
2363.47,-1008,278.735
2367.68,-1009.8,280.569
2371.9,-1011.6,282.403
2376.12,-1013.4,284.259
2380.33,-1015.2,286.113
2384.56,-1017,287.97
2388.77,-1018.8,289.824
2393,-1020.6,291.695
2397.21,-1022.4,293.562
2401.43,-1024.2,295.432
2405.68,-1026,297.313
2409.9,-1027.8,299.214
2414.12,-1029.6,301.116
2418.33,-1031.4,303.016
2422.56,-1033.2,304.926
2426.77,-1035,306.831
2430.99,-1036.8,308.737
2435.21,-1038.6,310.644
2439.43,-1040.4,312.572
2443.65,-1042.2,314.501
2447.86,-1044,316.426
2452.08,-1045.8,318.353
2456.3,-1047.6,320.283
2460.52,-1049.4,322.21
2464.74,-1051.2,324.139
2468.95,-1053,326.068
2473.18,-1054.8,328
2477.39,-1056.6,329.929
2481.61,-1058.4,331.872
2485.83,-1060.2,333.818
2490.05,-1062,335.763
2494.27,-1063.8,337.708
2498.49,-1065.6,339.649
2502.7,-1067.4,341.59
2506.95,-1069.2,343.54
2511.16,-1071,345.5
2515.38,-1072.8,347.459
2519.6,-1074.6,349.411
2523.82,-1076.4,351.354
2528.04,-1078.2,353.285
2532.26,-1080,355.182
2536.47,-1081.8,356.969
2540.69,-1083.6,358.28
2544.91,-1085.4,357.85
2549.12,-1087.2,356.209
2553.34,-1089,354.325
2557.56,-1090.8,352.375
2561.77,-1092.6,350.402
2565.99,-1094.4,348.413
2570.21,-1096.2,346.421
2574.43,-1098,344.42
2578.65,-1099.8,342.417
2582.87,-1101.6,340.411
2587.08,-1103.4,338.413
2591.3,-1105.2,336.412
2595.52,-1107,334.408
2599.73,-1108.8,332.406
2603.95,-1110.6,330.419
2608.2,-1112.4,328.421
2612.42,-1114.2,326.43
2616.64,-1116,324.456
2620.86,-1117.8,322.48
2625.08,-1119.6,320.505
2629.29,-1121.4,318.531
2633.51,-1123.2,316.793
2637.73,-1125,315.059
2641.94,-1126.8,313.323
2646.16,-1128.6,311.602
2650.38,-1130.4,309.882
2654.6,-1132.2,308.161
2658.81,-1134,306.44
2663.04,-1135.8,304.697
2667.25,-1137.6,302.956
2671.47,-1139.4,301.215
2675.69,-1141.2,299.48
2679.9,-1143,297.749
2684.12,-1144.8,296.014
2688.34,-1146.6,294.283
2692.57,-1148.4,292.451
2696.78,-1150.2,290.627
2701,-1152,288.8
2705.22,-1153.8,286.974
2709.46,-1155.6,285.1
2713.69,-1157.4,283.234
2717.91,-1159.2,281.372
2722.18,-1161,279.511
2726.41,-1162.8,277.675
2730.63,-1164.6,275.84
2734.85,-1166.4,274.006
2739.06,-1168.2,272.19
2743.28,-1170,270.373
2747.5,-1171.8,268.558
2751.71,-1173.6,266.88
2755.93,-1175.4,265.2
2760.15,-1177.2,263.52
2764.37,-1179,261.839
2768.58,-1180.8,260.256
2772.81,-1182.6,258.67
2777.02,-1184.4,257.088
2781.24,-1186.2,255.503
2785.46,-1188,253.959
2789.68,-1189.8,252.415
2793.9,-1191.6,250.87
2798.11,-1193.4,249.311
2802.33,-1195.2,247.75
2806.55,-1197,246.19
2810.79,-1198.8,244.579
2815.01,-1200.6,242.974
2819.23,-1202.4,241.37
2823.47,-1204.2,239.764
2827.79,-1206,238.128
2832.08,-1207.8,236.501
2836.31,-1209.6,234.901
2840.53,-1211.4,233.306
2844.75,-1213.2,231.772
2848.97,-1215,230.24
2853.19,-1216.8,228.707
2857.4,-1218.6,227.192
2861.62,-1220.4,225.678
2865.84,-1222.2,224.163
2870.06,-1224,222.648
2874.28,-1225.8,221.182
2878.5,-1227.6,219.715
2882.72,-1229.4,218.248
2886.93,-1231.2,216.806
2891.14,-1233,215.363
2895.37,-1234.8,213.918
2899.58,-1236.6,212.476
2903.8,-1238.4,210.853
2908.02,-1240.2,209.233
2912.27,-1242,207.597
2916.49,-1243.8,205.69
2920.71,-1245.6,203.783
2924.93,-1247.4,201.874
2929.21,-1249.2,199.94
2933.44,-1251,198.061
2937.65,-1252.8,196.185
2941.87,-1254.6,194.31
2946.09,-1256.4,192.474
2950.3,-1258.2,190.638
2954.52,-1260,188.801
2958.74,-1261.8,186.966
2962.96,-1263.6,185.153
2967.17,-1265.4,183.341
2971.39,-1267.2,181.53
2975.61,-1269,179.717
2979.82,-1270.8,177.906
2984.04,-1272.6,176.093
2988.25,-1274.4,174.281
2992.48,-1276.2,172.48
2996.69,-1278,170.683
3000.91,-1279.8,168.884
3005.12,-1281.6,167.085
3009.34,-1283.4,165.291
3013.59,-1285.2,163.481
3017.81,-1287,161.684
3022.03,-1288.8,159.893
3026.25,-1290.6,158.1
3030.46,-1292.4,156.31
3034.68,-1294.2,154.518
3038.9,-1296,152.733
3043.12,-1297.8,150.946
3047.33,-1299.6,149.162
3051.55,-1301.4,147.353
3055.77,-1303.2,145.544
3059.98,-1305,143.736
3064.2,-1306.8,141.927
3068.42,-1308.6,140.163
3072.64,-1310.4,138.397
3076.85,-1312.2,136.635
3081.06,-1314,134.872
3085.28,-1315.8,133.027
3089.5,-1317.6,131.185
3093.72,-1319.4,129.341
3097.94,-1321.2,127.493
3102.2,-1323,125.622
3106.41,-1324.8,123.774
3110.63,-1326.6,121.954
3114.87,-1328.4,120.123
3119.1,-1330.2,118.303
3123.32,-1332,116.48
3127.53,-1333.8,114.672
3131.75,-1335.6,112.864
3135.97,-1337.4,111.055
3140.18,-1339.2,109.246
3144.4,-1341,107.433
3148.61,-1342.8,105.623
3152.84,-1344.6,103.81
3157.05,-1346.4,101.995
3161.26,-1348.2,100.181
3165.48,-1350,98.364
3169.7,-1351.8,96.5501
3173.92,-1353.6,94.7337
3178.14,-1355.4,92.9201
3182.36,-1357.2,91.1042
3186.57,-1359,89.2912
3190.78,-1360.8,87.473
3195.01,-1362.6,85.6526
3199.22,-1364.4,83.8339
3203.44,-1366.2,82.0101
3207.66,-1368,80.1866
3211.87,-1369.8,78.3647
3216.1,-1371.6,76.5416
3220.32,-1373.4,74.6913
3224.54,-1375.2,72.8431
3228.76,-1377,70.9967
3232.98,-1378.8,69.1465
3237.19,-1380.6,67.2984
3241.41,-1382.4,65.4495
3245.63,-1384.2,63.5978
3249.85,-1386.01,61.738
3254.07,-1387.81,59.8769
3258.28,-1389.61,58.0158
3262.51,-1391.41,56.1484
3266.72,-1393.21,54.2849
3270.94,-1395.01,52.419
3275.16,-1396.81,50.5516
3279.37,-1398.61,48.6884
3283.59,-1400.41,46.8246
3287.81,-1402.21,44.9619
3292.02,-1404.01,43.0937
3296.25,-1405.81,41.2236
3300.46,-1407.61,39.3565
3304.68,-1409.41,37.4866
3308.9,-1411.21,35.6218
3313.12,-1413.01,33.7539
3317.33,-1414.81,31.8905
3321.56,-1416.61,30.021
3325.78,-1418.41,28.1373
3330,-1420.21,26.2538
3334.22,-1422.01,24.3705
3338.44,-1423.81,22.484
3342.66,-1425.61,20.5958
3346.87,-1427.41,18.7124
3351.09,-1429.21,16.8288
3355.31,-1431.01,14.9055
3359.53,-1432.81,12.9851
3363.74,-1434.61,11.0647
3367.99,-1436.41,9.13415
3372.21,-1438.21,7.18792
3376.42,-1440.01,5.26257
3380.64,-1441.81,3.34889
3384.85,-1443.61,1.48672
3389.06,-1445.41,0.861386
3393.28,-1447.21,2.60773
3397.49,-1449.01,4.52262
3401.71,-1450.81,6.45718
3405.92,-1452.61,8.40069
3410.14,-1454.41,10.3446
3414.36,-1456.21,12.2868
3418.58,-1458.01,14.2288
3422.8,-1459.81,16.1721
3427.01,-1461.61,18.1224
3431.23,-1463.41,20.0729
3435.45,-1465.21,22.025
3439.67,-1467.01,23.9773
3443.89,-1468.81,25.914
3448.1,-1470.61,27.85
3452.33,-1472.41,29.7859
3456.55,-1474.21,31.7252
3460.76,-1476.01,33.6687
3464.98,-1477.81,35.6139
3469.2,-1479.61,37.5575
3473.42,-1481.41,39.4932
3477.64,-1483.21,41.4255
3481.85,-1485.01,43.3574
3486.07,-1486.81,45.2914
3490.29,-1488.61,46.977
3494.52,-1490.41,48.6647
3498.73,-1492.21,50.349
3502.95,-1494.01,52.0987
3507.16,-1495.81,53.8461
3511.38,-1497.61,55.5941
3515.6,-1499.41,57.3438
3519.82,-1501.21,59.077
3524.04,-1503.01,60.8115
3528.25,-1504.81,62.5445
3532.47,-1506.61,64.2192
3536.69,-1508.41,65.8918
3540.9,-1510.21,67.5649
3545.13,-1512.01,69.2401
3549.35,-1513.81,71.0298
3553.57,-1515.61,72.8242
3557.78,-1517.41,74.6135
3562,-1519.21,76.4414
3566.22,-1521.01,78.2701
3570.44,-1522.81,80.0995
3574.66,-1524.61,81.9303
3578.87,-1526.41,83.7289
3583.1,-1528.21,85.531
3587.31,-1530.01,87.3301
3591.53,-1531.81,89.1275
3595.75,-1533.61,90.9259
3599.97,-1535.41,92.7219
3604.19,-1537.21,94.5209
3608.4,-1539.01,96.2068
3612.62,-1540.81,97.8939
3616.83,-1542.61,99.5783
3621.05,-1544.41,101.267
3625.27,-1546.21,102.881
3629.49,-1548.01,104.494
3633.71,-1549.81,106.107
3637.92,-1551.61,107.701
3642.18,-1553.41,109.312
3646.44,-1555.21,110.921
3650.65,-1557.01,112.517
3654.88,-1558.81,114.097
3659.09,-1560.61,115.674
3663.32,-1562.41,117.256
3667.53,-1564.21,118.869
3671.75,-1566.01,120.484
3675.97,-1567.81,122.099
3680.18,-1569.61,123.713
3684.41,-1571.41,125.385
3688.62,-1573.21,127.055
3692.84,-1575.01,128.725
3697.06,-1576.81,130.265
3701.27,-1578.61,131.806
3705.49,-1580.41,133.349
3709.71,-1582.21,134.889
3713.93,-1584.01,136.441
3718.15,-1585.81,137.992
3722.37,-1587.61,139.546
3726.58,-1589.41,141.096
3730.8,-1591.21,142.85
3735.02,-1593.01,144.605
3739.24,-1594.81,146.359
3743.46,-1596.61,148.234
3747.67,-1598.41,150.107
3751.89,-1600.21,151.981
3756.11,-1602.01,153.856
3760.32,-1603.81,155.689
3764.55,-1605.61,157.526
3768.77,-1607.41,159.36
3772.99,-1609.21,161.237
3777.2,-1611.01,163.11
3781.42,-1612.81,164.986
3785.64,-1614.61,166.863
3789.86,-1616.41,168.697
3794.08,-1618.21,170.531
3798.29,-1620.01,172.364
3802.51,-1621.81,174.169
3806.73,-1623.61,175.971
3810.94,-1625.41,177.774
3815.16,-1627.21,179.578
3819.38,-1629.01,181.367
3823.6,-1630.81,183.157
3827.81,-1632.61,184.944
3832.03,-1634.41,186.732
3836.25,-1636.21,188.519
3840.46,-1638.01,190.304
3844.68,-1639.81,192.093
3848.9,-1641.61,193.879
3853.12,-1643.41,195.667
3857.33,-1645.21,197.452
3861.55,-1647.01,199.24
3865.78,-1648.81,201.04
3869.99,-1650.61,202.837
3874.21,-1652.41,204.635
3878.43,-1654.21,206.454
3882.65,-1656.01,208.272
3886.87,-1657.81,210.087
3891.08,-1659.61,211.903
3895.31,-1661.41,213.732
3899.52,-1663.21,215.557
3903.74,-1665.01,217.384
3907.99,-1666.81,219.201
3912.21,-1668.61,221.037
3916.43,-1670.41,222.858
3920.65,-1672.21,224.678
3924.87,-1674.01,226.482
3929.08,-1675.81,228.285
3933.3,-1677.61,230.089
3937.52,-1679.41,231.904
3941.74,-1681.21,233.717
3945.96,-1683.01,235.531
3950.18,-1684.81,237.345
3954.4,-1686.61,239.141
3958.61,-1688.41,240.936
3962.83,-1690.21,242.731
3967.05,-1692.01,244.525
3971.26,-1693.81,246.34
3975.49,-1695.61,248.158
3979.7,-1697.41,249.973
3983.92,-1699.21,251.798
3988.14,-1701.01,253.621
3992.37,-1702.81,255.448
3997.21,-1704.61,257.526
4001.43,-1706.41,259.342
4005.68,-1708.21,261.162
4010.07,-1710.01,263.048
4014.5,-1711.81,264.889
4018.88,-1713.61,266.714
4023.53,-1715.41,268.644
4028.07,-1717.21,270.53
4032.57,-1719.01,272.401
4037.2,-1720.81,274.33
4041.6,-1722.61,276.158
4045.97,-1724.41,277.935
4050.24,-1726.21,279.675
4054.47,-1728.01,281.392
4058.68,-1729.81,283.13
4062.9,-1731.61,284.868
4067.12,-1733.41,286.603
4071.33,-1735.21,288.339
4075.56,-1737.01,290.158
4079.77,-1738.81,291.973
4083.99,-1740.61,293.791
4088.21,-1742.41,295.607
4092.43,-1744.21,297.427
4096.65,-1746.01,299.243
4100.86,-1747.81,301.059
4105.08,-1749.61,302.877
4109.3,-1751.41,304.696
4113.52,-1753.21,306.517
4117.78,-1755.02,308.373
4122,-1756.82,310.21
4126.26,-1758.62,312.065
4130.48,-1760.42,313.906
4134.7,-1762.22,315.746
4138.92,-1764.02,317.585
4143.14,-1765.82,319.425
4147.36,-1767.62,321.263
4151.57,-1769.42,323.142
4155.8,-1771.22,325.023
4160.01,-1773.02,326.903
4164.24,-1774.82,328.787
4168.45,-1776.62,330.667
4172.67,-1778.42,332.551
4176.89,-1780.22,334.432
4181.1,-1782.02,336.32
4185.32,-1783.82,338.21
4189.54,-1785.62,340.099
4193.76,-1787.42,341.982
4197.98,-1789.22,343.866
4202.2,-1791.02,345.748
4206.41,-1792.82,347.628
4210.63,-1794.62,349.508
4214.85,-1796.42,351.388
4219.1,-1798.22,353.279
4223.32,-1800.02,355.16
4227.57,-1801.82,357.041
4231.78,-1803.62,358.84
4236.01,-1805.42,358.971
4240.22,-1807.22,357.194
4244.44,-1809.02,355.33
4248.66,-1810.82,353.456
4252.88,-1812.62,351.55
4257.09,-1814.42,349.646
4261.31,-1816.22,347.74
4265.53,-1818.02,345.829
4269.75,-1819.82,343.919
4273.97,-1821.62,342.006
4278.18,-1823.42,340.095
4282.4,-1825.22,338.182
4286.62,-1827.02,336.255
4290.83,-1828.82,334.327
4295.05,-1830.62,332.397
4299.27,-1832.42,330.48
4303.49,-1834.22,328.561
4307.7,-1836.02,326.647
4311.92,-1837.82,324.733
4316.14,-1839.62,322.819
4320.38,-1841.42,320.895
4324.66,-1843.22,318.961
4328.99,-1845.02,317.026
4333.31,-1846.82,315.091
4337.54,-1848.62,313.206
4341.76,-1850.42,311.322
4346.05,-1852.22,309.662
4350.27,-1854.02,308.03
4354.49,-1855.82,306.397
4358.71,-1857.62,304.685
4362.93,-1859.42,302.97
4367.15,-1861.22,301.258
4371.36,-1863.02,299.545
4375.58,-1864.82,297.858
4379.8,-1866.62,296.172
4384.02,-1868.42,294.485
4388.23,-1870.22,292.811
4392.45,-1872.02,291.137
4396.67,-1873.82,289.463
4400.89,-1875.62,287.789
4405.11,-1877.42,286.03
4409.32,-1879.22,284.274
4413.55,-1881.02,282.514
4417.76,-1882.82,280.715
4422.16,-1884.62,278.839
4426.42,-1886.42,277.02
4430.64,-1888.22,275.22
4434.86,-1890.02,273.44
4439.07,-1891.82,271.662
4443.3,-1893.62,269.881
4447.51,-1895.42,268.12
4451.73,-1897.22,266.359
4455.95,-1899.02,264.597
4460.16,-1900.82,262.835
4464.39,-1902.62,261.263
4468.6,-1904.42,259.693
4472.82,-1906.22,258.123
4477.04,-1908.02,256.602
4481.26,-1909.82,255.083
4485.48,-1911.62,253.562
4489.69,-1913.42,252.042
4493.92,-1915.22,250.528
4498.13,-1917.02,249.017
4502.35,-1918.82,247.504
4506.57,-1920.62,245.993
4510.78,-1922.42,244.397
4515.01,-1924.22,242.799
4519.22,-1926.02,241.203
4523.44,-1927.82,239.336
4527.69,-1929.62,237.455
4531.91,-1931.42,235.588
4536.13,-1933.22,233.72
4540.35,-1935.02,231.819
4544.57,-1936.82,229.916
4548.79,-1938.62,228.015
4553.01,-1940.42,226.218
4557.22,-1942.22,224.424
4561.44,-1944.02,222.629
4565.66,-1945.82,220.832
4569.88,-1947.62,219.002
4574.09,-1949.42,217.171
4578.31,-1951.22,215.34
4582.54,-1953.02,213.507
4586.75,-1954.82,211.701
4590.97,-1956.62,209.896
4595.19,-1958.42,208.089
4599.41,-1960.22,206.287
4603.62,-1962.02,204.484
4607.84,-1963.82,202.685
4612.05,-1965.62,200.88
4616.27,-1967.42,199.075
4620.49,-1969.22,197.269
4624.75,-1971.02,195.449
4628.96,-1972.82,193.638
4633.18,-1974.62,191.825
4637.4,-1976.42,190.014
4641.61,-1978.22,188.204
4645.83,-1980.02,186.422
4650.05,-1981.82,184.64
4654.27,-1983.62,182.859
4658.49,-1985.42,181.057
4662.71,-1987.22,179.254
4666.92,-1989.02,177.453
4671.14,-1990.82,175.651
4675.36,-1992.62,173.83
4679.57,-1994.42,172.012
4683.79,-1996.22,170.19
4688.01,-1998.02,168.359
4692.23,-1999.82,166.526
4696.44,-2001.62,164.696
4700.66,-2003.42,162.866
4704.87,-2005.22,161.048
4709.09,-2007.02,159.234
4713.31,-2008.82,157.415
4717.52,-2010.62,155.6
4721.74,-2012.42,153.784
4725.99,-2014.22,151.955
4730.21,-2016.02,150.14
4734.43,-2017.82,148.341
4738.65,-2019.62,146.545
4742.87,-2021.42,144.747
4747.08,-2023.22,142.952
4751.29,-2025.02,141.154
4755.52,-2026.82,139.353
4759.73,-2028.62,137.555
4763.95,-2030.42,135.742
4768.17,-2032.22,133.931
4772.39,-2034.02,132.117
4776.6,-2035.82,130.307
4780.81,-2037.62,128.542
4785.03,-2039.42,126.775
4789.25,-2041.22,125.009
4793.47,-2043.02,123.191
4797.69,-2044.82,121.375
4801.9,-2046.62,119.558
4806.12,-2048.42,117.739
4810.34,-2050.22,115.915
4814.56,-2052.02,114.088
4818.78,-2053.82,112.263
4823,-2055.62,110.36
4827.24,-2057.42,108.446
4831.46,-2059.22,106.545
4835.68,-2061.02,104.641
4839.89,-2062.82,102.775
4844.11,-2064.62,100.907
4848.33,-2066.42,99.0416
4852.55,-2068.22,97.1712
4856.77,-2070.02,95.336
4860.98,-2071.82,93.5001
4865.2,-2073.62,91.6628
4869.42,-2075.42,89.8443
4873.64,-2077.22,88.024
4877.86,-2079.02,86.2081
4882.07,-2080.82,84.3907
4886.29,-2082.62,82.5515
4890.51,-2084.42,80.7126
4894.73,-2086.22,78.8732
4898.95,-2088.02,77.0302
4903.17,-2089.82,75.1837
4907.38,-2091.62,73.3412
4911.6,-2093.42,71.4975
4915.82,-2095.22,69.6467
4920.1,-2097.02,67.7679
4924.32,-2098.82,65.9157
4928.57,-2100.62,64.0379
4932.79,-2102.42,62.1699
4937.01,-2104.22,60.3059
4941.23,-2106.02,58.4421
4945.44,-2107.82,56.5854
4949.66,-2109.62,54.7313
4953.88,-2111.42,52.8748
4958.1,-2113.22,51.0207
4962.32,-2115.02,49.1214
4966.54,-2116.82,47.2231
4970.75,-2118.62,45.3259
4974.97,-2120.42,43.418
4979.19,-2122.22,41.5123
4983.41,-2124.02,39.6047
4987.62,-2125.82,37.6975
4991.84,-2127.62,35.7858
4996.06,-2129.43,33.8706
5000.28,-2131.23,31.9573
5004.5,-2133.03,30.0489
5008.72,-2134.83,28.1453
5012.94,-2136.63,26.2373
5017.15,-2138.43,24.3336
5021.37,-2140.23,22.426
5025.63,-2142.03,20.5032
5029.84,-2143.83,18.5974
5034.06,-2145.63,16.6884
5038.28,-2147.43,14.7812
5042.5,-2149.23,12.872
5046.77,-2151.03,10.9451
5050.98,-2152.83,9.04095
5055.2,-2154.63,7.13839
5059.41,-2156.43,5.24065
5063.63,-2158.23,3.33155
5067.84,-2160.03,1.46551
5072.05,-2161.83,0.758984
5076.27,-2163.63,2.53065
5080.48,-2165.43,4.43752
5084.7,-2167.23,6.35979
5088.91,-2169.03,8.28501
5093.12,-2170.83,10.238
5097.34,-2172.63,12.1908
5101.56,-2174.43,14.1469
5105.78,-2176.23,16.1038
5109.99,-2178.03,18.0513
5114.21,-2179.83,19.9988
5118.43,-2181.63,21.9469
5122.65,-2183.43,23.8987
5126.9,-2185.23,25.8603
5131.12,-2187.03,27.8102
5135.34,-2188.83,29.76
5139.56,-2190.63,31.6856
5143.78,-2192.43,33.6111
5147.99,-2194.23,35.5347
5152.21,-2196.03,37.4597
5156.43,-2197.83,39.3722
5160.64,-2199.63,41.2842
5164.86,-2201.43,43.1975
5169.08,-2203.23,45.0091
5173.3,-2205.03,46.8235
5177.51,-2206.83,48.6367
5181.73,-2208.63,50.4492
5185.95,-2210.43,52.0943
5190.16,-2212.23,53.7389
5194.39,-2214.03,55.3853
5198.6,-2215.83,57.0291
5202.82,-2217.63,58.7574
5207.03,-2219.43,60.4838
5211.25,-2221.23,62.2103
5215.47,-2223.03,63.9322
5219.69,-2224.83,65.6522
5223.91,-2226.63,67.3747
5228.15,-2228.43,69.1068
5232.38,-2230.23,70.8751
5236.59,-2232.03,72.6386
5240.81,-2233.83,74.4035
5245.03,-2235.63,76.2349
5249.24,-2237.43,78.064
5253.47,-2239.23,79.8951
5257.68,-2241.03,81.725
5261.9,-2242.83,83.5584
5266.12,-2244.63,85.3941
5270.33,-2246.43,87.2271
5274.55,-2248.23,89.038
5278.77,-2250.03,90.8473
5282.99,-2251.83,92.6573
5287.2,-2253.63,94.4646
5291.42,-2255.43,96.2305
5295.64,-2257.23,97.9968
5299.86,-2259.03,99.7615
5304.08,-2260.83,101.377
5308.29,-2262.63,102.991
5312.51,-2264.43,104.607
5316.73,-2266.23,106.221
5320.94,-2268.03,107.771
5325.19,-2269.83,109.334
5329.44,-2271.63,110.898
5333.66,-2273.43,112.485
5337.88,-2275.23,114.069
5342.09,-2277.03,115.652
5346.31,-2278.83,117.238
5350.53,-2280.63,118.781
5354.75,-2282.43,120.325
5358.96,-2284.23,121.867
5363.19,-2286.03,123.411
5367.4,-2287.83,125.007
5371.61,-2289.63,126.603
5375.83,-2291.43,128.2
5380.05,-2293.23,129.845
5384.27,-2295.03,131.491
5388.48,-2296.83,133.136
5392.7,-2298.63,134.781
5396.92,-2300.43,136.325
5401.13,-2302.23,137.87
5405.36,-2304.03,139.417
5409.57,-2305.83,140.961
5413.79,-2307.63,142.507
5418.01,-2309.43,144.052
5422.23,-2311.23,145.599
5426.48,-2313.03,147.377
5430.69,-2314.83,149.144
5434.92,-2316.63,150.913
5439.19,-2318.43,152.836
5443.42,-2320.23,154.737
5447.63,-2322.03,156.634
5451.85,-2323.83,158.529
5456.07,-2325.63,160.327
5460.29,-2327.43,162.122
5464.51,-2329.23,163.92
5468.72,-2331.03,165.715
5472.94,-2332.83,167.509
5477.16,-2334.63,169.3
5481.37,-2336.43,171.093
5485.59,-2338.23,172.893
5489.81,-2340.03,174.693
5494.03,-2341.83,176.493
5498.25,-2343.63,178.322
5502.47,-2345.43,180.152
5506.68,-2347.23,181.98
5510.9,-2349.03,183.809
5515.11,-2350.83,185.628
5519.33,-2352.63,187.443
5523.58,-2354.43,189.276
5527.82,-2356.23,191.104
5532.04,-2358.03,192.916
5536.26,-2359.83,194.728
5540.48,-2361.63,196.539
5544.7,-2363.43,198.328
5548.91,-2365.23,200.116
5553.13,-2367.03,201.905
5557.35,-2368.83,203.693
5561.56,-2370.63,205.494
5565.78,-2372.43,207.298
5570,-2374.23,209.1
5574.22,-2376.03,210.902
5578.43,-2377.83,212.705
5582.66,-2379.63,214.509
5586.87,-2381.43,216.31
5591.08,-2383.23,218.115
5595.31,-2385.03,219.924
5599.52,-2386.83,221.73
5603.75,-2388.63,223.539
5608,-2390.43,225.374
5612.22,-2392.23,227.197
5616.43,-2394.03,229.017
5620.65,-2395.83,230.8
5624.9,-2397.63,232.595
5629.14,-2399.43,234.39
5633.36,-2401.23,236.225
5637.58,-2403.03,238.055
5641.79,-2404.83,239.886
5646.01,-2406.63,241.719
5650.23,-2408.43,243.563
5654.45,-2410.23,245.409
5658.67,-2412.03,247.254
5662.88,-2413.83,249.1
5667.1,-2415.63,250.974
5671.31,-2417.43,252.85
5675.54,-2419.23,254.728
5679.76,-2421.03,256.553
5683.98,-2422.83,258.379
5688.19,-2424.63,260.203
5692.42,-2426.43,262.032
5696.63,-2428.23,263.835
5700.85,-2430.03,265.639
5705.07,-2431.83,267.444
5709.28,-2433.63,269.256
5713.5,-2435.43,271.071
5717.72,-2437.23,272.881
5721.93,-2439.03,274.693
5726.18,-2440.83,276.503
5730.43,-2442.63,278.313
5734.65,-2444.43,280.114
5738.87,-2446.23,281.911
5743.13,-2448.03,283.745
5747.35,-2449.83,285.562
5751.56,-2451.63,287.38
5755.78,-2453.43,289.216
5760,-2455.23,291.049
5764.22,-2457.03,292.884
5768.44,-2458.83,294.74
5772.66,-2460.63,296.596
5776.87,-2462.43,298.45
5781.09,-2464.23,300.304
5785.31,-2466.03,302.17
5789.53,-2467.83,304.034
5793.75,-2469.63,305.9
5797.99,-2471.43,307.763
5802.21,-2473.23,309.659
5806.43,-2475.03,311.539
5810.64,-2476.83,313.419
5814.86,-2478.63,315.301
5819.07,-2480.43,317.18
5823.3,-2482.23,319.065
5827.6,-2484.03,320.977
5831.9,-2485.83,322.906
5836.14,-2487.63,324.798
5840.36,-2489.43,326.685
5844.58,-2491.23,328.565
5848.8,-2493.03,330.445
5853.02,-2494.83,332.325
5857.23,-2496.64,334.202
5861.45,-2498.44,336.1
5865.67,-2500.24,338.001
5869.89,-2502.04,339.898
5874.11,-2503.84,341.829
5878.32,-2505.64,343.757
5882.54,-2507.44,345.688
5886.76,-2509.24,347.614
5890.97,-2511.04,349.555
5895.19,-2512.84,351.496
5899.41,-2514.64,353.433
5903.63,-2516.44,355.368
5907.84,-2518.24,357.318
5912.06,-2520.04,359.14
5916.27,-2521.84,358.548
5920.49,-2523.64,356.638
5924.71,-2525.44,354.676
5929,-2527.24,352.673
5933.22,-2529.04,350.693
5937.44,-2530.84,348.715
5941.66,-2532.64,346.736
5945.88,-2534.44,344.755
5950.09,-2536.24,342.786
5954.31,-2538.04,340.815
5958.53,-2539.84,338.844
5962.75,-2541.64,336.873
5966.96,-2543.44,334.916
5971.18,-2545.24,332.956
5975.4,-2547.04,330.996
5979.62,-2548.84,329.042
5983.84,-2550.64,327.086
5988.05,-2552.44,325.132
5992.27,-2554.24,323.175
5996.49,-2556.04,321.237
6000.71,-2557.84,319.3
6004.93,-2559.64,317.361
6009.14,-2561.44,315.44
6013.37,-2563.24,313.517
6017.58,-2565.04,311.598
6021.8,-2566.84,309.676
6026.02,-2568.64,307.977
6030.3,-2570.44,306.257
6034.52,-2572.24,304.557
6038.74,-2574.04,302.858
6042.96,-2575.84,301.05
6047.17,-2577.64,299.244
6051.39,-2579.44,297.438
6055.61,-2581.24,295.697
6059.83,-2583.04,293.959
6064.05,-2584.84,292.218
6068.26,-2586.64,290.48
6072.48,-2588.44,288.706
6076.7,-2590.24,286.936
6080.91,-2592.04,285.164
6085.13,-2593.84,283.332
6089.35,-2595.64,281.502
6093.57,-2597.44,279.67
6097.79,-2599.24,277.839
6102,-2601.04,276.01
6106.22,-2602.84,274.181
6110.44,-2604.64,272.353
6114.66,-2606.44,270.536
6118.87,-2608.24,268.722
6123.1,-2610.04,266.905
6127.34,-2611.84,265.078
6131.56,-2613.64,263.315
6135.79,-2615.44,261.55
6140,-2617.24,259.788
6144.22,-2619.04,258.174
6148.44,-2620.84,256.559
6152.66,-2622.64,254.943
6156.88,-2624.44,253.33
6161.09,-2626.24,251.756
6165.31,-2628.04,250.182
6169.53,-2629.84,248.608
6173.75,-2631.64,247.032
6177.97,-2633.44,245.419
6182.19,-2635.24,243.806
6186.41,-2637.04,242.193
6190.63,-2638.84,240.657
6194.85,-2640.64,239.12
6199.07,-2642.44,237.584
6203.29,-2644.24,236.046
6207.5,-2646.04,234.481
6211.72,-2647.84,232.917
6215.94,-2649.64,231.352
6220.15,-2651.44,229.706
6224.38,-2653.24,228.057
6228.65,-2655.04,226.39
6232.87,-2656.84,224.741
6237.09,-2658.64,223.235
6241.31,-2660.44,221.729
6245.53,-2662.24,220.22
6249.75,-2664.04,218.711
6253.97,-2665.84,217.201
6258.18,-2667.64,215.692
6262.4,-2669.44,214.181
6266.62,-2671.24,212.617
6270.83,-2673.04,211.053
6275.05,-2674.84,209.487
6279.27,-2676.64,207.922
6283.5,-2678.44,206.189
6287.71,-2680.24,204.46
6291.92,-2682.04,202.729
6296.15,-2683.84,200.861
6300.36,-2685.64,198.996
6304.58,-2687.44,197.129
6308.8,-2689.24,195.272
6313.02,-2691.04,193.415
6317.24,-2692.84,191.559
6321.45,-2694.64,189.705
6325.67,-2696.44,187.889
6329.94,-2698.24,186.055
6334.16,-2700.04,184.24
6338.38,-2701.84,182.428
6342.6,-2703.64,180.627
6346.81,-2705.44,178.829
6351.02,-2707.24,177.03
6355.25,-2709.04,175.23
6359.46,-2710.84,173.432
6363.68,-2712.64,171.633
6367.89,-2714.44,169.834
6372.15,-2716.24,168.025
6376.37,-2718.04,166.229
6380.59,-2719.84,164.437
6384.81,-2721.64,162.652
6389.03,-2723.44,160.871
6393.25,-2725.24,159.087
6397.46,-2727.04,157.307
6401.68,-2728.84,155.521
6405.9,-2730.64,153.734
6410.12,-2732.44,151.949
6414.34,-2734.24,150.162
6418.55,-2736.04,148.345
6422.77,-2737.84,146.528
6426.99,-2739.64,144.712
6431.25,-2741.44,142.873
6435.48,-2743.24,141.055
6439.69,-2745.04,139.239
6443.97,-2746.84,137.386
6448.19,-2748.64,135.56
6452.41,-2750.44,133.732
6456.63,-2752.24,131.908
6460.84,-2754.04,130.148
6465.06,-2755.84,128.387
6469.28,-2757.64,126.627
6473.5,-2759.44,124.864
6477.71,-2761.24,123.028
6481.93,-2763.04,121.189
6486.15,-2764.84,119.349
6490.37,-2766.64,117.556
6494.59,-2768.44,115.762
6498.8,-2770.24,113.969
6503.02,-2772.04,112.175
6507.24,-2773.84,110.361
6511.45,-2775.64,108.547
6515.67,-2777.44,106.73
6519.88,-2779.24,104.916
6524.11,-2781.04,103.063
6528.35,-2782.84,101.2
6532.6,-2784.64,99.3369
6536.82,-2786.44,97.5174
6541.04,-2788.24,95.6964
6545.26,-2790.04,93.8742
6549.47,-2791.84,92.0536
6553.69,-2793.64,90.2378
6557.91,-2795.44,88.4245
6562.15,-2797.24,86.5973
6566.38,-2799.04,84.7564
6570.59,-2800.84,82.9188
6574.81,-2802.64,81.079
6579.03,-2804.44,79.2419
6583.25,-2806.24,77.4037
6587.46,-2808.04,75.5687
6591.68,-2809.84,73.7317
6595.9,-2811.64,71.8986
6600.12,-2813.44,70.066
6604.34,-2815.24,68.2336
6608.55,-2817.04,66.4013
6612.77,-2818.84,64.5443
6616.99,-2820.64,62.6897
6621.2,-2822.44,60.8353
6625.43,-2824.24,58.9687
6629.68,-2826.04,57.0936
6633.92,-2827.84,55.2182
6638.14,-2829.64,53.3562
6642.36,-2831.44,51.4947
6646.58,-2833.24,49.6369
6650.79,-2835.04,47.7779
6655.01,-2836.84,45.9057
6659.23,-2838.64,44.036
6663.45,-2840.44,42.1645
6667.66,-2842.24,40.2949
6671.88,-2844.04,38.4256
6676.1,-2845.84,36.5548
6680.31,-2847.64,34.6875
6684.54,-2849.44,32.7927
6688.76,-2851.24,30.9029
6693.08,-2853.04,28.9642
6697.3,-2854.84,27.0722
6701.52,-2856.64,25.1731
6705.74,-2858.44,23.273
6709.96,-2860.24,21.3763
6714.17,-2862.04,19.4768
6718.39,-2863.84,17.5476
6722.61,-2865.65,15.6183
6726.82,-2867.45,13.6915
6731.07,-2869.25,11.7367
6735.32,-2871.05,9.78265
6739.54,-2872.85,7.84622
6743.76,-2874.65,5.91541
6747.98,-2876.45,3.98977
6752.19,-2878.25,2.12808
6756.41,-2880.05,0.903949
