4.27577,-1.8,0.2307
8.98863,-3.6,0.2307
13.3067,-5.4,0.2307
17.5531,-7.2,0.2307
21.7642,-9,1.06458
25.9757,-10.8,1.99794
30.2175,-12.6,2.94413
34.4335,-14.4,3.88599
38.6414,-16.2,5.49475
42.8494,-18,7.10573
47.1515,-19.8,8.71918
51.3634,-21.6,10.5936
55.5798,-23.4,12.4343
59.7897,-25.2,14.2742
64.0941,-27,16.1563
68.3062,-28.8,18.0388
72.5187,-30.6,19.9221
76.7357,-32.4,21.8074
80.9464,-34.2,23.6906
85.1624,-36,25.5803
89.3725,-37.8,27.4677
93.5863,-39.6,29.356
97.8025,-41.4,31.2486
102.014,-43.2,33.1378
106.228,-45,35.0295
110.443,-46.8,36.7735
114.688,-48.6,38.5314
118.9,-50.4,40.2751
123.113,-52.2,42.0194
127.329,-54,43.635
131.568,-55.8,45.2596
135.787,-57.6,46.8765
140,-59.4,48.492
144.216,-61.2,50.1594
148.426,-63,51.8245
152.638,-64.8,53.4907
156.855,-66.6,55.0764
161.066,-68.4,56.6607
165.282,-70.2,58.2464
169.492,-72,59.8298
173.709,-73.8,61.5188
177.926,-75.6,63.2113
182.137,-77.4,64.9001
186.352,-79.2,66.7156
190.563,-81,68.5294
194.778,-82.8,70.3448
198.987,-84.6,72.1577
203.196,-86.4,73.9027
207.411,-88.2,75.6497
211.625,-90,77.3963
215.868,-91.8,79.1558
220.083,-93.6,80.8996
224.298,-95.4,82.6443
228.508,-97.2,84.3862
232.745,-99,86.164
236.962,-100.8,87.9332
241.174,-102.6,89.7002
245.389,-104.4,91.4685
249.599,-106.2,93.1246
253.809,-108,94.7819
258.024,-109.8,96.4403
262.234,-111.6,98.266
266.448,-113.4,100.093
270.657,-115.2,101.919
274.872,-117,103.746
279.081,-118.8,105.699
283.29,-120.6,107.652
287.504,-122.4,109.607
291.714,-124.2,111.372
295.927,-126,113.138
300.136,-127.8,114.902
304.348,-129.6,116.668
308.556,-131.4,118.469
312.768,-133.2,120.272
317.011,-135,122.088
321.224,-136.8,123.791
325.44,-138.6,125.495
329.649,-140.4,127.197
333.885,-142.2,128.91
338.102,-144,130.682
342.313,-145.8,132.452
346.527,-147.6,134.223
350.739,-149.4,135.994
354.953,-151.2,137.786
359.163,-153,139.576
363.373,-154.8,141.367
367.587,-156.6,143.163
371.797,-158.4,144.957
376.012,-160.2,146.753
380.222,-162,148.546
384.437,-163.8,150.379
388.648,-165.6,152.21
392.858,-167.4,154.042
397.072,-169.2,155.909
401.28,-171,157.775
405.493,-172.8,159.643
409.762,-174.6,161.535
414.034,-176.4,163.37
418.251,-178.2,165.182
422.464,-180,166.991
426.679,-181.8,168.802
430.889,-183.6,170.57
435.128,-185.4,172.351
439.339,-187.2,174.119
443.55,-189,175.896
447.764,-190.8,177.675
451.979,-192.6,179.454
456.194,-194.4,181.237
460.404,-196.2,183.018
464.618,-198,184.801
468.826,-199.8,186.581
473.036,-201.6,188.361
477.251,-203.4,190.143
481.461,-205.2,191.923
485.675,-207,193.704
489.886,-208.8,195.503
494.101,-210.6,197.304
498.309,-212.4,199.102
502.52,-214.2,200.917
506.735,-216,202.734
510.948,-217.8,204.549
515.191,-219.6,206.378
519.404,-221.4,208.21
523.615,-223.2,210.043
527.832,-225,211.877
532.046,-226.8,213.709
536.285,-228.6,215.553
540.499,-230.4,217.386
544.715,-232.2,219.219
548.926,-234,221.038
553.138,-235.8,222.857
557.354,-237.6,224.678
561.565,-239.4,226.497
565.781,-241.2,228.306
569.993,-243,230.114
574.209,-244.8,231.923
578.419,-246.6,233.713
582.631,-248.4,235.504
586.846,-250.2,237.297
591.058,-252,239.12
595.274,-253.8,240.946
599.484,-255.6,242.768
603.696,-257.4,244.592
607.912,-259.2,246.428
612.161,-261,248.278
616.404,-262.8,250.125
620.617,-264.6,251.959
624.833,-266.4,253.774
629.043,-268.2,255.586
633.255,-270,257.399
637.494,-271.8,259.211
641.708,-273.6,261.012
645.924,-275.4,262.815
650.136,-277.2,264.615
654.351,-279,266.431
658.561,-280.8,268.244
662.772,-282.6,270.059
666.988,-284.4,271.89
671.199,-286.2,273.721
675.414,-288,275.553
679.623,-289.8,277.382
683.834,-291.6,279.208
688.052,-293.4,281.037
692.264,-295.2,282.863
696.48,-297,284.691
700.692,-298.8,286.523
704.908,-300.6,288.357
709.116,-302.4,290.188
713.328,-304.2,292.001
717.573,-306,293.828
721.788,-307.8,295.642
726.004,-309.6,297.457
730.217,-311.4,299.263
734.434,-313.2,301.07
738.668,-315,302.885
742.883,-316.8,304.693
747.099,-318.6,306.501
751.312,-320.4,308.307
755.528,-322.2,310.115
759.738,-324,311.917
763.952,-325.8,313.721
768.169,-327.6,315.525
772.381,-329.4,317.358
776.597,-331.2,319.192
780.809,-333,321.025
785.025,-334.8,322.858
789.287,-336.6,324.742
793.501,-338.4,326.603
797.718,-340.2,328.466
801.935,-342,330.372
806.152,-343.8,332.276
810.424,-345.6,334.205
814.669,-347.4,336.12
818.882,-349.2,338.04
823.094,-351,339.958
827.311,-352.8,341.875
831.522,-354.6,343.81
835.739,-356.4,345.742
839.974,-358.2,347.677
844.192,-360,349.593
848.405,-361.8,351.491
852.617,-363.6,353.357
856.835,-365.4,355.155
861.046,-367.2,356.764
865.263,-369,357.744
869.474,-370.8,357.278
873.686,-372.6,355.824
877.902,-374.4,354.078
882.114,-376.199,352.233
886.331,-377.999,350.344
890.544,-379.799,348.434
894.76,-381.599,346.508
898.971,-383.399,344.577
903.183,-385.199,342.64
907.398,-386.999,340.697
911.612,-388.799,338.752
915.857,-390.599,336.79
920.071,-392.399,334.841
924.287,-394.199,332.9
928.497,-395.999,330.962
932.71,-397.799,329.021
936.926,-399.599,327.076
941.162,-401.399,325.121
945.379,-403.199,323.175
949.591,-404.999,321.23
953.803,-406.799,319.539
958.019,-408.599,317.845
962.231,-410.399,316.154
966.446,-412.199,314.477
970.659,-413.999,312.801
974.875,-415.799,311.124
979.085,-417.599,309.449
983.299,-419.399,307.783
987.516,-421.199,306.115
991.728,-422.999,304.448
995.945,-424.799,302.78
1000.16,-426.599,301.11
1004.37,-428.399,299.438
1008.58,-430.199,297.768
1012.82,-431.999,296.037
1017.07,-433.799,294.303
1021.28,-435.599,292.581
1025.5,-437.399,290.858
1029.71,-439.199,289.109
1033.92,-440.999,287.36
1038.14,-442.799,285.608
1042.35,-444.599,283.862
1046.57,-446.399,282.115
1050.78,-448.199,280.368
1055,-449.999,278.621
1059.21,-451.799,276.88
1063.42,-453.599,275.138
1067.64,-455.399,273.396
1071.85,-457.199,271.694
1076.09,-458.999,269.988
1080.4,-460.799,268.246
1084.7,-462.599,266.506
1088.92,-464.399,265.002
1093.13,-466.199,263.499
1097.35,-467.999,261.995
1101.56,-469.799,260.537
1105.78,-471.599,259.077
1109.99,-473.399,257.619
1114.21,-475.199,256.159
1118.46,-476.999,254.613
1122.68,-478.799,253.077
1126.89,-480.599,251.54
1131.11,-482.399,250.005
1135.33,-484.199,248.315
1139.54,-485.999,246.627
1143.79,-487.799,244.922
1148.01,-489.599,243.111
1152.22,-491.399,241.301
1156.44,-493.199,239.49
1160.65,-494.999,237.68
1164.87,-496.799,235.881
1169.08,-498.599,234.085
1173.3,-500.399,232.288
1177.51,-502.199,230.493
1181.73,-503.999,228.699
1185.94,-505.799,226.904
1190.16,-507.599,225.111
1194.37,-509.399,223.269
1198.58,-511.199,221.43
1202.8,-512.999,219.59
1207.01,-514.799,217.749
1211.23,-516.599,215.937
1215.47,-518.399,214.111
1219.69,-520.199,212.299
1223.9,-521.999,210.473
1228.12,-523.799,208.645
1232.33,-525.599,206.819
1236.55,-527.398,204.993
1240.76,-529.198,203.168
1245.01,-530.998,201.33
1249.22,-532.798,199.506
1253.43,-534.598,197.718
1257.65,-536.398,195.93
1261.86,-538.198,194.143
1266.08,-539.998,192.355
1270.29,-541.798,190.573
1274.51,-543.598,188.79
1278.72,-545.398,187.009
1282.93,-547.198,185.226
1287.15,-548.998,183.442
1291.36,-550.798,181.66
1295.57,-552.598,179.875
1299.78,-554.398,178.091
1304.07,-556.198,176.272
1308.29,-557.998,174.487
1312.5,-559.798,172.69
1316.75,-561.598,170.88
1320.96,-563.398,169.083
1325.18,-565.198,167.286
1329.4,-566.998,165.478
1333.61,-568.798,163.669
1337.83,-570.598,161.859
1342.04,-572.398,160.016
1346.28,-574.198,158.16
1350.5,-575.998,156.317
1354.72,-577.798,154.472
1358.93,-579.598,152.655
1363.14,-581.398,150.837
1367.36,-583.198,149.018
1371.57,-584.998,147.201
1375.79,-586.798,145.387
1380,-588.598,143.574
1384.22,-590.398,141.759
1388.43,-592.198,139.962
1392.64,-593.998,138.164
1396.86,-595.798,136.364
1401.07,-597.598,134.565
1405.29,-599.398,132.78
1409.5,-601.198,130.998
1413.71,-602.998,129.215
1417.96,-604.798,127.389
1422.17,-606.598,125.576
1426.39,-608.398,123.762
1430.61,-610.198,121.95
1434.82,-611.998,120.136
1439.03,-613.798,118.324
1443.25,-615.598,116.511
1447.49,-617.398,114.686
1451.7,-619.198,112.83
1455.92,-620.998,110.973
1460.13,-622.798,109.118
1464.35,-624.598,107.303
1468.56,-626.398,105.49
1472.77,-628.198,103.677
1476.99,-629.998,101.853
1481.2,-631.798,100.03
1485.42,-633.598,98.2068
1489.63,-635.398,96.3852
1493.84,-637.198,94.5631
1498.12,-638.998,92.7126
1502.33,-640.798,90.8901
1506.55,-642.598,89.0668
1510.77,-644.398,87.2589
1514.99,-646.198,85.4478
1519.23,-647.998,83.6285
1523.44,-649.798,81.8198
1527.66,-651.598,80.0095
1531.88,-653.398,78.201
1536.09,-655.198,76.3913
1540.31,-656.998,74.5957
1544.52,-658.798,72.7986
1548.76,-660.598,70.9937
1552.97,-662.398,69.1977
1557.19,-664.198,67.4006
1561.41,-665.998,65.6055
1565.62,-667.798,63.8089
1569.84,-669.598,62.0217
1574.06,-671.398,60.2345
1578.27,-673.198,58.4505
1582.48,-674.997,56.6651
1586.7,-676.797,54.8665
1590.91,-678.597,53.0695
1595.13,-680.397,51.2711
1599.34,-682.197,49.4664
1603.55,-683.997,47.6612
1607.77,-685.797,45.8544
1611.99,-687.597,44.0201
1616.24,-689.397,42.1742
1620.45,-691.197,40.3414
1624.67,-692.997,38.5088
1628.88,-694.797,36.6943
1633.09,-696.597,34.8797
1637.31,-698.397,33.0643
1641.52,-700.197,31.2508
1645.74,-701.997,29.4323
1649.98,-703.797,27.6066
1654.19,-705.597,25.7896
1658.41,-707.397,23.9905
1662.62,-709.197,22.1929
1666.84,-710.997,20.3963
1671.05,-712.797,18.6037
1675.27,-714.597,16.8258
1679.48,-716.397,15.0561
1683.69,-718.197,13.2947
1687.91,-719.997,11.5399
1692.12,-721.797,9.80673
1696.34,-723.597,8.10521
1700.55,-725.397,6.46311
1704.76,-727.197,4.94217
1708.97,-728.997,3.68159
1713.18,-730.797,3.02258
1717.42,-732.597,3.34912
1721.64,-734.397,4.45583
1725.85,-736.197,5.92163
1730.06,-737.997,7.53747
1734.28,-739.797,9.2248
1738.49,-741.597,10.9499
1742.7,-743.397,12.7002
1746.92,-745.197,14.4662
1751.15,-746.997,16.2675
1755.37,-748.797,18.0687
1759.58,-750.597,19.8718
1763.8,-752.397,21.6695
1768.01,-754.197,23.4718
1772.23,-755.997,25.2745
1776.44,-757.797,27.0813
1780.65,-759.597,28.8795
1784.87,-761.397,30.6807
1789.08,-763.197,32.4802
1793.29,-764.997,34.2743
1797.51,-766.797,36.0711
1801.72,-768.597,37.8669
1805.94,-770.397,39.6649
1810.15,-772.197,41.3144
1814.37,-773.997,42.9662
1818.61,-775.797,44.6267
1822.83,-777.597,46.3925
1827.05,-779.397,48.1601
1831.26,-781.197,49.9266
1835.48,-782.997,51.6945
1839.69,-784.797,53.5351
1843.9,-786.597,55.3771
1848.12,-788.397,57.2207
1852.33,-790.197,59.063
1856.55,-791.997,60.8315
1860.76,-793.797,62.5993
1864.98,-795.597,64.3683
1869.19,-797.397,66.1604
1873.4,-799.197,67.9539
1877.62,-800.997,69.7485
1881.83,-802.797,71.5417
1886.05,-804.597,73.3791
1890.26,-806.397,75.2149
1894.48,-808.197,77.0523
1898.69,-809.997,78.8901
1902.9,-811.797,80.728
1907.12,-813.597,82.5683
1911.33,-815.397,84.4067
1915.55,-817.197,86.2366
1919.79,-818.997,88.0754
1924.05,-820.797,89.9226
1928.26,-822.596,91.6314
1932.47,-824.396,93.3407
1936.69,-826.196,95.0516
1940.9,-827.996,96.7607
1945.12,-829.796,98.4682
1949.33,-831.596,100.174
1953.56,-833.396,101.889
1957.91,-835.196,103.795
1962.13,-836.996,105.649
1966.35,-838.796,107.501
1970.56,-840.596,109.351
1974.78,-842.396,111.084
1978.99,-844.196,112.816
1983.2,-845.996,114.548
1987.42,-847.796,116.354
1991.63,-849.596,118.159
1995.85,-851.396,119.964
2000.06,-853.196,121.769
2004.28,-854.996,123.651
2008.49,-856.796,125.53
2012.71,-858.596,127.412
2016.95,-860.396,129.308
2021.17,-862.196,131.119
2025.39,-863.996,132.931
2029.6,-865.796,134.741
2033.81,-867.596,136.572
2038.03,-869.396,138.404
2042.24,-871.196,140.235
2046.46,-872.996,142.068
2050.67,-874.796,143.866
2054.91,-876.596,145.676
2059.13,-878.396,147.474
2063.34,-880.196,149.259
2067.56,-881.996,151.045
2071.77,-883.796,152.829
2075.99,-885.596,154.615
2080.2,-887.396,156.408
2084.42,-889.196,158.202
2088.63,-890.996,159.994
2092.84,-892.796,161.792
2097.05,-894.596,163.593
2101.27,-896.396,165.391
2105.48,-898.196,167.192
2109.69,-899.996,168.959
2113.91,-901.796,170.726
2118.15,-903.596,172.508
2122.37,-905.396,174.298
2126.58,-907.196,176.09
2130.8,-908.996,177.88
2135.01,-910.796,179.672
2139.22,-912.596,181.476
2143.43,-914.396,183.28
2147.65,-916.196,185.086
2151.86,-917.996,186.891
2156.1,-919.796,188.728
2160.32,-921.596,190.553
2164.53,-923.396,192.38
2168.74,-925.196,194.203
2172.96,-926.996,196.026
2177.17,-928.796,197.852
2181.39,-930.596,199.675
2185.6,-932.396,201.494
2189.86,-934.196,203.329
2194.08,-935.996,205.148
2198.29,-937.796,206.95
2202.5,-939.596,208.752
2206.72,-941.396,210.556
2210.93,-943.196,212.358
2215.15,-944.996,214.157
2219.39,-946.796,215.966
2223.6,-948.596,217.764
2227.82,-950.396,219.563
2232.03,-952.196,221.377
2236.25,-953.996,223.192
2240.46,-955.796,225.006
2244.68,-957.596,226.798
2248.89,-959.396,228.588
2253.1,-961.196,230.378
2257.32,-962.996,232.193
2261.53,-964.796,234.005
2265.75,-966.596,235.819
2269.96,-968.396,237.632
2274.18,-970.195,239.444
2278.39,-971.995,241.253
2282.6,-973.795,243.063
2286.81,-975.595,244.874
2291.03,-977.395,246.748
2295.24,-979.195,248.623
2299.45,-980.995,250.495
2303.67,-982.795,252.345
2307.88,-984.595,254.196
2312.09,-986.395,256.045
2316.31,-988.195,257.896
2320.55,-989.995,259.707
2324.77,-991.795,261.508
2328.98,-993.595,263.307
2333.2,-995.395,265.111
2337.41,-997.195,266.918
2341.63,-998.995,268.722
2345.84,-1000.8,270.528
2350.05,-1002.6,272.329
2354.27,-1004.4,274.132
2358.51,-1006.2,275.943
2362.72,-1008,277.745
2366.94,-1009.8,279.555
2371.15,-1011.6,281.361
2375.37,-1013.4,283.17
2379.58,-1015.2,284.967
2383.8,-1017,286.765
2388.01,-1018.8,288.565
2392.23,-1020.6,290.368
2396.44,-1022.4,292.173
2400.66,-1024.2,293.976
2404.87,-1026,295.78
2409.08,-1027.8,297.592
2413.3,-1029.6,299.405
2417.54,-1031.4,301.23
2421.76,-1033.2,303.043
2425.97,-1035,304.867
2430.19,-1036.8,306.689
2434.41,-1038.6,308.512
2438.62,-1040.4,310.352
2442.83,-1042.2,312.192
2447.04,-1044,314.034
2451.26,-1045.8,315.873
2455.47,-1047.6,317.711
2459.71,-1049.4,319.555
2463.92,-1051.2,321.39
2468.14,-1053,323.23
2472.35,-1054.8,325.067
2476.57,-1056.6,326.904
2480.78,-1058.4,328.738
2485,-1060.2,330.562
2489.21,-1062,332.382
2493.42,-1063.8,334.202
2497.64,-1065.6,336.02
2501.85,-1067.4,337.86
2506.07,-1069.2,339.698
2510.28,-1071,341.529
2514.5,-1072.8,343.378
2518.74,-1074.6,345.227
2522.95,-1076.4,347.053
2527.17,-1078.2,348.861
2531.38,-1080,350.664
2535.6,-1081.8,352.417
2539.85,-1083.6,354.07
2544.07,-1085.4,355.549
2548.28,-1087.2,356.52
2552.49,-1089,356.557
2556.71,-1090.8,355.633
2560.94,-1092.6,354.168
2565.16,-1094.4,352.482
2569.38,-1096.2,350.694
2573.59,-1098,348.836
2577.82,-1099.8,346.941
2582.13,-1101.6,344.987
2586.43,-1103.4,343.026
2590.64,-1105.2,341.1
2594.86,-1107,339.169
2599.07,-1108.8,337.234
2603.28,-1110.6,335.302
2607.5,-1112.4,333.365
2611.71,-1114.2,331.429
2615.93,-1116,329.487
2620.18,-1117.8,327.558
2624.4,-1119.6,325.64
2628.61,-1121.4,323.723
2632.83,-1123.2,321.847
2637.04,-1125,319.968
2641.26,-1126.8,318.091
2645.47,-1128.6,316.212
2649.69,-1130.4,314.622
2653.9,-1132.2,313.031
2658.12,-1134,311.438
2662.36,-1135.8,309.834
2666.58,-1137.6,308.104
2670.79,-1139.4,306.375
2675.01,-1141.2,304.645
2679.22,-1143,302.933
2683.44,-1144.8,301.22
2687.65,-1146.6,299.505
2691.87,-1148.4,297.792
2696.08,-1150.2,296.096
2700.3,-1152,294.402
2704.51,-1153.8,292.705
2708.72,-1155.6,290.906
2712.94,-1157.4,289.106
2717.15,-1159.2,287.302
2721.4,-1161,285.488
2725.62,-1162.8,283.672
2729.83,-1164.6,281.858
2734.05,-1166.4,280.042
2738.26,-1168.2,278.23
2742.47,-1170,276.434
2746.69,-1171.8,274.635
2750.9,-1173.6,272.838
2755.12,-1175.4,271.064
2759.33,-1177.2,269.293
2763.57,-1179,267.509
2767.79,-1180.8,265.734
2772,-1182.6,264.131
2776.22,-1184.4,262.528
2780.44,-1186.2,260.926
2784.65,-1188,259.408
2788.87,-1189.8,257.892
2793.08,-1191.6,256.375
2797.3,-1193.4,254.857
2801.51,-1195.2,253.326
2805.73,-1197,251.793
2809.94,-1198.8,250.262
2814.16,-1200.6,248.725
2818.4,-1202.4,247.181
2822.61,-1204.2,245.646
2826.83,-1206,244.11
2831.04,-1207.8,242.354
2835.26,-1209.6,240.596
2839.47,-1211.4,238.841
2843.68,-1213.2,236.883
2847.9,-1215,234.924
2852.11,-1216.8,232.966
2856.32,-1218.6,231.006
2860.53,-1220.4,229.26
2864.77,-1222.2,227.502
2868.99,-1224,225.755
2873.2,-1225.8,224.008
2877.42,-1227.6,222.186
2881.63,-1229.4,220.367
2885.85,-1231.2,218.546
2890.06,-1233,216.755
2894.28,-1234.8,214.962
2898.49,-1236.6,213.172
2902.7,-1238.4,211.381
2906.92,-1240.2,209.549
2911.13,-1242,207.718
2915.35,-1243.8,205.884
2919.59,-1245.6,204.064
2923.85,-1247.4,202.232
2928.07,-1249.2,200.422
2932.28,-1251,198.613
2936.5,-1252.8,196.834
2940.71,-1254.6,195.056
2944.93,-1256.4,193.277
2949.14,-1258.2,191.501
2953.35,-1260,189.716
2957.57,-1261.8,187.93
2961.78,-1263.6,186.146
2966.02,-1265.4,184.308
2970.23,-1267.2,182.482
2974.45,-1269,180.655
2978.66,-1270.8,178.83
2982.87,-1272.6,177.006
2987.08,-1274.4,175.179
2991.29,-1276.2,173.355
2995.51,-1278,171.546
2999.72,-1279.8,169.739
3003.93,-1281.6,167.932
3008.15,-1283.4,166.123
3012.36,-1285.2,164.305
3016.58,-1287,162.483
3020.82,-1288.8,160.651
3025.04,-1290.6,158.85
3029.25,-1292.4,157.052
3033.46,-1294.2,155.253
3037.68,-1296,153.454
3041.93,-1297.8,151.639
3046.15,-1299.6,149.838
3050.36,-1301.4,148.04
3054.58,-1303.2,146.247
3058.79,-1305,144.456
3063,-1306.8,142.665
3067.24,-1308.6,140.86
3071.46,-1310.4,139.06
3075.67,-1312.2,137.257
3079.89,-1314,135.454
3084.11,-1315.8,133.66
3088.32,-1317.6,131.87
3092.53,-1319.4,130.079
3096.75,-1321.2,128.287
3100.96,-1323,126.468
3105.18,-1324.8,124.647
3109.39,-1326.6,122.829
3113.6,-1328.4,121.011
3117.82,-1330.2,119.166
3122.06,-1332,117.311
3126.28,-1333.8,115.467
3130.49,-1335.6,113.61
3134.71,-1337.4,111.752
3138.92,-1339.2,109.896
3143.13,-1341,108.04
3147.34,-1342.8,106.208
3151.56,-1344.6,104.378
3155.77,-1346.4,102.546
3159.98,-1348.2,100.737
3164.2,-1350,98.9254
3168.43,-1351.8,97.1052
3172.65,-1353.6,95.295
3176.86,-1355.4,93.4941
3181.08,-1357.2,91.6955
3185.3,-1359,89.8955
3189.51,-1360.8,88.0988
3193.72,-1362.6,86.3026
3197.93,-1364.4,84.5047
3202.15,-1366.2,82.709
3206.36,-1368,80.8995
3210.58,-1369.8,79.0924
3214.8,-1371.6,77.2822
3219.04,-1373.4,75.4476
3223.25,-1375.2,73.6232
3227.47,-1377,71.7984
3231.68,-1378.8,69.9758
3235.9,-1380.6,68.1482
3240.11,-1382.4,66.3217
3244.33,-1384.2,64.4941
3248.54,-1386.01,62.6689
3252.75,-1387.81,60.8261
3256.97,-1389.61,58.9815
3261.18,-1391.41,57.1393
3265.4,-1393.21,55.2999
3269.63,-1395.01,53.453
3273.85,-1396.81,51.6151
3278.06,-1398.61,49.7758
3282.28,-1400.41,47.9307
3286.49,-1402.21,46.0844
3290.71,-1404.01,44.2404
3294.92,-1405.81,42.4003
3299.13,-1407.61,40.5632
3303.34,-1409.41,38.7257
3307.56,-1411.21,36.8866
3311.77,-1413.01,35.0561
3315.99,-1414.81,33.2228
3320.23,-1416.61,31.3811
3324.45,-1418.41,29.5475
3328.66,-1420.21,27.7182
3332.88,-1422.01,25.8901
3337.09,-1423.81,24.0625
3341.31,-1425.61,22.2367
3345.53,-1427.41,20.4124
3349.74,-1429.21,18.5959
3353.95,-1431.01,16.7634
3358.17,-1432.81,14.9378
3362.38,-1434.61,13.1246
3366.6,-1436.41,11.326
3370.84,-1438.21,9.53636
3375.05,-1440.01,7.79986
3379.26,-1441.81,6.14665
3383.47,-1443.61,4.65905
3387.68,-1445.41,3.53692
3391.92,-1447.21,3.25309
3396.14,-1449.01,3.99467
3400.35,-1450.81,5.35197
3404.56,-1452.61,6.97558
3408.78,-1454.41,8.71496
3412.99,-1456.21,10.5167
3417.21,-1458.01,12.3552
3421.45,-1459.81,14.2234
3425.67,-1461.61,16.0958
3429.88,-1463.41,17.9664
3434.1,-1465.21,19.8441
3438.31,-1467.01,21.7232
3442.52,-1468.81,23.6074
3446.74,-1470.61,25.487
3450.95,-1472.41,27.3666
3455.17,-1474.21,29.2501
3459.38,-1476.01,31.1329
3463.59,-1477.81,33.0045
3467.81,-1479.61,34.8799
3472.05,-1481.41,36.7648
3476.26,-1483.21,38.6011
3480.48,-1485.01,40.4364
3484.69,-1486.81,42.2735
3488.9,-1488.61,43.8097
3493.12,-1490.41,45.3464
3497.33,-1492.21,46.8848
3501.55,-1494.01,48.4222
3505.77,-1495.81,50.0208
3509.98,-1497.61,51.6168
3514.19,-1499.41,53.2148
3518.41,-1501.21,54.8121
3522.65,-1503.01,56.4853
3526.87,-1504.81,58.1491
3531.08,-1506.61,59.8104
3535.3,-1508.41,61.4633
3539.51,-1510.21,63.1139
3543.72,-1512.01,64.7648
3547.94,-1513.81,66.4178
3552.15,-1515.61,68.1265
3556.37,-1517.41,69.837
3560.58,-1519.21,71.5463
3564.8,-1521.01,73.3096
3569.01,-1522.81,75.0706
3573.24,-1524.61,76.8427
3577.46,-1526.41,78.6071
3581.68,-1528.21,80.3911
3585.89,-1530.01,82.177
3590.11,-1531.81,83.9608
3594.32,-1533.61,85.7467
3598.53,-1535.41,87.5271
3602.75,-1537.21,89.308
3606.96,-1539.01,91.0906
3611.17,-1540.81,92.8115
3615.39,-1542.61,94.5354
3619.63,-1544.41,96.2673
3623.85,-1546.21,97.8483
3628.07,-1548.01,99.4296
3632.28,-1549.81,101.009
3636.54,-1551.61,102.605
3640.75,-1553.41,104.259
3644.97,-1555.21,105.915
3649.18,-1557.01,107.568
3653.39,-1558.81,109.221
3657.61,-1560.61,111.099
3661.82,-1562.41,112.974
3666.04,-1564.21,114.852
3670.25,-1566.01,116.725
3674.49,-1567.81,118.611
3678.7,-1569.61,120.484
3682.91,-1571.41,122.359
3687.13,-1573.21,124.233
3691.34,-1575.01,126.106
3695.56,-1576.81,127.981
3699.77,-1578.61,129.674
3704.02,-1580.41,131.382
3708.23,-1582.21,133.076
3712.45,-1584.01,134.769
3716.67,-1585.81,136.593
3720.91,-1587.61,138.426
3725.13,-1589.41,140.249
3729.34,-1591.21,142.07
3733.55,-1593.01,143.895
3737.77,-1594.81,145.722
3741.98,-1596.61,147.547
3746.2,-1598.41,149.351
3750.41,-1600.21,151.153
3754.63,-1602.01,152.956
3758.84,-1603.81,154.758
3763.05,-1605.61,156.561
3767.27,-1607.41,158.365
3771.48,-1609.21,160.168
3775.7,-1611.01,161.975
3779.91,-1612.81,163.782
3784.13,-1614.61,165.588
3788.34,-1616.41,167.393
3792.56,-1618.21,169.219
3796.77,-1620.01,171.047
3800.98,-1621.81,172.874
3805.2,-1623.61,174.702
3809.41,-1625.41,176.528
3813.62,-1627.21,178.354
3817.84,-1629.01,180.184
3822.08,-1630.81,182.007
3826.3,-1632.61,183.822
3830.51,-1634.41,185.634
3834.73,-1636.21,187.429
3838.94,-1638.01,189.223
3843.15,-1639.81,191.018
3847.37,-1641.61,192.813
3851.58,-1643.41,194.602
3855.8,-1645.21,196.392
3860.01,-1647.01,198.181
3864.23,-1648.81,199.971
3868.44,-1650.61,201.764
3872.65,-1652.41,203.557
3876.89,-1654.21,205.365
3881.11,-1656.01,207.156
3885.33,-1657.81,208.949
3889.54,-1659.61,210.738
3893.75,-1661.41,212.543
3897.97,-1663.21,214.349
3902.18,-1665.01,216.154
3906.4,-1666.81,217.96
3910.61,-1668.61,219.788
3914.82,-1670.41,221.618
3919.04,-1672.21,223.447
3923.28,-1674.01,225.287
3927.5,-1675.81,227.093
3931.71,-1677.61,228.897
3935.93,-1679.41,230.702
3940.14,-1681.21,232.549
3944.36,-1683.01,234.398
3948.57,-1684.81,236.245
3952.78,-1686.61,238.092
3957,-1688.41,239.93
3961.21,-1690.21,241.767
3965.43,-1692.01,243.605
3969.64,-1693.81,245.445
3973.85,-1695.61,247.286
3978.09,-1697.41,249.139
3982.31,-1699.21,250.98
3986.52,-1701.01,252.801
3990.74,-1702.81,254.62
3994.96,-1704.61,256.445
4000.41,-1706.41,258.772
4004.65,-1708.21,260.579
4009.05,-1710.01,262.455
4013.48,-1711.81,264.348
4017.87,-1713.61,266.151
4022.45,-1715.41,268.026
4027.01,-1717.21,269.895
4031.63,-1719.01,271.763
4038.22,-1720.81,274.425
4042.63,-1722.61,276.214
4046.9,-1724.41,277.924
4051.12,-1726.21,279.618
4055.34,-1728.01,281.309
4059.55,-1729.81,283.087
4063.76,-1731.61,284.864
4067.98,-1733.41,286.643
4072.2,-1735.21,288.42
4076.45,-1737.01,290.287
4080.7,-1738.81,292.144
4085.04,-1740.61,294.056
4089.26,-1742.41,295.907
4093.48,-1744.21,297.747
4097.69,-1746.01,299.589
4101.91,-1747.81,301.43
4106.13,-1749.61,303.265
4110.34,-1751.41,305.099
4114.56,-1753.21,306.933
4118.77,-1755.02,308.768
4123.02,-1756.82,310.627
4127.24,-1758.62,312.475
4131.46,-1760.42,314.318
4135.68,-1762.22,316.136
4139.9,-1764.02,317.954
4144.11,-1765.82,319.771
4148.32,-1767.62,321.585
4152.54,-1769.42,323.457
4156.76,-1771.22,325.33
4160.97,-1773.02,327.201
4165.19,-1774.82,329.101
4169.4,-1776.62,330.997
4173.61,-1778.42,332.892
4177.87,-1780.22,334.805
4182.08,-1782.02,336.706
4186.3,-1783.82,338.605
4190.52,-1785.62,340.499
4194.73,-1787.42,342.395
4198.94,-1789.22,344.281
4203.16,-1791.02,346.157
4207.37,-1792.82,348.022
4211.59,-1794.62,349.859
4215.8,-1796.42,351.661
4220.02,-1798.22,353.401
4224.27,-1800.02,355.028
4228.48,-1801.82,356.33
4232.69,-1803.62,356.896
4236.91,-1805.42,356.365
4241.12,-1807.22,355.084
4245.34,-1809.02,353.479
4249.55,-1810.82,351.739
4253.77,-1812.62,349.932
4257.98,-1814.42,348.072
4262.2,-1816.22,346.192
4266.41,-1818.02,344.296
4270.62,-1819.82,342.39
4274.84,-1821.62,340.475
4279.08,-1823.42,338.546
4283.29,-1825.22,336.624
4287.51,-1827.02,334.699
4291.72,-1828.82,332.773
4295.94,-1830.62,330.843
4300.15,-1832.42,328.919
4304.37,-1834.22,326.99
4308.58,-1836.02,325.064
4312.79,-1837.82,323.137
4317.01,-1839.62,321.226
4321.22,-1841.42,319.314
4325.47,-1843.22,317.387
4329.68,-1845.02,315.476
4333.9,-1846.82,313.799
4338.18,-1848.62,312.097
4342.39,-1850.42,310.42
4346.61,-1852.22,308.812
4350.82,-1854.02,307.205
4355.04,-1855.82,305.597
4359.25,-1857.62,303.949
4363.47,-1859.42,302.3
4367.68,-1861.22,300.649
4371.93,-1863.02,298.988
4376.15,-1864.82,297.367
4380.38,-1866.62,295.739
4384.6,-1868.42,294.119
4388.82,-1870.22,292.501
4393.03,-1872.02,290.83
4397.25,-1873.82,289.158
4401.46,-1875.62,287.488
4405.68,-1877.42,285.753
4409.9,-1879.22,284.019
4414.12,-1881.02,282.284
4418.33,-1882.82,280.552
4422.54,-1884.62,278.783
4426.79,-1886.42,277
4431,-1888.22,275.231
4435.22,-1890.02,273.457
4439.43,-1891.82,271.685
4443.65,-1893.62,269.913
4447.86,-1895.42,268.138
4452.08,-1897.22,266.409
4456.3,-1899.02,264.678
4460.51,-1900.82,262.948
4464.73,-1902.62,261.434
4468.94,-1904.42,259.921
4473.15,-1906.22,258.408
4477.37,-1908.02,256.894
4481.61,-1909.82,255.423
4485.83,-1911.62,253.96
4490.04,-1913.42,252.498
4494.26,-1915.22,251.035
4498.47,-1917.02,249.538
4502.68,-1918.82,248.04
4506.9,-1920.62,246.54
4511.11,-1922.42,244.898
4515.33,-1924.22,243.255
4519.54,-1926.02,241.614
4523.77,-1927.82,239.964
4527.98,-1929.62,238.159
4532.19,-1931.42,236.358
4536.4,-1933.22,234.554
4540.61,-1935.02,232.686
4544.83,-1936.82,230.813
4549.04,-1938.62,228.943
4553.26,-1940.42,227.072
4557.48,-1942.22,225.293
4561.69,-1944.02,223.517
4565.91,-1945.82,221.739
4570.12,-1947.62,219.963
4574.34,-1949.42,218.084
4578.55,-1951.22,216.208
4582.79,-1953.02,214.319
4587.01,-1954.82,212.513
4591.22,-1956.62,210.71
4595.44,-1958.42,208.905
4599.65,-1960.22,207.102
4603.86,-1962.02,205.3
4608.08,-1963.82,203.498
4612.29,-1965.62,201.697
4616.5,-1967.42,199.887
4620.72,-1969.22,198.078
4624.96,-1971.02,196.255
4629.18,-1972.82,194.446
4633.39,-1974.62,192.653
4637.61,-1976.42,190.859
4641.82,-1978.22,189.067
4646.04,-1980.02,187.297
4650.25,-1981.82,185.527
4654.47,-1983.62,183.756
4658.68,-1985.42,181.988
4662.89,-1987.22,180.205
4667.11,-1989.02,178.42
4671.32,-1990.82,176.637
4675.54,-1992.62,174.818
4679.75,-1994.42,173.001
4683.98,-1996.22,171.174
4688.2,-1998.02,169.353
4692.42,-1999.82,167.536
4696.63,-2001.62,165.717
4700.85,-2003.42,163.9
4705.06,-2005.22,162.072
4709.27,-2007.02,160.246
4713.48,-2008.82,158.421
4717.7,-2010.62,156.594
4721.91,-2012.42,154.766
4726.16,-2014.22,152.926
4730.37,-2016.02,151.1
4734.59,-2017.82,149.273
4738.8,-2019.62,147.465
4743.01,-2021.42,145.656
4747.23,-2023.22,143.846
4751.44,-2025.02,142.041
4755.65,-2026.82,140.234
4759.87,-2028.62,138.427
4764.09,-2030.42,136.619
4768.3,-2032.22,134.817
4772.51,-2034.02,133.015
4776.73,-2035.82,131.21
4780.94,-2037.62,129.407
4785.18,-2039.42,127.607
4789.39,-2041.22,125.818
4793.6,-2043.02,124.029
4797.82,-2044.82,122.218
4802.03,-2046.62,120.409
4806.25,-2048.42,118.598
4810.46,-2050.22,116.785
4814.68,-2052.02,114.969
4818.89,-2053.82,113.157
4823.1,-2055.62,111.342
4827.34,-2057.42,109.478
4831.56,-2059.22,107.627
4835.78,-2061.02,105.774
4839.99,-2062.82,103.924
4844.21,-2064.62,102.077
4848.42,-2066.42,100.234
4852.63,-2068.22,98.3901
4856.85,-2070.02,96.5774
4861.06,-2071.82,94.7664
4865.28,-2073.62,92.9542
4869.49,-2075.42,91.1445
4873.7,-2077.22,89.3277
4877.92,-2079.02,87.5093
4882.13,-2080.82,85.6929
4886.37,-2082.62,83.8736
4890.58,-2084.42,82.0646
4894.8,-2086.22,80.2543
4899.01,-2088.02,78.448
4903.23,-2089.82,76.6532
4907.44,-2091.62,74.8561
4911.65,-2093.42,73.0614
4915.87,-2095.22,71.2673
4920.08,-2097.02,69.4732
4924.33,-2098.82,67.6673
4928.54,-2100.62,65.8746
4932.75,-2102.42,64.0855
4936.97,-2104.22,62.295
4941.18,-2106.02,60.5063
4945.4,-2107.82,58.6916
4949.61,-2109.62,56.8793
4953.82,-2111.42,55.0664
4958.04,-2113.22,53.253
4962.25,-2115.02,51.4396
4966.47,-2116.82,49.6251
4970.68,-2118.62,47.8124
4974.9,-2120.42,45.9988
4979.11,-2122.22,44.1654
4983.32,-2124.02,42.331
4987.56,-2125.82,40.486
4991.77,-2127.62,38.6574
4995.99,-2129.43,36.8287
5000.21,-2131.23,35.0025
5004.42,-2133.03,33.1765
5008.63,-2134.83,31.35
5012.84,-2136.63,29.5251
5017.06,-2138.43,27.6997
5021.28,-2140.23,25.8669
5025.52,-2142.03,24.0253
5029.73,-2143.83,22.2013
5033.95,-2145.63,20.3823
5038.22,-2147.43,18.5546
5042.43,-2149.23,16.7602
5046.65,-2151.03,14.9762
5050.86,-2152.83,13.2037
5055.08,-2154.63,11.4552
5059.29,-2156.43,9.74783
5063.5,-2158.23,8.10347
5067.71,-2160.03,6.56816
5071.93,-2161.83,5.24184
5076.14,-2163.63,4.32241
5080.35,-2165.43,4.09569
5084.56,-2167.23,4.68068
5088.8,-2169.03,5.84537
5093.01,-2170.83,7.30936
5097.22,-2172.63,8.9353
5101.43,-2174.43,10.6459
5105.65,-2176.23,12.4101
5109.86,-2178.03,14.2047
5114.08,-2179.83,16.0434
5118.29,-2181.63,17.8946
5122.5,-2183.43,19.7575
5126.75,-2185.23,21.6396
5130.96,-2187.03,23.5144
5135.18,-2188.83,25.395
5139.39,-2190.63,27.2767
5143.61,-2192.43,29.1636
5147.82,-2194.23,31.0547
5152.04,-2196.03,32.9464
5156.25,-2197.83,34.8202
5160.46,-2199.63,36.6938
5164.68,-2201.43,38.5707
5168.89,-2203.23,40.4463
5173.11,-2205.03,42.2161
5177.33,-2206.83,43.9902
5181.54,-2208.63,45.7633
5185.76,-2210.43,47.321
5190,-2212.23,48.8874
5194.22,-2214.03,50.4469
5198.43,-2215.83,52.0042
5202.64,-2217.63,53.6212
5206.86,-2219.43,55.2398
5211.07,-2221.23,56.8575
5215.29,-2223.03,58.44
5219.5,-2224.83,60.0215
5223.72,-2226.63,61.6033
5227.96,-2228.43,63.1978
5232.18,-2230.23,64.8144
5236.39,-2232.03,66.4317
5240.61,-2233.83,68.0475
5244.82,-2235.63,69.6646
5249.04,-2237.43,71.4098
5253.25,-2239.23,73.1562
5257.47,-2241.03,74.9044
5261.68,-2242.83,76.7455
5265.9,-2244.63,78.588
5270.11,-2246.43,80.4284
5274.33,-2248.23,82.271
5278.54,-2250.03,84.0944
5282.75,-2251.83,85.9186
5286.97,-2253.63,87.7445
5291.18,-2255.43,89.5392
5295.39,-2257.23,91.3353
5299.6,-2259.03,93.1295
5303.82,-2260.83,94.9242
5308.03,-2262.63,96.6054
5312.25,-2264.43,98.2845
5316.46,-2266.23,99.9652
5320.67,-2268.03,101.607
5324.92,-2269.83,103.261
5329.13,-2271.63,104.903
5333.35,-2273.43,106.545
5337.57,-2275.23,108.329
5341.78,-2277.03,110.112
5346,-2278.83,111.896
5350.21,-2280.63,113.679
5354.43,-2282.43,115.441
5358.64,-2284.23,117.201
5362.85,-2286.03,118.961
5367.07,-2287.83,120.782
5371.28,-2289.63,122.601
5375.49,-2291.43,124.421
5379.71,-2293.23,126.239
5383.92,-2295.03,128.166
5388.14,-2296.83,130.094
5392.38,-2298.63,132.033
5396.6,-2300.43,133.796
5400.81,-2302.23,135.557
5405.03,-2304.03,137.319
5409.24,-2305.83,139.078
5413.45,-2307.63,140.903
5417.66,-2309.43,142.729
5421.88,-2311.23,144.555
5426.13,-2313.03,146.367
5430.34,-2314.83,148.165
5434.56,-2316.63,149.964
5438.77,-2318.43,151.76
5442.98,-2320.23,153.571
5447.2,-2322.03,155.382
5451.41,-2323.83,157.193
5455.63,-2325.63,158.999
5459.85,-2327.43,160.805
5464.06,-2329.23,162.611
5468.27,-2331.03,164.414
5472.49,-2332.83,166.198
5476.7,-2334.63,167.984
5480.92,-2336.43,169.767
5485.13,-2338.23,171.552
5489.34,-2340.03,173.335
5493.58,-2341.83,175.129
5497.8,-2343.63,176.915
5502.01,-2345.43,178.721
5506.23,-2347.23,180.528
5510.44,-2349.03,182.332
5514.65,-2350.83,184.139
5518.86,-2352.63,185.962
5523.08,-2354.43,187.785
5527.32,-2356.23,189.623
5531.54,-2358.03,191.449
5535.76,-2359.83,193.276
5539.97,-2361.63,195.101
5544.19,-2363.43,196.928
5548.4,-2365.23,198.736
5552.61,-2367.03,200.545
5556.83,-2368.83,202.355
5561.04,-2370.63,204.164
5565.26,-2372.43,205.973
5569.47,-2374.23,207.78
5573.69,-2376.03,209.588
5577.9,-2377.83,211.381
5582.14,-2379.63,213.178
5586.47,-2381.43,215.022
5590.69,-2383.23,216.829
5594.94,-2385.03,218.653
5599.16,-2386.83,220.46
5603.37,-2388.63,222.265
5607.59,-2390.43,224.053
5611.8,-2392.23,225.839
5616.02,-2394.03,227.626
5620.23,-2395.83,229.412
5624.45,-2397.63,231.208
5628.7,-2399.43,233.016
5632.91,-2401.23,234.811
5637.13,-2403.03,236.624
5641.34,-2404.83,238.435
5645.56,-2406.63,240.248
5649.77,-2408.43,242.06
5654.08,-2410.23,243.921
5658.29,-2412.03,245.746
5662.5,-2413.83,247.57
5666.72,-2415.63,249.425
5670.94,-2417.43,251.28
5675.15,-2419.23,253.136
5679.36,-2421.03,254.989
5683.58,-2422.83,256.827
5687.79,-2424.63,258.668
5692.01,-2426.43,260.506
5696.25,-2428.23,262.328
5700.47,-2430.03,264.138
5704.68,-2431.83,265.948
5708.9,-2433.63,267.757
5713.11,-2435.43,269.545
5717.33,-2437.23,271.334
5721.54,-2439.03,273.123
5725.79,-2440.83,274.933
5730,-2442.63,276.73
5734.28,-2444.43,278.555
5738.49,-2446.23,280.351
5742.71,-2448.03,282.13
5746.92,-2449.83,283.911
5751.14,-2451.63,285.69
5755.35,-2453.43,287.47
5759.57,-2455.23,289.274
5763.78,-2457.03,291.079
5768,-2458.83,292.884
5772.21,-2460.63,294.698
5776.43,-2462.43,296.514
5780.64,-2464.23,298.327
5784.86,-2466.03,300.142
5789.07,-2467.83,301.963
5793.28,-2469.63,303.785
5797.52,-2471.43,305.619
5801.73,-2473.23,307.457
5805.95,-2475.03,309.296
5810.16,-2476.83,311.133
5814.38,-2478.63,312.971
5818.59,-2480.43,314.791
5822.81,-2482.23,316.61
5827.05,-2484.03,318.442
5831.27,-2485.83,320.256
5835.49,-2487.63,322.07
5839.7,-2489.43,323.88
5843.91,-2491.23,325.689
5848.13,-2493.03,327.485
5852.34,-2494.83,329.277
5856.56,-2496.64,331.069
5860.77,-2498.44,332.869
5864.99,-2500.24,334.668
5869.2,-2502.04,336.462
5873.42,-2503.84,338.252
5877.63,-2505.64,340.032
5881.85,-2507.44,341.803
5886.06,-2509.24,343.567
5890.28,-2511.04,345.317
5894.49,-2512.84,347.06
5898.73,-2514.64,348.786
5902.95,-2516.44,350.463
5907.16,-2518.24,352.085
5911.38,-2520.04,353.591
5915.59,-2521.84,354.884
5919.8,-2523.64,355.761
5924.05,-2525.44,355.938
5928.29,-2527.24,355.315
5932.51,-2529.04,354.15
5936.72,-2530.84,352.682
5940.94,-2532.64,351.066
5945.15,-2534.44,349.368
5949.36,-2536.24,347.625
5953.58,-2538.04,345.844
5957.79,-2539.84,344.041
5962.01,-2541.64,342.225
5966.22,-2543.44,340.386
5970.44,-2545.24,338.542
5974.65,-2547.04,336.689
5978.86,-2548.84,334.835
5983.08,-2550.64,332.987
5987.29,-2552.44,331.133
5991.51,-2554.24,329.279
5995.73,-2556.04,327.422
5999.96,-2557.84,325.64
6004.18,-2559.64,323.865
6008.39,-2561.44,322.091
6012.61,-2563.24,320.303
6016.82,-2565.04,318.513
6021.03,-2566.84,316.724
6025.25,-2568.64,315.075
6029.49,-2570.44,313.419
6033.7,-2572.24,311.772
6037.92,-2574.04,310.124
6042.14,-2575.84,308.583
6046.35,-2577.64,307.041
6050.57,-2579.44,305.5
6054.78,-2581.24,303.957
6058.99,-2583.04,302.272
6063.21,-2584.84,300.586
6067.42,-2586.64,298.898
6071.63,-2588.44,297.112
6075.85,-2590.24,295.324
6080.06,-2592.04,293.537
6084.28,-2593.84,291.749
6088.49,-2595.64,289.848
6092.71,-2597.44,287.946
6096.92,-2599.24,286.041
6101.16,-2601.04,284.119
6105.38,-2602.84,282.206
6109.59,-2604.64,280.296
6113.8,-2606.44,278.384
6118.02,-2608.24,276.547
6122.23,-2610.04,274.711
6126.48,-2611.84,272.861
6130.69,-2613.64,271.025
6134.91,-2615.44,269.238
6139.12,-2617.24,267.453
6143.33,-2619.04,265.668
6147.55,-2620.84,263.962
6151.76,-2622.64,262.259
6155.98,-2624.44,260.554
6160.19,-2626.24,258.851
6164.41,-2628.04,257.217
6168.62,-2629.84,255.586
6172.83,-2631.64,253.954
6177.05,-2633.44,252.195
6181.26,-2635.24,250.438
6185.48,-2637.04,248.679
6189.69,-2638.84,246.923
6193.9,-2640.64,245.11
6198.12,-2642.44,243.295
6202.36,-2644.24,241.472
6206.58,-2646.04,239.599
6210.79,-2647.84,237.728
6215.01,-2649.64,235.856
6219.22,-2651.44,233.986
6223.43,-2653.24,232.084
6227.68,-2655.04,230.168
6231.92,-2656.84,228.252
6236.14,-2658.64,226.348
6240.36,-2660.44,224.667
6244.57,-2662.24,222.985
6248.78,-2664.04,221.306
6253,-2665.84,219.49
6257.21,-2667.64,217.671
6261.42,-2669.44,215.854
6265.64,-2671.24,214.036
6269.86,-2673.04,212.189
6274.08,-2674.84,210.343
6278.29,-2676.64,208.499
6282.5,-2678.44,206.679
6286.72,-2680.24,204.857
6290.93,-2682.04,203.037
6295.15,-2683.84,201.216
6299.36,-2685.64,199.413
6303.6,-2687.44,197.599
6307.82,-2689.24,195.794
6312.03,-2691.04,193.993
6316.24,-2692.84,192.191
6320.46,-2694.64,190.39
6324.67,-2696.44,188.587
6328.91,-2698.24,186.769
6333.13,-2700.04,184.961
6337.34,-2701.84,183.152
6341.55,-2703.64,181.345
6345.77,-2705.44,179.518
6349.98,-2707.24,177.694
6354.2,-2709.04,175.867
6358.41,-2710.84,174.054
6362.62,-2712.64,172.239
6366.84,-2714.44,170.423
6371.05,-2716.24,168.608
6375.27,-2718.04,166.794
6379.48,-2719.84,164.982
6383.69,-2721.64,163.169
6387.9,-2723.44,161.372
6392.12,-2725.24,159.576
6396.33,-2727.04,157.778
6400.55,-2728.84,155.983
6404.79,-2730.64,154.171
6409,-2732.44,152.374
6413.21,-2734.24,150.576
6417.43,-2736.04,148.778
6421.64,-2737.84,146.983
6425.86,-2739.64,145.185
6430.14,-2741.44,143.36
6434.36,-2743.24,141.553
6438.57,-2745.04,139.75
6442.78,-2746.84,137.946
6447,-2748.64,136.133
6451.21,-2750.44,134.321
6455.43,-2752.24,132.508
6459.64,-2754.04,130.697
6463.85,-2755.84,128.914
6468.07,-2757.64,127.128
6472.28,-2759.44,125.344
6476.5,-2761.24,123.559
6480.71,-2763.04,121.713
6484.93,-2764.84,119.864
6489.14,-2766.64,118.019
6493.35,-2768.44,116.186
6497.57,-2770.24,114.352
6501.78,-2772.04,112.519
6506.02,-2773.84,110.661
6510.23,-2775.64,108.817
6514.45,-2777.44,106.97
6518.66,-2779.24,105.126
6522.88,-2781.04,103.309
6527.12,-2782.84,101.48
6531.34,-2784.64,99.6651
6535.55,-2786.44,97.8482
6539.76,-2788.24,96.0572
6544.01,-2790.04,94.251
6548.23,-2791.84,92.4569
6552.44,-2793.64,90.6622
6556.66,-2795.44,88.8669
6560.87,-2797.24,87.073
6565.09,-2799.04,85.2772
6569.3,-2800.84,83.4805
6573.51,-2802.64,81.6836
6577.73,-2804.44,79.8843
6581.94,-2806.24,78.0714
6586.16,-2808.04,76.2588
6590.37,-2809.84,74.4478
6594.59,-2811.64,72.6348
6598.8,-2813.44,70.8234
6603.01,-2815.24,69.0116
6607.25,-2817.04,67.1876
6611.47,-2818.84,65.3534
6615.69,-2820.64,63.5181
6619.9,-2822.44,61.6845
6624.12,-2824.24,59.8487
6628.36,-2826.04,58.0153
6632.58,-2827.84,56.1927
6636.8,-2829.64,54.3692
6641.01,-2831.44,52.5478
6645.23,-2833.24,50.7267
6649.44,-2835.04,48.9088
6653.65,-2836.84,47.0908
6657.87,-2838.64,45.2786
6662.08,-2840.44,43.4682
6666.3,-2842.24,41.657
6670.51,-2844.04,39.8481
6674.73,-2845.84,38.0354
6678.94,-2847.64,36.2261
6683.15,-2849.44,34.4169
6687.36,-2851.24,32.6044
6691.58,-2853.04,30.7951
6695.79,-2854.84,28.9859
6700.01,-2856.64,27.1806
6704.22,-2858.44,25.3811
6708.46,-2860.24,23.5763
6712.67,-2862.04,21.7835
6716.89,-2863.84,19.9885
6721.1,-2865.65,18.2016
6725.32,-2867.45,16.4189
6729.56,-2869.25,14.64
6733.78,-2871.05,12.8812
6738,-2872.85,11.1447
6742.28,-2874.65,9.41846
6746.5,-2876.45,7.75808
6750.71,-2878.25,6.21179
6754.93,-2880.05,4.88256
