4.30536,-1.8,0.148037
8.76394,-3.6,0.148037
13.0015,-5.4,0.148037
17.226,-7.2,0.481325
21.441,-9,0.99228
25.6551,-10.8,1.50867
29.8671,-12.6,2.0275
34.0847,-14.4,3.46447
38.2937,-16.2,4.90528
42.6031,-18,6.34956
46.8227,-19.8,8.27735
51.0344,-21.6,10.1604
55.2565,-23.4,12.0478
59.4708,-25.2,13.932
63.6903,-27,15.8876
67.9034,-28.8,17.8403
72.1187,-30.6,19.794
76.3394,-32.4,21.7182
80.5562,-34.2,23.6412
84.7729,-36,25.5639
88.9865,-37.8,27.4852
93.2029,-39.6,29.4356
97.4241,-41.4,31.3877
101.675,-43.2,33.3537
105.896,-45,35.3078
110.114,-46.8,37.1929
114.337,-48.6,39.0809
118.551,-50.4,40.9646
122.77,-52.2,42.5899
126.99,-54,44.2141
131.205,-55.8,45.8375
135.424,-57.6,47.4617
139.642,-59.4,49.0873
143.861,-61.2,50.7129
148.075,-63,52.3365
152.29,-64.8,54.0228
156.51,-66.6,55.712
160.729,-68.4,57.4003
164.95,-70.2,59.0892
169.161,-72,60.7719
173.379,-73.8,62.4568
177.601,-75.6,64.1436
181.817,-77.4,65.8282
186.035,-79.2,67.6753
190.251,-81,69.5217
194.469,-82.8,71.3689
198.682,-84.6,73.2176
202.923,-86.4,75.0777
207.143,-88.2,76.93
211.358,-90,78.7886
215.583,-91.8,80.6508
219.798,-93.6,82.5088
224.02,-95.4,84.3701
228.234,-97.2,86.1818
232.453,-99,87.9968
236.671,-100.8,89.81
240.885,-102.6,91.6225
245.104,-104.4,93.304
249.321,-106.2,94.9845
253.538,-108,96.6649
257.756,-109.8,98.3812
261.97,-111.6,100.096
266.189,-113.4,101.813
270.401,-115.2,103.527
274.619,-117,105.361
278.831,-118.8,107.192
283.043,-120.6,109.023
287.261,-122.4,110.808
291.474,-124.2,112.591
295.691,-126,114.376
299.903,-127.8,116.158
304.146,-129.6,117.959
308.36,-131.4,119.747
312.577,-133.2,121.537
316.799,-135,123.328
321.013,-136.8,125.167
325.23,-138.6,127.007
329.443,-140.4,128.844
333.66,-142.2,130.629
337.876,-144,132.414
342.093,-145.8,134.198
346.311,-147.6,136.054
350.523,-149.4,137.908
354.744,-151.2,139.765
358.956,-153,141.618
363.17,-154.8,143.423
367.391,-156.6,145.232
371.606,-158.4,147.039
375.825,-160.2,148.847
380.039,-162,150.657
384.26,-163.8,152.47
388.474,-165.6,154.279
392.69,-167.4,156.102
396.907,-169.2,157.924
401.121,-171,159.745
405.364,-172.8,161.578
409.579,-174.6,163.374
413.803,-176.4,165.173
418.015,-178.2,166.967
422.229,-180,168.762
426.448,-181.8,170.549
430.66,-183.6,172.332
434.879,-185.4,174.118
439.091,-187.2,175.89
443.304,-189,177.663
447.522,-190.8,179.438
451.739,-192.6,181.241
455.957,-194.4,183.045
460.169,-196.2,184.846
464.388,-198,186.651
468.6,-199.8,188.458
472.816,-201.6,190.266
477.032,-203.4,192.075
481.245,-205.2,193.883
485.466,-207,195.719
489.679,-208.8,197.552
493.897,-210.6,199.387
498.108,-212.4,201.207
502.321,-214.2,203.027
506.569,-216,204.862
510.783,-217.8,206.683
515.011,-219.6,208.513
519.224,-221.4,210.337
523.504,-223.2,212.189
527.727,-225,214.005
531.941,-226.8,215.817
536.159,-228.6,217.631
540.375,-230.4,219.444
544.596,-232.2,221.232
548.81,-234,223.018
553.024,-235.8,224.803
557.242,-237.6,226.619
561.456,-239.4,228.432
565.677,-241.2,230.246
569.891,-243,232.06
574.11,-244.8,233.869
578.322,-246.6,235.674
582.536,-248.4,237.48
586.762,-250.2,239.304
590.977,-252,241.124
595.197,-253.8,242.947
599.41,-255.6,244.766
603.644,-257.4,246.609
607.964,-259.2,248.492
612.223,-261,250.348
616.558,-262.8,252.231
620.913,-264.6,254.108
625.199,-266.4,255.952
629.417,-268.2,257.762
633.643,-270,259.522
637.858,-271.8,261.277
642.073,-273.6,263.033
646.292,-275.4,264.789
650.508,-277.2,266.622
654.731,-279,268.457
658.946,-280.8,270.29
663.16,-282.6,272.099
667.38,-284.4,273.911
671.594,-286.2,275.72
675.816,-288,277.532
680.031,-289.8,279.325
684.253,-291.6,281.121
688.465,-293.4,282.914
692.681,-295.2,284.708
696.901,-297,286.504
701.116,-298.8,288.298
705.337,-300.6,290.094
709.591,-302.4,291.903
713.819,-304.2,293.701
718.066,-306,295.509
722.283,-307.8,297.303
726.505,-309.6,299.106
730.723,-311.4,300.907
734.943,-313.2,302.709
739.156,-315,304.52
743.373,-316.8,306.333
747.592,-318.6,308.147
751.808,-320.4,309.959
756.027,-322.2,311.801
760.242,-324,313.641
764.464,-325.8,315.484
768.678,-327.6,317.324
772.896,-329.4,319.164
777.117,-331.2,321.008
781.332,-333,322.848
785.555,-334.8,324.688
789.837,-336.6,326.557
794.057,-338.4,328.398
798.271,-340.2,330.217
802.49,-342,332.038
806.711,-343.8,333.86
810.93,-345.6,335.681
815.18,-347.4,337.53
819.395,-349.2,339.364
823.616,-351,341.2
827.83,-352.8,343.033
832.047,-354.6,344.865
836.267,-356.4,346.699
840.483,-358.2,348.528
844.708,-360,350.359
848.923,-361.8,352.178
853.141,-363.6,353.988
857.36,-365.4,355.78
861.576,-367.2,357.485
865.796,-369,358.7
870.012,-370.8,358.025
874.235,-372.6,356.386
878.449,-374.4,354.601
882.663,-376.199,352.777
886.89,-377.999,350.933
891.105,-379.799,349.07
895.325,-381.599,347.201
899.539,-383.399,345.332
903.766,-385.199,343.453
907.981,-386.999,341.579
912.224,-388.799,339.691
916.475,-390.599,337.798
920.695,-392.399,335.975
924.916,-394.199,334.151
929.13,-395.999,332.328
933.347,-397.799,330.427
937.568,-399.599,328.524
941.784,-401.399,326.623
946.007,-403.199,324.719
950.222,-404.999,322.903
954.445,-406.799,321.085
958.657,-408.599,319.268
962.876,-410.399,317.725
967.117,-412.199,316.175
971.429,-413.999,314.599
975.739,-415.799,313.017
979.96,-417.599,311.385
984.181,-419.399,309.753
988.393,-421.199,308.125
992.611,-422.999,306.445
996.833,-424.799,304.763
1001.05,-426.599,303.083
1005.27,-428.399,301.401
1009.48,-430.199,299.658
1013.75,-431.999,297.894
1018.01,-433.799,296.135
1022.23,-435.599,294.392
1026.45,-437.399,292.573
1030.66,-439.199,290.757
1034.89,-440.999,288.939
1039.1,-442.799,287.058
1043.32,-444.599,285.176
1047.53,-446.399,283.293
1051.75,-448.199,281.41
1055.97,-449.999,279.583
1060.19,-451.799,277.758
1064.41,-453.599,275.931
1068.64,-455.399,274.143
1072.85,-457.199,272.358
1077.07,-458.999,270.572
1081.29,-460.799,268.787
1085.51,-462.599,267.058
1089.73,-464.399,265.329
1093.95,-466.199,263.6
1098.17,-467.999,261.894
1102.38,-469.799,260.187
1106.6,-471.599,258.479
1110.82,-473.399,256.773
1115.07,-475.199,255.013
1119.32,-476.999,253.251
1123.55,-478.799,251.502
1127.76,-480.599,249.688
1131.98,-482.399,247.875
1136.2,-484.199,246.06
1140.42,-485.999,244.249
1144.64,-487.799,242.375
1148.86,-489.599,240.503
1153.08,-491.399,238.633
1157.3,-493.199,236.761
1161.51,-494.999,234.865
1165.74,-496.799,232.967
1169.95,-498.599,231.072
1174.17,-500.399,229.373
1178.39,-502.199,227.676
1182.61,-503.999,225.978
1186.83,-505.799,224.188
1191.05,-507.599,222.402
1195.27,-509.399,220.613
1199.48,-511.199,218.825
1203.71,-512.999,217.011
1207.92,-514.799,215.202
1212.14,-516.599,213.389
1216.42,-518.399,211.552
1220.64,-520.199,209.719
1224.86,-521.999,207.886
1229.07,-523.799,206.056
1233.29,-525.599,204.253
1237.51,-527.398,202.447
1241.73,-529.198,200.643
1245.95,-530.998,198.837
1250.17,-532.798,197.051
1254.39,-534.598,195.263
1258.61,-536.398,193.477
1262.82,-538.198,191.69
1267.04,-539.998,189.902
1271.26,-541.798,188.114
1275.48,-543.598,186.326
1279.7,-545.398,184.51
1283.92,-547.198,182.694
1288.13,-548.998,180.88
1292.35,-550.798,179.065
1296.57,-552.598,177.225
1300.78,-554.398,175.388
1305.01,-556.198,173.549
1309.22,-557.998,171.732
1313.43,-559.798,169.915
1317.71,-561.598,168.069
1321.93,-563.398,166.25
1326.15,-565.198,164.432
1330.37,-566.998,162.614
1334.59,-568.798,160.795
1338.8,-570.598,159.001
1343.02,-572.398,157.208
1347.24,-574.198,155.412
1351.46,-575.998,153.617
1355.68,-577.798,151.804
1359.9,-579.598,149.992
1364.12,-581.398,148.179
1368.33,-583.198,146.364
1372.55,-584.998,144.55
1376.77,-586.798,142.734
1380.99,-588.598,140.918
1385.21,-590.398,139.103
1389.43,-592.198,137.29
1393.65,-593.998,135.473
1397.86,-595.798,133.699
1402.08,-597.598,131.924
1406.3,-599.398,130.147
1410.52,-601.198,128.373
1414.74,-602.998,126.541
1419.01,-604.798,124.69
1423.23,-606.598,122.86
1427.45,-608.398,121.03
1431.66,-610.198,119.189
1435.88,-611.998,117.346
1440.1,-613.798,115.505
1444.32,-615.598,113.653
1448.53,-617.398,111.805
1452.76,-619.198,109.95
1456.98,-620.998,108.099
1461.2,-622.798,106.277
1465.42,-624.598,104.454
1469.64,-626.398,102.632
1473.86,-628.198,100.83
1478.08,-629.998,99.0316
1482.3,-631.798,97.2331
1486.52,-633.598,95.4324
1490.74,-635.398,93.6354
1494.96,-637.198,91.8378
1499.23,-638.998,90.0172
1503.48,-640.798,88.2061
1507.71,-642.598,86.4069
1511.92,-644.398,84.6099
1516.17,-646.198,82.7992
1520.39,-647.998,81.0161
1524.62,-649.798,79.2315
1528.83,-651.598,77.4501
1533.05,-653.398,75.6425
1537.27,-655.198,73.8314
1541.49,-656.998,72.0236
1545.71,-658.798,70.2119
1549.93,-660.598,68.3969
1554.15,-662.398,66.579
1558.36,-664.198,64.7641
1562.58,-665.998,62.9484
1566.8,-667.798,61.1125
1571.01,-669.598,59.2777
1575.23,-671.398,57.441
1579.45,-673.198,55.6139
1583.67,-674.997,53.7857
1587.88,-676.797,51.959
1592.1,-678.597,50.1327
1596.32,-680.397,48.3055
1600.53,-682.197,46.4811
1604.76,-683.997,44.6532
1608.97,-685.797,42.8374
1613.19,-687.597,41.0204
1617.44,-689.397,39.1885
1621.69,-691.197,37.3591
1625.91,-692.997,35.5305
1630.13,-694.797,33.7031
1634.35,-696.597,31.8743
1638.57,-698.397,30.044
1642.78,-700.197,28.2148
1647.01,-701.997,26.3822
1651.22,-703.797,24.5525
1655.44,-705.597,22.732
1659.66,-707.397,20.9154
1663.88,-709.197,19.0964
1668.09,-710.997,17.2809
1672.31,-712.797,15.4689
1676.53,-714.597,13.6551
1680.75,-716.397,11.8441
1684.97,-718.197,9.99668
1689.18,-719.997,8.15665
1693.39,-721.797,6.32249
1697.61,-723.597,4.46847
1701.83,-725.397,2.66473
1706.04,-727.197,1.15757
1710.26,-728.997,1.63992
1714.48,-730.797,3.31293
1718.72,-732.597,5.12325
1722.96,-734.397,6.96052
1727.18,-736.197,8.80075
1731.4,-737.997,10.636
1735.62,-739.797,12.4765
1739.83,-741.597,14.3161
1744.05,-743.397,16.2068
1748.27,-745.197,18.096
1752.48,-746.997,19.9866
1756.71,-748.797,21.882
1760.92,-750.597,23.7197
1765.14,-752.397,25.5598
1769.36,-754.197,27.3989
1773.58,-755.997,29.209
1777.79,-757.797,31.0156
1782.01,-759.597,32.8243
1786.23,-761.397,34.6347
1790.44,-763.197,36.4411
1794.66,-764.997,38.2491
1798.88,-766.797,40.0558
1803.09,-768.597,41.7778
1807.31,-770.397,43.5004
1811.53,-772.197,45.2213
1815.76,-773.997,46.9484
1820.01,-775.797,48.598
1824.26,-777.597,50.2482
1828.47,-779.397,51.8866
1832.69,-781.197,53.5901
1836.91,-782.997,55.2939
1841.13,-784.797,56.9978
1845.35,-786.597,58.7021
1849.57,-788.397,60.4082
1853.79,-790.197,62.1144
1858,-791.997,63.8189
1862.22,-793.797,65.5238
1866.44,-795.597,67.3318
1870.66,-797.397,69.1368
1874.88,-799.197,70.9446
1879.09,-800.997,72.7718
1883.31,-802.797,74.6
1887.53,-804.597,76.4301
1891.75,-806.397,78.2594
1895.97,-808.197,79.9844
1900.18,-809.997,81.7076
1904.4,-811.797,83.4322
1908.62,-813.597,85.1786
1912.84,-815.397,86.9278
1917.09,-817.197,88.6888
1921.31,-818.997,90.4377
1925.53,-820.797,92.2085
1929.74,-822.596,93.9795
1933.96,-824.396,95.7506
1938.18,-826.196,97.3901
1942.4,-827.996,99.0307
1946.61,-829.796,100.673
1950.83,-831.596,102.313
1955.05,-833.396,104.162
1959.27,-835.196,106.008
1963.53,-836.996,107.875
1967.74,-838.796,109.722
1971.96,-840.596,111.512
1976.18,-842.396,113.303
1980.39,-844.196,115.092
1984.61,-845.996,116.922
1988.83,-847.796,118.75
1993.05,-849.596,120.578
1997.27,-851.396,122.408
2001.48,-853.196,124.267
2005.71,-854.996,126.129
2009.92,-856.796,127.988
2014.15,-858.596,129.651
2018.39,-860.396,131.322
2022.64,-862.196,132.993
2026.86,-863.996,134.656
2031.08,-865.796,136.53
2035.3,-867.596,138.404
2039.52,-869.396,140.279
2043.74,-871.196,142.124
2047.96,-872.996,143.965
2052.17,-874.796,145.806
2056.39,-876.596,147.65
2060.61,-878.396,149.426
2064.83,-880.196,151.202
2069.04,-881.996,152.975
2073.26,-883.796,154.743
2077.48,-885.596,156.514
2081.7,-887.396,158.284
2085.92,-889.196,160.053
2090.14,-890.996,161.861
2094.35,-892.796,163.669
2098.57,-894.596,165.476
2102.78,-896.396,167.282
2107.01,-898.196,169.123
2111.22,-899.996,170.96
2115.44,-901.796,172.802
2119.69,-903.596,174.642
2123.94,-905.396,176.483
2128.15,-907.196,178.31
2132.37,-908.996,180.14
2136.59,-910.796,181.947
2140.81,-912.596,183.752
2145.03,-914.396,185.558
2149.24,-916.196,187.358
2153.49,-917.996,189.173
2157.71,-919.796,190.974
2161.92,-921.596,192.775
2166.14,-923.396,194.569
2170.36,-925.196,196.362
2174.58,-926.996,198.156
2178.79,-928.796,199.955
2183.01,-930.596,201.757
2187.23,-932.396,203.559
2191.44,-934.196,205.36
2195.72,-935.996,207.188
2199.93,-937.796,208.993
2204.15,-939.596,210.8
2208.37,-941.396,212.604
2212.64,-943.196,214.435
2216.89,-944.996,216.259
2221.11,-946.796,218.068
2225.36,-948.596,219.895
2229.58,-950.396,221.71
2233.8,-952.196,223.526
2238.01,-953.996,225.34
2242.23,-955.796,227.124
2246.45,-957.596,228.91
2250.67,-959.396,230.693
2254.89,-961.196,232.548
2259.11,-962.996,234.398
2263.32,-964.796,236.249
2267.54,-966.596,238.101
2271.76,-968.396,239.942
2275.99,-970.195,241.784
2280.2,-971.995,243.623
2284.42,-973.795,245.448
2288.64,-975.595,247.271
2292.86,-977.395,249.093
2297.08,-979.195,250.917
2301.3,-980.995,252.762
2305.52,-982.795,254.611
2309.73,-984.595,256.457
2313.96,-986.395,258.27
2318.2,-988.195,260.092
2322.42,-989.995,261.903
2326.67,-991.795,263.726
2330.89,-993.595,265.508
2335.11,-995.395,267.291
2339.32,-997.195,269.071
2343.55,-998.995,270.852
2347.76,-1000.8,272.626
2351.99,-1002.6,274.401
2356.28,-1004.4,276.204
2360.52,-1006.2,278.042
2364.76,-1008,279.876
2368.98,-1009.8,281.701
2373.19,-1011.6,283.541
2377.42,-1013.4,285.384
2381.64,-1015.2,287.225
2385.86,-1017,289.069
2390.08,-1018.8,290.88
2394.3,-1020.6,292.692
2398.51,-1022.4,294.5
2402.73,-1024.2,296.311
2406.96,-1026,298.094
2411.17,-1027.8,299.873
2415.4,-1029.6,301.657
2419.65,-1031.4,303.526
2423.88,-1033.2,305.382
2428.13,-1035,307.248
2432.36,-1036.8,309.101
2436.58,-1038.6,310.919
2440.8,-1040.4,312.733
2445.02,-1042.2,314.55
2449.24,-1044,316.327
2453.5,-1045.8,318.123
2457.72,-1047.6,319.903
2461.94,-1049.4,321.679
2466.16,-1051.2,323.401
2470.42,-1053,325.131
2474.76,-1054.8,326.907
2478.98,-1056.6,328.688
2483.2,-1058.4,330.468
2487.42,-1060.2,332.248
2491.64,-1062,334.028
2495.86,-1063.8,335.846
2500.08,-1065.6,337.661
2504.3,-1067.4,339.477
2508.52,-1069.2,341.351
2512.73,-1071,343.225
2516.96,-1072.8,345.099
2521.21,-1074.6,346.981
2525.44,-1076.4,348.821
2529.69,-1078.2,350.666
2533.92,-1080,352.482
2538.14,-1081.8,354.245
2542.35,-1083.6,355.945
2546.58,-1085.4,357.452
2550.79,-1087.2,358.188
2555.02,-1089,357.415
2559.23,-1090.8,355.931
2563.49,-1092.6,354.247
2567.71,-1094.4,352.514
2571.93,-1096.2,350.782
2576.15,-1098,349.037
2580.37,-1099.8,347.285
2584.59,-1101.6,345.509
2588.81,-1103.4,343.733
2593.02,-1105.2,341.954
2597.24,-1107,340.17
2601.46,-1108.8,338.354
2605.69,-1110.6,336.535
2609.9,-1112.4,334.719
2614.13,-1114.2,332.889
2618.37,-1116,331.05
2622.6,-1117.8,329.22
2626.82,-1119.6,327.391
2631.07,-1121.4,325.564
2635.29,-1123.2,323.75
2639.52,-1125,321.934
2643.74,-1126.8,320.118
2647.96,-1128.6,318.329
2652.18,-1130.4,316.541
2656.4,-1132.2,314.75
2660.61,-1134,313.129
2664.84,-1135.8,311.505
2669.05,-1137.6,309.883
2673.27,-1139.4,307.949
2677.49,-1141.2,306.012
2681.71,-1143,304.076
2685.93,-1144.8,302.138
2690.15,-1146.6,300.312
2694.37,-1148.4,298.481
2698.59,-1150.2,296.654
2702.81,-1152,294.827
2707.03,-1153.8,293.121
2711.25,-1155.6,291.418
2715.48,-1157.4,289.711
2719.73,-1159.2,287.817
2723.96,-1161,285.935
2728.17,-1162.8,284.058
2732.42,-1164.6,282.167
2736.64,-1166.4,280.351
2740.86,-1168.2,278.538
2745.08,-1170,276.723
2749.31,-1171.8,274.927
2753.53,-1173.6,273.131
2757.75,-1175.4,271.336
2761.97,-1177.2,269.543
2766.19,-1179,267.713
2770.4,-1180.8,265.887
2774.63,-1182.6,264.057
2778.84,-1184.4,262.308
2783.06,-1186.2,260.559
2787.28,-1188,258.809
2791.5,-1189.8,257.059
2795.72,-1191.6,255.455
2799.94,-1193.4,253.852
2804.16,-1195.2,252.249
2808.38,-1197,250.39
2812.6,-1198.8,248.531
2816.83,-1200.6,246.669
2821.08,-1202.4,244.798
2825.3,-1204.2,243.015
2829.52,-1206,241.235
2833.77,-1207.8,239.44
2837.98,-1209.6,237.66
2842.2,-1211.4,235.739
2846.42,-1213.2,233.817
2850.64,-1215,231.896
2854.86,-1216.8,230.152
2859.08,-1218.6,228.41
2863.29,-1220.4,226.668
2867.52,-1222.2,224.923
2871.73,-1224,223.137
2875.96,-1225.8,221.348
2880.17,-1227.6,219.563
2884.39,-1229.4,217.734
2888.61,-1231.2,215.905
2892.83,-1233,214.076
2897.05,-1234.8,212.246
2901.26,-1236.6,210.411
2905.49,-1238.4,208.576
2909.7,-1240.2,206.742
2913.95,-1242,204.881
2918.2,-1243.8,203.022
2922.41,-1245.6,201.174
2926.7,-1247.4,199.295
2930.92,-1249.2,197.521
2935.17,-1251,195.734
2939.39,-1252.8,193.958
2943.61,-1254.6,192.183
2947.83,-1256.4,190.452
2952.05,-1258.2,188.722
2956.27,-1260,186.989
2960.49,-1261.8,185.197
2964.71,-1263.6,183.403
2968.92,-1265.4,181.614
2973.14,-1267.2,179.836
2977.36,-1269,178.058
2981.57,-1270.8,176.281
2985.79,-1272.6,174.503
2990.01,-1274.4,172.729
2994.23,-1276.2,170.955
2998.45,-1278,169.184
3002.66,-1279.8,167.411
3006.88,-1281.6,165.609
3011.1,-1283.4,163.809
3015.32,-1285.2,162.005
3019.57,-1287,160.164
3023.79,-1288.8,158.334
3028.01,-1290.6,156.506
3032.22,-1292.4,154.678
3036.47,-1294.2,152.839
3040.69,-1296,151.012
3044.91,-1297.8,149.184
3049.13,-1299.6,147.332
3053.35,-1301.4,145.479
3057.57,-1303.2,143.625
3061.79,-1305,141.773
3066.01,-1306.8,139.944
3070.23,-1308.6,138.115
3074.45,-1310.4,136.286
3078.67,-1312.2,134.459
3082.89,-1314,132.665
3087.11,-1315.8,130.87
3091.32,-1317.6,129.077
3095.54,-1319.4,127.31
3099.76,-1321.2,125.543
3103.98,-1323,123.775
3108.2,-1324.8,122.01
3112.41,-1326.6,120.203
3116.64,-1328.4,118.39
3120.89,-1330.2,116.569
3125.11,-1332,114.748
3129.33,-1333.8,112.928
3133.55,-1335.6,111.106
3137.79,-1337.4,109.279
3142.01,-1339.2,107.474
3146.23,-1341,105.671
3150.45,-1342.8,103.87
3154.67,-1344.6,102.085
3158.89,-1346.4,100.301
3163.1,-1348.2,98.5168
3167.32,-1350,96.7314
3171.54,-1351.8,94.9062
3175.76,-1353.6,93.0765
3179.98,-1355.4,91.25
3184.2,-1357.2,89.4222
3188.42,-1359,87.5555
3192.63,-1360.8,85.6868
3196.86,-1362.6,83.8152
3201.08,-1364.4,81.9845
3205.3,-1366.2,80.1523
3209.51,-1368,78.3212
3213.74,-1369.8,76.5383
3217.96,-1371.6,74.7579
3222.21,-1373.4,72.9644
3226.44,-1375.2,71.1811
3230.66,-1377,69.4034
3234.88,-1378.8,67.6239
3239.13,-1380.6,65.8357
3243.35,-1382.4,64.0578
3247.57,-1384.2,62.2346
3251.79,-1386.01,60.4143
3256.01,-1387.81,58.5911
3260.23,-1389.61,56.7834
3264.45,-1391.41,54.9744
3268.66,-1393.21,53.1686
3272.88,-1395.01,51.3604
3277.1,-1396.81,49.6639
3281.32,-1398.61,47.9698
3285.54,-1400.41,46.2746
3289.76,-1402.21,44.4417
3293.98,-1404.01,42.6104
3298.2,-1405.81,40.7817
3302.41,-1407.61,38.9529
3306.64,-1409.41,37.1623
3310.86,-1411.21,35.3754
3315.08,-1413.01,33.5876
3319.33,-1414.81,31.7874
3323.56,-1416.61,29.9977
3327.77,-1418.41,28.2121
3331.99,-1420.21,26.4265
3336.21,-1422.01,24.6837
3340.45,-1423.81,22.9325
3344.68,-1425.61,21.1909
3348.89,-1427.41,19.4539
3353.11,-1429.21,17.6744
3357.33,-1431.01,15.8954
3361.55,-1432.81,14.121
3365.77,-1434.61,12.3592
3369.98,-1436.41,10.605
3374.2,-1438.21,8.85886
3378.42,-1440.01,7.13257
3382.63,-1441.81,5.39379
3386.85,-1443.61,3.72975
3391.07,-1445.41,2.30975
3395.28,-1447.21,1.832
3399.5,-1449.01,2.80526
3403.72,-1450.81,4.34536
3407.93,-1452.61,6.02909
3412.15,-1454.41,7.77693
3416.37,-1456.21,9.55327
3420.62,-1458.01,11.3572
3424.85,-1459.81,13.1286
3429.06,-1461.61,14.9019
3433.28,-1463.41,16.6773
3437.5,-1465.21,18.4584
3441.75,-1467.01,20.2553
3445.97,-1468.81,22.0437
3450.19,-1470.61,23.8308
3454.41,-1472.41,25.6192
3458.63,-1474.21,27.3956
3462.85,-1476.01,29.1737
3467.07,-1477.81,30.9517
3471.29,-1479.61,32.7339
3475.51,-1481.41,34.5183
3479.73,-1483.21,36.3017
3483.95,-1485.01,38.0864
3488.16,-1486.81,39.8631
3492.38,-1488.61,41.6423
3496.64,-1490.41,43.4231
3500.86,-1492.21,45.1119
3505.09,-1494.01,46.7873
3509.31,-1495.81,48.4599
3513.52,-1497.61,50.134
3517.75,-1499.41,51.9724
3522,-1501.21,53.8225
3526.22,-1503.01,55.6617
3530.44,-1504.81,57.5557
3534.66,-1506.61,59.4508
3538.88,-1508.41,61.344
3543.12,-1510.21,63.2498
3547.34,-1512.01,65.0249
3551.56,-1513.81,66.7991
3555.79,-1515.61,68.5741
3560,-1517.41,70.47
3564.22,-1519.21,72.3674
3568.44,-1521.01,74.2632
3572.66,-1522.81,76.1584
3576.88,-1524.61,77.9863
3581.1,-1526.41,79.8106
3585.32,-1528.21,81.6375
3589.54,-1530.01,83.4695
3593.76,-1531.81,85.3061
3597.98,-1533.61,87.1375
3602.2,-1535.41,88.97
3606.42,-1537.21,90.7702
3610.64,-1539.01,92.5714
3614.86,-1540.81,94.3745
3619.08,-1542.61,96.1733
3623.33,-1544.41,97.9725
3627.55,-1546.21,99.763
3631.77,-1548.01,101.551
3635.99,-1549.81,103.315
3640.26,-1551.61,105.1
3644.51,-1553.41,106.876
3648.73,-1555.21,108.769
3652.95,-1557.01,110.662
3657.17,-1558.81,112.556
3661.39,-1560.61,114.448
3665.61,-1562.41,116.154
3669.83,-1564.21,117.857
3674.05,-1566.01,119.562
3678.26,-1567.81,121.264
3682.48,-1569.61,123.008
3686.7,-1571.41,124.755
3690.92,-1573.21,126.499
3695.14,-1575.01,128.358
3699.36,-1576.81,130.217
3703.58,-1578.61,132.078
3707.8,-1580.41,133.936
3712.01,-1582.21,135.739
3716.24,-1584.01,137.545
3720.48,-1585.81,139.362
3724.71,-1587.61,141.23
3728.93,-1589.41,143.093
3733.15,-1591.21,144.958
3737.37,-1593.01,146.825
3741.59,-1594.81,148.619
3745.84,-1596.61,150.428
3750.06,-1598.41,152.223
3754.28,-1600.21,154.021
3758.5,-1602.01,155.841
3762.72,-1603.81,157.66
3766.94,-1605.61,159.48
3771.16,-1607.41,161.289
3775.39,-1609.21,163.102
3779.6,-1611.01,164.911
3783.82,-1612.81,166.722
3788.04,-1614.61,168.555
3792.26,-1616.41,170.389
3796.48,-1618.21,172.225
3800.7,-1620.01,173.985
3804.92,-1621.81,175.744
3809.13,-1623.61,177.503
3813.35,-1625.41,179.261
3817.65,-1627.21,181.024
3821.9,-1629.01,182.764
3826.12,-1630.81,184.494
3830.34,-1632.61,186.242
3834.57,-1634.41,187.991
3838.78,-1636.21,189.736
3843,-1638.01,191.483
3847.25,-1639.81,193.311
3851.47,-1641.61,195.123
3855.69,-1643.41,196.938
3859.91,-1645.21,198.746
3864.13,-1647.01,200.557
3868.35,-1648.81,202.365
3872.57,-1650.61,204.174
3876.79,-1652.41,205.991
3881.01,-1654.21,207.807
3885.23,-1656.01,209.624
3889.44,-1657.81,211.439
3893.67,-1659.61,213.291
3897.88,-1661.41,215.142
3902.1,-1663.21,216.993
3906.32,-1665.01,218.793
3910.54,-1666.81,220.59
3914.76,-1668.61,222.393
3918.98,-1670.41,224.192
3923.23,-1672.21,226.02
3927.45,-1674.01,227.84
3931.67,-1675.81,229.656
3935.89,-1677.61,231.455
3940.11,-1679.41,233.253
3944.33,-1681.21,235.051
3948.57,-1683.01,236.858
3952.79,-1684.81,238.648
3957.01,-1686.61,240.441
3961.23,-1688.41,242.231
3965.45,-1690.21,244.029
3969.7,-1692.01,245.831
3974.05,-1693.81,247.684
3978.32,-1695.61,249.503
3982.55,-1697.41,251.384
3986.77,-1699.21,253.267
3990.99,-1701.01,255.146
3995.22,-1702.81,257.012
4000.56,-1704.61,259.369
4004.81,-1706.41,261.238
4009.17,-1708.21,263.161
4013.71,-1710.01,264.824
4018.21,-1711.81,266.476
4022.79,-1713.61,268.156
4027.26,-1715.41,269.97
4031.66,-1717.21,271.751
4036.12,-1719.01,273.552
4040.65,-1720.81,275.307
4045.23,-1722.61,277.07
4049.87,-1724.41,278.869
4056.64,-1726.21,281.6
4061.01,-1728.01,283.368
4065.25,-1729.81,285.078
4069.47,-1731.61,286.781
4073.7,-1733.41,288.138
4077.91,-1735.21,289.49
4082.13,-1737.01,290.844
4086.35,-1738.81,292.604
4090.57,-1740.61,294.364
4094.79,-1742.41,296.124
4099.01,-1744.21,297.882
4103.22,-1746.01,299.622
4107.44,-1747.81,301.364
4111.66,-1749.61,303.103
4115.88,-1751.41,304.857
4120.1,-1753.21,306.611
4124.33,-1755.02,308.371
4128.55,-1756.82,310.124
4132.77,-1758.62,311.873
4136.99,-1760.42,313.624
4141.21,-1762.22,315.374
4145.43,-1764.02,317.163
4149.69,-1765.82,318.97
4153.92,-1767.62,320.759
4158.13,-1769.42,322.547
4162.35,-1771.22,324.313
4166.57,-1773.02,326.08
4170.79,-1774.82,327.844
4175.01,-1776.62,329.7
4179.23,-1778.42,331.552
4183.48,-1780.22,333.418
4187.71,-1782.02,335.269
4191.92,-1783.82,337.104
4196.14,-1785.62,338.937
4200.36,-1787.42,340.767
4204.59,-1789.22,342.58
4208.8,-1791.02,344.382
4213.01,-1792.82,346.175
4217.23,-1794.62,347.961
4221.46,-1796.42,349.818
4225.69,-1798.22,351.655
4229.91,-1800.02,353.434
4234.14,-1801.82,355.111
4238.35,-1803.62,356.412
4242.57,-1805.42,357.136
4246.79,-1807.22,356.853
4251,-1809.02,355.717
4255.22,-1810.82,354.188
4259.44,-1812.62,352.504
4263.66,-1814.42,350.748
4267.88,-1816.22,349.031
4272.09,-1818.02,347.294
4276.31,-1819.82,345.544
4280.53,-1821.62,343.783
4284.75,-1823.42,342.011
4288.97,-1825.22,340.239
4293.18,-1827.02,338.462
4297.4,-1828.82,336.693
4301.62,-1830.62,334.922
4305.84,-1832.42,333.149
4310.06,-1834.22,331.376
4314.28,-1836.02,329.588
4318.49,-1837.82,327.801
4322.71,-1839.62,326.012
4326.97,-1841.42,324.28
4331.18,-1843.22,322.56
4335.4,-1845.02,320.841
4339.62,-1846.82,319.241
4343.84,-1848.62,317.639
4348.12,-1850.42,316.015
4352.37,-1852.22,314.4
4356.59,-1854.02,312.905
4360.81,-1855.82,311.412
4365.03,-1857.62,309.918
4369.25,-1859.42,308.426
4373.51,-1861.22,306.387
4377.73,-1863.02,304.368
4381.95,-1864.82,302.35
4386.16,-1866.62,300.492
4390.38,-1868.42,298.633
4394.6,-1870.22,296.773
4398.82,-1872.02,294.914
4403.04,-1873.82,293.121
4407.26,-1875.62,291.326
4411.48,-1877.42,289.532
4415.7,-1879.22,287.663
4419.92,-1881.02,285.796
4424.17,-1882.82,283.913
4428.38,-1884.62,282.045
4432.6,-1886.42,280.234
4436.82,-1888.22,278.422
4441.04,-1890.02,276.611
4445.26,-1891.82,274.799
4449.47,-1893.62,272.976
4453.72,-1895.42,271.14
4457.94,-1897.22,269.317
4462.16,-1899.02,267.494
4466.38,-1900.82,265.668
4470.6,-1902.62,263.843
4474.82,-1904.42,262.119
4479.03,-1906.22,260.398
4483.25,-1908.02,258.676
4487.47,-1909.82,256.952
4491.69,-1911.62,255.273
4495.91,-1913.42,253.594
4500.13,-1915.22,251.916
4504.35,-1917.02,250.237
4508.56,-1918.82,248.366
4512.78,-1920.62,246.495
4517,-1922.42,244.622
4521.22,-1924.22,242.82
4525.47,-1926.02,241.005
4529.69,-1927.82,239.203
4533.91,-1929.62,237.401
4538.12,-1931.42,235.467
4542.34,-1933.22,233.533
4546.56,-1935.02,231.598
4550.78,-1936.82,229.837
4555.03,-1938.62,228.063
4559.24,-1940.42,226.301
4563.5,-1942.22,224.526
4567.72,-1944.02,222.731
4571.93,-1945.82,220.937
4576.15,-1947.62,219.143
4580.37,-1949.42,217.299
4584.6,-1951.22,215.454
4588.81,-1953.02,213.611
4593.03,-1954.82,211.77
4597.25,-1956.62,209.964
4601.47,-1958.42,208.162
4605.69,-1960.22,206.357
4609.9,-1962.02,204.556
4614.12,-1963.82,202.75
4618.34,-1965.62,200.947
4622.56,-1967.42,199.142
4626.81,-1969.22,197.295
4631.02,-1971.02,195.463
4635.24,-1972.82,193.629
4639.46,-1974.62,191.796
4643.68,-1976.42,189.932
4647.89,-1978.22,188.071
4652.11,-1980.02,186.209
4656.36,-1981.82,184.355
4660.58,-1983.62,182.514
4664.8,-1985.42,180.672
4669.01,-1987.22,178.834
4673.23,-1989.02,177.072
4677.45,-1990.82,175.307
4681.67,-1992.62,173.546
4685.89,-1994.42,171.798
4690.11,-1996.22,170.051
4694.33,-1998.02,168.305
4698.54,-1999.82,166.56
4702.76,-2001.62,164.755
4706.98,-2003.42,162.951
4711.19,-2005.22,161.148
4715.41,-2007.02,159.296
4719.63,-2008.82,157.444
4723.85,-2010.62,155.59
4728.1,-2012.42,153.727
4732.31,-2014.22,151.897
4736.54,-2016.02,150.066
4740.75,-2017.82,148.236
4744.97,-2019.62,146.405
4749.19,-2021.42,144.607
4753.4,-2023.22,142.809
4757.65,-2025.02,140.996
4761.87,-2026.82,139.172
4766.1,-2028.62,137.349
4770.31,-2030.42,135.528
4774.53,-2032.22,133.706
4778.75,-2034.02,131.909
4782.97,-2035.82,130.114
4787.19,-2037.62,128.317
4791.4,-2039.42,126.49
4795.63,-2041.22,124.659
4799.84,-2043.02,122.832
4804.06,-2044.82,121.004
4808.27,-2046.62,119.234
4812.49,-2048.42,117.463
4816.71,-2050.22,115.69
4820.93,-2052.02,113.873
4825.18,-2053.82,112.042
4829.39,-2055.62,110.225
4833.62,-2057.42,108.404
4837.83,-2059.22,106.61
4842.05,-2061.02,104.815
4846.27,-2062.82,103.019
4850.48,-2064.62,101.225
4854.71,-2066.42,99.4894
4858.95,-2068.22,97.7463
4863.16,-2070.02,96.0133
4867.38,-2071.82,94.1485
4871.6,-2073.62,92.2849
4875.82,-2075.42,90.4208
4880.04,-2077.22,88.5587
4884.26,-2079.02,86.6983
4888.48,-2080.82,84.8404
4892.7,-2082.62,82.9814
4896.92,-2084.42,81.1686
4901.14,-2086.22,79.357
4905.36,-2088.02,77.5442
4909.57,-2089.82,75.7335
4913.79,-2091.62,73.884
4918.01,-2093.42,72.0378
4922.24,-2095.22,70.1837
4926.5,-2097.02,68.3376
4930.72,-2098.82,66.5043
4934.94,-2100.62,64.6721
4939.15,-2102.42,62.8432
4943.37,-2104.22,61.0974
4947.59,-2106.02,59.351
4951.81,-2107.82,57.6061
4956.03,-2109.62,55.8162
4960.25,-2111.42,54.0275
4964.47,-2113.22,52.2386
4968.68,-2115.02,50.4513
4972.9,-2116.82,48.6513
4977.12,-2118.62,46.8502
4981.34,-2120.42,45.0494
4985.56,-2122.22,43.2482
4989.78,-2124.02,41.4743
4994,-2125.82,39.6988
4998.21,-2127.62,37.9275
5002.44,-2129.43,36.1689
5006.66,-2131.23,34.4111
5010.87,-2133.03,32.6548
5015.09,-2134.83,30.8976
5019.31,-2136.63,29.0836
5023.53,-2138.43,27.268
5027.78,-2140.23,25.4437
5032,-2142.03,23.6743
5036.22,-2143.83,21.9064
5040.44,-2145.63,20.1436
5044.71,-2147.43,18.3613
5048.93,-2149.23,16.5931
5053.14,-2151.03,14.8306
5057.39,-2152.83,13.0659
5061.61,-2154.63,11.353
5065.84,-2156.43,9.65964
5070.05,-2158.23,8.00642
5074.27,-2160.03,6.41825
5078.48,-2161.83,4.94676
5082.7,-2163.63,3.7609
5086.92,-2165.43,3.19947
5091.13,-2167.23,3.5625
5095.35,-2169.03,4.66812
5099.57,-2170.83,6.1261
5103.78,-2172.63,7.74059
5108,-2174.43,9.40648
5112.21,-2176.23,11.1137
5116.43,-2178.03,12.8484
5120.65,-2179.83,14.5971
5124.9,-2181.63,16.3205
5129.12,-2183.43,18.0384
5133.33,-2185.23,19.7629
5137.56,-2187.03,21.5398
5141.77,-2188.83,23.3169
5145.99,-2190.63,25.0983
5150.21,-2192.43,26.8844
5154.43,-2194.23,28.6736
5158.67,-2196.03,30.4737
5162.89,-2197.83,32.2643
5167.11,-2199.63,34.0903
5171.33,-2201.43,35.9149
5175.55,-2203.23,37.743
5179.76,-2205.03,39.5681
5183.99,-2206.83,41.3707
5188.2,-2208.63,43.1716
5192.42,-2210.43,44.973
5196.64,-2212.23,46.6576
5200.86,-2214.03,48.3401
5205.08,-2215.83,50.0236
5209.32,-2217.63,51.7177
5213.55,-2219.43,53.5545
5217.76,-2221.23,55.3869
5221.99,-2223.03,57.2232
5226.24,-2224.83,59.1473
5230.46,-2226.63,61.0572
5234.68,-2228.43,62.9686
5238.89,-2230.23,64.8771
5243.11,-2232.03,66.5935
5247.33,-2233.83,68.3126
5251.55,-2235.63,70.0298
5255.77,-2237.43,71.7477
5260.02,-2239.23,73.5949
5264.24,-2241.03,75.4318
5268.46,-2242.83,77.2662
5272.68,-2244.63,79.0956
5276.9,-2246.43,80.9249
5281.12,-2248.23,82.7532
5285.34,-2250.03,84.5833
5289.56,-2251.83,86.3921
5293.77,-2253.63,88.2011
5297.99,-2255.43,90.0081
5302.2,-2257.23,91.8281
5306.42,-2259.03,93.6498
5310.64,-2260.83,95.4715
5314.86,-2262.63,97.294
5319.08,-2264.43,99.0779
5323.29,-2266.23,100.862
5327.55,-2268.03,102.661
5331.76,-2269.83,104.406
5335.99,-2271.63,106.152
5340.2,-2273.43,107.897
5344.43,-2275.23,109.643
5348.64,-2277.03,111.465
5352.86,-2278.83,113.289
5357.08,-2280.63,115.114
5361.29,-2282.43,116.851
5365.51,-2284.23,118.589
5369.74,-2286.03,120.327
5373.96,-2287.83,122.065
5378.17,-2289.63,123.851
5382.39,-2291.43,125.638
5386.61,-2293.23,127.427
5390.83,-2295.03,129.217
5395.05,-2296.83,131.161
5399.26,-2298.63,133.102
5403.51,-2300.43,135.061
5407.73,-2302.23,136.838
5411.95,-2304.03,138.616
5416.17,-2305.83,140.395
5420.39,-2307.63,142.174
5424.61,-2309.43,144.021
5428.85,-2311.23,145.878
5433.07,-2313.03,147.723
5437.3,-2314.83,149.547
5441.51,-2316.63,151.367
5445.73,-2318.43,153.19
5449.95,-2320.23,155.011
5454.17,-2322.03,156.899
5458.38,-2323.83,158.784
5462.63,-2325.63,160.683
5466.85,-2327.43,162.493
5471.11,-2329.23,164.31
5475.45,-2331.03,166.175
5479.67,-2332.83,167.983
5483.89,-2334.63,169.667
5488.11,-2336.43,171.349
5492.32,-2338.23,173.03
5496.55,-2340.03,174.76
5500.76,-2341.83,176.491
5504.98,-2343.63,178.222
5509.2,-2345.43,179.949
5513.41,-2347.23,181.778
5517.63,-2349.03,183.611
5521.86,-2350.83,185.443
5526.11,-2352.63,187.317
5530.33,-2354.43,189.175
5534.55,-2356.23,191.034
5538.77,-2358.03,192.891
5542.98,-2359.83,194.708
5547.21,-2361.63,196.529
5551.42,-2363.43,198.348
5555.64,-2365.23,200.167
5559.87,-2367.03,202.003
5564.13,-2368.83,203.858
5568.35,-2370.63,205.693
5572.57,-2372.43,207.605
5576.79,-2374.23,209.519
5581,-2376.03,211.431
5585.23,-2377.83,213.344
5589.44,-2379.63,215.231
5593.67,-2381.43,217.119
5597.88,-2383.23,219.005
5602.1,-2385.03,220.773
5606.32,-2386.83,222.543
5610.54,-2388.63,224.311
5614.76,-2390.43,226.082
5618.98,-2392.23,227.827
5623.2,-2394.03,229.572
5627.45,-2395.83,231.331
5631.67,-2397.63,233.175
5635.89,-2399.43,235.022
5640.11,-2401.23,236.866
5644.34,-2403.03,238.712
5648.55,-2404.83,240.557
5652.77,-2406.63,242.402
5656.99,-2408.43,244.25
5661.21,-2410.23,246.056
5665.46,-2412.03,247.875
5669.67,-2413.83,249.682
5673.9,-2415.63,251.49
5678.11,-2417.43,253.361
5682.33,-2419.23,255.232
5686.55,-2421.03,257.106
5690.77,-2422.83,258.977
5694.99,-2424.63,260.879
5699.2,-2426.43,262.778
5703.42,-2428.23,264.677
5707.65,-2430.03,266.439
5711.86,-2431.83,268.199
5716.09,-2433.63,269.961
5720.3,-2435.43,271.72
5724.52,-2437.23,273.493
5728.77,-2439.03,275.277
5733,-2440.83,277.05
5737.22,-2442.63,278.843
5741.51,-2444.43,280.663
5745.73,-2446.23,282.455
5749.95,-2448.03,284.245
5754.17,-2449.83,286.032
5758.39,-2451.63,287.814
5762.6,-2453.43,289.598
5766.85,-2455.23,291.4
5771.07,-2457.03,293.189
5775.29,-2458.83,294.978
5779.51,-2460.63,296.767
5783.74,-2462.43,298.563
5787.96,-2464.23,300.356
5792.17,-2466.03,302.149
5796.39,-2467.83,303.959
5800.61,-2469.63,305.77
5804.83,-2471.43,307.582
5809.05,-2473.23,309.391
5813.26,-2475.03,311.21
5817.48,-2476.83,313.032
5821.71,-2478.63,314.857
5825.96,-2480.43,316.69
5830.18,-2482.23,318.523
5834.4,-2484.03,320.357
5838.62,-2485.83,322.19
5842.84,-2487.63,323.944
5847.06,-2489.43,325.699
5851.28,-2491.23,327.45
5855.5,-2493.03,329.202
5859.72,-2494.83,331.021
5863.95,-2496.64,332.839
5868.19,-2498.44,334.666
5872.41,-2500.24,336.451
5876.63,-2502.04,338.236
5880.85,-2503.84,340.014
5885.08,-2505.64,341.789
5889.33,-2507.44,343.533
5893.55,-2509.24,345.288
5897.77,-2511.04,347.01
5901.99,-2512.84,348.746
5906.21,-2514.64,350.454
5910.43,-2516.44,352.11
5914.65,-2518.24,353.68
5918.87,-2520.04,355.097
5923.09,-2521.84,356.141
5927.34,-2523.64,356.463
5931.56,-2525.44,355.885
5935.78,-2527.24,354.689
5940,-2529.04,353.198
5944.22,-2530.84,351.564
5948.44,-2532.64,349.873
5952.65,-2534.44,348.142
5956.88,-2536.24,346.382
5961.09,-2538.04,344.632
5965.31,-2539.84,342.869
5969.56,-2541.64,341.089
5973.78,-2543.44,339.313
5978,-2545.24,337.558
5982.22,-2547.04,335.8
5986.44,-2548.84,334.038
5990.65,-2550.64,332.276
5994.87,-2552.44,330.516
5999.09,-2554.24,328.758
6003.31,-2556.04,326.998
6007.53,-2557.84,325.222
6011.74,-2559.64,323.446
6015.96,-2561.44,321.668
6020.18,-2563.24,319.891
6024.41,-2565.04,318.096
6028.66,-2566.84,316.29
6032.88,-2568.64,314.495
6037.1,-2570.44,312.706
6041.32,-2572.24,310.919
6045.54,-2574.04,309.13
6049.76,-2575.84,307.341
6053.98,-2577.64,305.74
6058.2,-2579.44,304.14
6062.41,-2581.24,302.54
6066.64,-2583.04,300.689
6070.89,-2584.84,298.826
6075.11,-2586.64,296.974
6079.33,-2588.44,295.125
6083.55,-2590.24,293.332
6087.76,-2592.04,291.543
6091.98,-2593.84,289.752
6096.2,-2595.64,287.96
6100.42,-2597.44,286.186
6104.64,-2599.24,284.411
6108.86,-2601.04,282.636
6113.07,-2602.84,280.779
6117.3,-2604.64,278.922
6121.51,-2606.44,277.066
6125.74,-2608.24,275.204
6129.99,-2610.04,273.427
6134.21,-2611.84,271.659
6138.43,-2613.64,269.895
6142.65,-2615.44,268.109
6146.87,-2617.24,266.32
6151.09,-2619.04,264.534
6155.31,-2620.84,262.746
6159.52,-2622.64,260.973
6163.75,-2624.44,259.196
6167.97,-2626.24,257.422
6172.21,-2628.04,255.637
6176.43,-2629.84,253.89
6180.65,-2631.64,252.146
6184.87,-2633.44,250.399
6189.09,-2635.24,248.546
6195.01,-2637.04,245.948
6200.72,-2638.84,243.435
6205,-2640.64,241.561
6209.37,-2642.44,239.641
6213.64,-2644.24,237.762
6217.85,-2646.04,236.548
6222.07,-2647.84,235.335
6226.29,-2649.64,234.12
6230.53,-2651.44,232.898
6234.75,-2653.24,230.837
6238.96,-2655.04,228.784
6243.18,-2656.84,226.728
6247.41,-2658.64,225.085
6251.62,-2660.44,223.442
6255.85,-2662.24,221.799
6260.06,-2664.04,220.158
6264.29,-2665.84,218.375
6268.51,-2667.64,216.59
6272.77,-2669.44,214.791
6276.99,-2671.24,212.866
6281.21,-2673.04,210.946
6285.44,-2674.84,209.019
6289.65,-2676.64,207.099
6293.88,-2678.44,205.254
6298.09,-2680.24,203.412
6302.31,-2682.04,201.57
6306.54,-2683.84,199.726
6310.75,-2685.64,198.025
6314.98,-2687.44,196.321
6319.19,-2689.24,194.622
6323.41,-2691.04,192.811
6327.67,-2692.84,190.983
6331.89,-2694.64,189.173
6336.11,-2696.44,187.36
6340.33,-2698.24,185.576
6344.55,-2700.04,183.789
6348.76,-2701.84,182.008
6352.98,-2703.64,180.124
6357.2,-2705.44,178.238
6361.41,-2707.24,176.355
6365.64,-2709.04,174.467
6369.85,-2710.84,172.565
6374.1,-2712.64,170.65
6378.32,-2714.44,168.75
6382.54,-2716.24,166.932
6386.76,-2718.04,165.11
6390.98,-2719.84,163.292
6395.2,-2721.64,161.47
6399.42,-2723.44,159.773
6403.64,-2725.24,158.074
6407.85,-2727.04,156.377
6412.07,-2728.84,154.66
6416.29,-2730.64,152.941
6420.5,-2732.44,151.224
6424.79,-2734.24,149.479
6429.04,-2736.04,147.636
6433.26,-2737.84,145.803
6437.48,-2739.64,143.97
6441.7,-2741.44,142.138
6445.99,-2743.24,140.293
6450.21,-2745.04,138.481
6454.43,-2746.84,136.667
6458.65,-2748.64,134.868
6462.87,-2750.44,133.067
6467.09,-2752.24,131.266
6471.3,-2754.04,129.466
6475.52,-2755.84,127.641
6479.74,-2757.64,125.815
6483.97,-2759.44,123.989
6488.18,-2761.24,122.111
6492.4,-2763.04,120.233
6496.63,-2764.84,118.352
6500.84,-2766.64,116.472
6505.07,-2768.44,114.654
6509.34,-2770.24,112.839
6513.57,-2772.04,110.992
6517.78,-2773.84,109.169
6522,-2775.64,107.345
6526.22,-2777.44,105.518
6530.47,-2779.24,103.681
6534.7,-2781.04,101.852
6538.91,-2782.84,100.029
6543.13,-2784.64,98.2028
6547.35,-2786.44,96.3699
6551.57,-2788.24,94.5381
6555.79,-2790.04,92.7053
6560.01,-2791.84,90.8734
6564.23,-2793.64,89.0798
6568.45,-2795.44,87.2861
6572.69,-2797.24,85.4829
6576.92,-2799.04,83.689
6581.14,-2800.84,81.9163
6585.36,-2802.64,80.1413
6589.57,-2804.44,78.3696
6593.79,-2806.24,76.5685
6598.01,-2808.04,74.7705
6602.22,-2809.84,72.9718
6606.44,-2811.64,71.1707
6610.66,-2813.44,69.2953
6614.88,-2815.24,67.4171
6619.09,-2817.04,65.5427
6623.31,-2818.84,63.6875
6627.57,-2820.64,61.8184
6631.79,-2822.44,59.9636
6636.01,-2824.24,58.1077
6640.23,-2826.04,56.3215
6644.45,-2827.84,54.5344
6648.67,-2829.64,52.7508
6652.88,-2831.44,50.977
6657.11,-2833.24,49.2043
6661.32,-2835.04,47.4344
6665.54,-2836.84,45.661
6669.76,-2838.64,43.8481
6674.01,-2840.44,42.0224
6678.22,-2842.24,40.209
6682.44,-2844.04,38.3853
6686.66,-2845.84,36.5606
6690.88,-2847.64,34.7374
6695.1,-2849.44,32.9133
6699.32,-2851.24,31.1933
6703.54,-2853.04,29.472
6707.75,-2854.84,27.7535
6711.97,-2856.64,26.0352
6716.19,-2858.44,24.2841
6720.41,-2860.24,22.5364
6724.64,-2862.04,20.7853
6728.89,-2863.84,18.9343
6733.11,-2865.65,17.0978
6737.33,-2867.45,15.2628
6741.55,-2869.25,13.4329
6745.77,-2871.05,11.6029
6749.99,-2872.85,9.78289
6754.21,-2874.65,7.97721
6758.42,-2876.45,6.24861
6762.64,-2878.25,4.58435
6766.86,-2880.05,3.08741
6771.07,-2881.85,2.15404
6775.32,-2883.65,2.51824
6779.54,-2885.45,3.83448
6783.76,-2887.25,5.45571
6787.97,-2889.05,7.17166
6792.19,-2890.85,8.93074
6796.4,-2892.65,10.7122
6800.62,-2894.45,12.5068
6804.84,-2896.25,14.2403
6809.06,-2898.05,15.9749
6813.27,-2899.85,17.7126
6817.49,-2901.65,19.4551
6821.72,-2903.45,21.2412
6825.94,-2905.25,23.0291
6830.19,-2907.05,24.8293
6834.41,-2908.85,26.6389
6838.63,-2910.65,28.4485
6842.85,-2912.45,30.257
6847.07,-2914.25,32.0273
6851.29,-2916.05,33.796
6855.51,-2917.85,35.5677
6859.73,-2919.65,37.3372
6863.95,-2921.45,39.1207
6868.17,-2923.25,40.9018
6872.38,-2925.05,42.6833
6876.63,-2926.85,44.4802
6880.85,-2928.65,46.2538
6885.08,-2930.45,48.028
6889.33,-2932.25,49.8155
6893.55,-2934.05,51.4036
6897.77,-2935.85,52.9873
6901.99,-2937.65,54.5747
6906.21,-2939.45,56.1618
6910.43,-2941.25,57.9926
6914.65,-2943.05,59.8246
6918.87,-2944.85,61.6564
6923.08,-2946.65,63.4701
6927.31,-2948.45,65.2868
6931.55,-2950.25,67.1136
6935.78,-2952.05,68.9302
6939.99,-2953.85,70.7299
6944.22,-2955.65,72.5304
6948.43,-2957.45,74.3283
6952.65,-2959.25,76.1266
6956.87,-2961.05,77.9689
6961.09,-2962.85,79.8079
6965.31,-2964.65,81.6488
6969.54,-2966.45,83.4628
6973.83,-2968.25,85.3088
6978.19,-2970.05,87.187
6982.42,-2971.85,89.0093
6986.64,-2973.65,90.8332
6990.86,-2975.45,92.655
6995.08,-2977.25,94.4762
6999.31,-2979.05,96.283
7003.53,-2980.85,98.089
7007.74,-2982.65,99.8941
7011.96,-2984.45,101.699
7016.19,-2986.25,103.472
7020.4,-2988.05,105.242
7024.63,-2989.85,107.017
7028.88,-2991.65,108.723
7033.1,-2993.45,110.416
7037.32,-2995.25,112.11
7041.54,-2997.05,113.8
7045.76,-2998.85,115.66
7049.98,-3000.65,117.518
7054.2,-3002.45,119.377
7058.41,-3004.25,121.157
7062.63,-3006.05,122.942
7066.85,-3007.85,124.725
7071.07,-3009.65,126.507
7075.29,-3011.45,128.393
7079.54,-3013.25,130.292
7083.76,-3015.05,132.181
7087.97,-3016.85,133.868
7092.19,-3018.65,135.556
7096.41,-3020.45,137.245
7100.64,-3022.25,138.937
7104.86,-3024.05,140.769
7109.07,-3025.85,142.6
7113.29,-3027.65,144.43
7117.51,-3029.45,146.306
7121.73,-3031.25,148.181
7126,-3033.05,150.077
7130.25,-3034.85,151.967
7134.47,-3036.65,153.826
7138.69,-3038.45,155.683
7142.91,-3040.25,157.539
7147.18,-3042.05,159.42
7151.4,-3043.85,161.247
7155.62,-3045.65,163.075
7159.84,-3047.45,164.9
7164.06,-3049.25,166.765
7168.28,-3051.05,168.627
7172.5,-3052.85,170.49
7176.72,-3054.65,172.355
7180.96,-3056.45,174.187
7185.18,-3058.25,176.012
7189.4,-3060.05,177.835
7193.63,-3061.85,179.698
7197.84,-3063.65,181.556
7202.06,-3065.45,183.415
7206.28,-3067.25,185.275
7210.5,-3069.05,187.156
7214.72,-3070.85,189.04
7218.94,-3072.65,190.919
7223.15,-3074.45,192.732
7227.38,-3076.25,194.548
7231.62,-3078.05,196.376
7235.85,-3079.85,198.193
7240.07,-3081.65,199.898
7244.29,-3083.45,201.604
7248.5,-3085.25,203.309
7252.72,-3087.05,205.015
7256.94,-3088.85,206.789
7261.16,-3090.65,208.56
7265.38,-3092.45,210.334
7269.6,-3094.25,212.223
7273.82,-3096.05,214.116
7278.04,-3097.85,216.005
7282.28,-3099.65,217.907
7286.5,-3101.45,219.776
7290.72,-3103.25,221.643
7294.94,-3105.05,223.51
7299.16,-3106.85,225.237
7303.38,-3108.65,226.966
7307.6,-3110.45,228.696
7311.82,-3112.25,230.423
7316.04,-3114.05,232.155
7320.25,-3115.85,233.885
7324.48,-3117.65,235.618
7328.72,-3119.45,237.367
7332.94,-3121.25,239.105
7337.16,-3123.05,240.845
7341.39,-3124.85,242.586
7345.61,-3126.65,244.257
7349.83,-3128.45,245.926
7354.05,-3130.25,247.594
7358.27,-3132.05,249.278
7362.49,-3133.85,250.964
7366.71,-3135.65,252.651
7370.93,-3137.45,254.336
7375.15,-3139.25,256.158
7379.37,-3141.05,257.982
7383.62,-3142.85,259.817
7387.84,-3144.65,261.689
7392.06,-3146.45,263.56
7396.28,-3148.25,265.432
7400.5,-3150.05,267.304
7404.72,-3151.85,269.132
7408.94,-3153.65,270.956
7413.15,-3155.45,272.78
7417.38,-3157.25,274.607
7421.59,-3159.05,276.44
7425.82,-3160.85,278.276
7430.07,-3162.65,280.12
7434.29,-3164.45,281.958
7438.51,-3166.25,283.792
7442.73,-3168.05,285.627
7446.95,-3169.85,287.465
7451.17,-3171.65,289.299
7455.39,-3173.45,291.134
7459.61,-3175.25,292.969
7463.84,-3177.05,294.752
7468.06,-3178.85,296.534
7472.27,-3180.65,298.314
7476.49,-3182.45,300.097
7480.71,-3184.25,301.87
7484.96,-3186.05,303.655
7489.18,-3187.85,305.427
7493.39,-3189.65,307.204
7497.62,-3191.45,308.985
7501.83,-3193.25,310.763
7506.05,-3195.05,312.541
7510.27,-3196.85,314.312
7514.49,-3198.65,316.087
7518.71,-3200.45,317.861
7522.93,-3202.25,319.633
7527.15,-3204.05,321.408
7531.41,-3205.85,323.196
7535.63,-3207.65,324.972
7539.85,-3209.45,326.72
7544.07,-3211.25,328.47
7548.29,-3213.05,330.215
7552.51,-3214.85,331.96
7556.73,-3216.65,333.769
7560.95,-3218.45,335.574
7565.18,-3220.25,337.378
7569.4,-3222.05,339.149
7573.62,-3223.85,340.919
7577.84,-3225.65,342.682
7582.05,-3227.45,344.439
7586.3,-3229.25,346.216
7590.52,-3231.05,347.97
7594.74,-3232.85,349.716
7598.96,-3234.66,351.456
7603.18,-3236.46,353.157
7607.4,-3238.26,354.781
7611.62,-3240.06,356.224
7615.84,-3241.86,357.191
7620.06,-3243.66,357.156
7624.28,-3245.46,356.145
7628.5,-3247.26,354.675
7632.75,-3249.06,353.016
7636.97,-3250.86,351.291
7641.19,-3252.66,349.53
7645.41,-3254.46,347.77
7649.63,-3256.26,345.997
7653.85,-3258.06,344.214
7658.07,-3259.86,342.43
7662.29,-3261.66,340.633
7666.51,-3263.46,338.831
7670.73,-3265.26,337.027
7674.95,-3267.06,335.232
7679.16,-3268.86,333.44
7683.38,-3270.66,331.645
7687.6,-3272.46,329.847
7691.82,-3274.26,328.066
7696.04,-3276.06,326.283
7700.26,-3277.86,324.502
7704.48,-3279.66,322.716
7708.7,-3281.46,320.929
7712.92,-3283.26,319.145
7717.13,-3285.06,317.359
7721.35,-3286.86,315.564
7725.58,-3288.66,313.766
7729.83,-3290.46,311.957
7734.05,-3292.26,310.247
7738.26,-3294.06,308.541
7742.48,-3295.86,306.832
7746.71,-3297.66,305.123
7750.92,-3299.46,303.387
7755.14,-3301.26,301.649
7759.36,-3303.06,299.91
7763.58,-3304.86,298.017
7767.8,-3306.66,296.128
7772.01,-3308.46,294.236
7776.23,-3310.26,292.342
7780.45,-3312.06,290.523
7784.67,-3313.86,288.7
7788.92,-3315.66,286.87
7793.14,-3317.46,285.05
7797.36,-3319.26,283.214
7801.58,-3321.06,281.381
7805.81,-3322.86,279.547
7810.02,-3324.66,277.703
7814.25,-3326.46,275.855
7818.46,-3328.26,274.012
7822.68,-3330.06,272.168
7826.9,-3331.86,270.327
7831.15,-3333.66,268.478
7835.37,-3335.46,266.636
7839.59,-3337.26,264.844
7843.85,-3339.06,263.034
7848.07,-3340.86,261.241
7852.29,-3342.66,259.45
7856.51,-3344.46,257.658
7860.73,-3346.26,255.867
7864.95,-3348.06,254.075
7869.17,-3349.86,252.221
7873.38,-3351.66,250.366
7877.61,-3353.46,248.509
7881.83,-3355.26,246.652
7886.05,-3357.06,244.917
7890.29,-3358.86,243.171
7894.52,-3360.66,241.436
7898.74,-3362.46,239.704
7902.96,-3364.26,237.975
7907.18,-3366.06,236.243
7911.4,-3367.86,234.513
7915.62,-3369.66,232.721
7919.84,-3371.46,230.932
7924.06,-3373.26,229.142
7928.28,-3375.06,227.354
7932.53,-3376.86,225.519
7936.76,-3378.66,223.695
7940.97,-3380.46,221.875
7945.19,-3382.26,220.078
7949.42,-3384.06,218.28
7953.64,-3385.86,216.483
7957.85,-3387.66,214.688
7962.07,-3389.46,212.875
7966.29,-3391.26,211.06
7970.51,-3393.06,209.246
7974.73,-3394.86,207.421
7978.95,-3396.66,205.599
7983.16,-3398.46,203.777
7987.38,-3400.26,201.954
7991.63,-3402.06,200.197
7995.85,-3403.86,198.449
8000.07,-3405.66,196.704
8004.29,-3407.46,194.919
8008.51,-3409.26,193.137
8012.73,-3411.06,191.354
8016.95,-3412.86,189.57
8021.17,-3414.66,187.783
8025.44,-3416.46,185.97
8029.69,-3418.26,184.17
8033.91,-3420.06,182.39
8038.13,-3421.86,180.612
8042.35,-3423.66,178.835
8046.57,-3425.46,177.054
8050.79,-3427.26,175.272
8055,-3429.06,173.487
8059.22,-3430.86,171.706
8063.47,-3432.66,169.871
8067.69,-3434.46,168.051
8071.91,-3436.26,166.233
8076.13,-3438.06,164.414
8080.35,-3439.86,162.624
8084.57,-3441.66,160.833
8088.79,-3443.46,159.044
8093.03,-3445.26,157.245
8097.25,-3447.06,155.443
8101.48,-3448.86,153.641
8105.7,-3450.66,151.839
8109.92,-3452.46,150.05
8114.14,-3454.26,148.259
8118.35,-3456.06,146.47
8122.57,-3457.86,144.682
8126.79,-3459.66,142.894
8131.04,-3461.46,141.098
8135.26,-3463.26,139.31
8139.48,-3465.06,137.524
8143.7,-3466.86,135.737
8147.91,-3468.66,133.953
8152.13,-3470.46,132.169
8156.35,-3472.26,130.402
8160.57,-3474.06,128.635
8164.79,-3475.86,126.868
8169.01,-3477.66,125.117
8173.22,-3479.46,123.365
8177.44,-3481.26,121.611
8181.66,-3483.06,119.86
8185.88,-3484.86,118.04
8190.1,-3486.66,116.223
8194.34,-3488.46,114.395
8198.56,-3490.26,112.606
8202.78,-3492.06,110.818
8207,-3493.86,109.027
8211.21,-3495.66,107.238
8215.43,-3497.46,105.416
8219.65,-3499.26,103.595
8223.87,-3501.06,101.773
8228.09,-3502.86,99.9528
8232.34,-3504.66,98.135
8236.56,-3506.46,96.3277
8240.78,-3508.26,94.5246
8245,-3510.06,92.7286
8249.22,-3511.86,90.9364
8253.46,-3513.66,89.1309
8257.69,-3515.46,87.3443
8261.91,-3517.26,85.5615
8266.13,-3519.06,83.7764
8270.34,-3520.86,81.993
8274.57,-3522.66,80.2061
8278.78,-3524.46,78.4223
8283,-3526.26,76.6373
8287.22,-3528.06,74.8508
8291.44,-3529.86,73.0629
8295.69,-3531.66,71.2639
8299.91,-3533.46,69.4771
8304.13,-3535.26,67.6182
8308.34,-3537.06,65.7637
8312.56,-3538.86,63.9081
8316.78,-3540.66,62.0523
8321,-3542.46,60.1862
8325.22,-3544.26,58.3198
8329.44,-3546.06,56.4531
8333.7,-3547.86,54.64
8337.91,-3549.66,52.8424
8342.13,-3551.46,51.044
8346.35,-3553.26,49.2459
8350.57,-3555.06,47.4685
8354.79,-3556.86,45.6901
8359,-3558.66,43.9158
8363.22,-3560.46,42.1415
8367.44,-3562.26,40.2962
8371.66,-3564.06,38.4541
8375.88,-3565.86,36.6092
8380.1,-3567.66,34.8179
8384.32,-3569.46,33.0262
8388.54,-3571.26,31.2393
8392.75,-3573.06,29.4504
8397,-3574.86,27.6484
8401.22,-3576.66,25.8597
8405.45,-3578.46,24.0748
8409.67,-3580.26,22.296
8413.88,-3582.06,20.5207
8418.1,-3583.86,18.7544
8422.32,-3585.66,16.9963
8426.54,-3587.46,15.2144
8430.79,-3589.26,13.44
8435.01,-3591.06,11.6988
8439.23,-3592.86,10.0004
8443.48,-3594.66,8.34549
8447.7,-3596.46,6.80072
8451.91,-3598.26,5.44148
8456.13,-3600.06,4.43664
8460.35,-3601.86,4.05419
8464.56,-3603.67,4.45759
8468.78,-3605.47,5.47433
8473.04,-3607.27,6.85828
8477.39,-3609.07,8.46923
8481.62,-3610.87,10.128
8485.84,-3612.67,11.8309
8490.06,-3614.47,13.5656
8494.28,-3616.27,15.3236
8498.5,-3618.07,17.0681
8502.71,-3619.87,18.8248
8506.94,-3621.67,20.5892
8511.15,-3623.47,22.3585
8515.38,-3625.27,24.106
8519.59,-3627.07,25.8544
8523.81,-3628.87,27.6075
8528.03,-3630.67,29.3617
8532.29,-3632.47,31.122
8536.51,-3634.27,32.8743
8540.73,-3636.07,34.6265
8545.02,-3637.87,36.3922
8549.24,-3639.67,38.1334
8553.5,-3641.47,39.8903
8557.71,-3643.27,41.6313
8561.93,-3645.07,43.3996
8566.15,-3646.87,45.1685
8570.37,-3648.67,46.9375
8574.59,-3650.47,48.6802
8578.81,-3652.27,50.4202
8583.03,-3654.07,52.1598
8587.25,-3655.87,53.9035
8591.47,-3657.67,55.5501
8595.7,-3659.47,57.1972
8599.94,-3661.27,58.8544
8604.17,-3663.07,60.8272
8608.39,-3664.87,62.7984
8612.61,-3666.67,64.7695
8616.83,-3668.47,66.7431
8621.05,-3670.27,68.5597
8625.27,-3672.07,70.3774
8629.49,-3673.87,72.1972
8633.75,-3675.67,73.9939
8637.97,-3677.47,75.774
8642.19,-3679.27,77.5554
8646.41,-3681.07,79.3375
8650.63,-3682.87,81.1267
8654.85,-3684.67,82.9159
8659.07,-3686.47,84.702
8663.29,-3688.27,86.488
8667.51,-3690.07,88.2757
8671.73,-3691.87,90.0626
8675.95,-3693.67,91.8517
8680.17,-3695.47,93.644
8684.39,-3697.27,95.4376
8688.61,-3699.07,97.2329
8692.83,-3700.87,99.0258
8697.05,-3702.67,100.825
8701.29,-3704.47,102.633
8705.51,-3706.27,104.432
8709.73,-3708.07,106.216
8713.96,-3709.87,108.002
8718.17,-3711.67,109.784
8722.39,-3713.47,111.565
8726.62,-3715.27,113.415
8730.87,-3717.07,115.271
8735.1,-3718.87,117.115
8739.32,-3720.67,118.97
8743.54,-3722.47,120.825
8747.76,-3724.27,122.677
8751.98,-3726.07,124.529
8756.2,-3727.87,126.335
8760.42,-3729.67,128.14
8764.64,-3731.47,129.947
8768.86,-3733.27,131.751
8773.08,-3735.07,133.611
8777.3,-3736.87,135.471
8781.52,-3738.67,137.328
8785.75,-3740.47,139.078
8789.96,-3742.27,140.824
8794.18,-3744.07,142.571
8798.4,-3745.87,144.316
8802.64,-3747.67,146.232
8806.87,-3749.47,148.14
8811.09,-3751.27,150.044
8815.31,-3753.07,151.841
8819.53,-3754.87,153.636
8823.75,-3756.67,155.435
8827.97,-3758.47,157.231
8832.22,-3760.27,159.068
8836.44,-3762.07,160.895
8840.67,-3763.87,162.72
8844.89,-3765.67,164.493
8849.1,-3767.47,166.262
8853.32,-3769.27,168.031
8857.54,-3771.07,169.804
8861.76,-3772.87,171.506
8865.98,-3774.67,173.211
8870.2,-3776.47,174.915
8874.42,-3778.27,176.646
8878.64,-3780.07,178.375
8882.86,-3781.87,180.106
8887.08,-3783.67,181.837
8891.3,-3785.47,183.711
8895.52,-3787.27,185.587
8899.74,-3789.07,187.462
8903.96,-3790.87,189.337
8908.17,-3792.67,191.234
8912.39,-3794.47,193.132
8916.62,-3796.27,195.031
8920.83,-3798.07,196.812
8925.05,-3799.87,198.594
8929.27,-3801.67,200.374
8933.56,-3803.47,202.122
8937.78,-3805.27,203.839
8942,-3807.07,205.559
8946.22,-3808.87,207.279
8950.44,-3810.67,209.063
8954.66,-3812.47,210.848
8958.88,-3814.27,212.632
8963.1,-3816.07,214.416
8967.32,-3817.87,216.302
8971.54,-3819.67,218.188
8975.76,-3821.47,220.075
8979.98,-3823.27,221.921
8984.2,-3825.07,223.77
8988.41,-3826.87,225.616
8992.63,-3828.67,227.464
8996.87,-3830.47,229.263
9001.11,-3832.27,231.065
9006.9,-3834.07,233.52
9011.3,-3835.87,235.313
9015.74,-3837.67,237.121
9020.14,-3839.47,238.913
9024.53,-3841.27,240.575
9028.91,-3843.07,242.233
9033.33,-3844.87,243.907
9037.85,-3846.67,245.615
9042.25,-3848.47,247.457
9046.83,-3850.27,249.365
9051.35,-3852.07,251.26
9055.71,-3853.87,253.033
9060.02,-3855.67,254.794
9064.25,-3857.47,256.514
9068.46,-3859.27,258.229
9072.68,-3861.07,259.948
9076.9,-3862.87,261.668
9081.12,-3864.67,263.387
9085.33,-3866.47,265.227
9089.55,-3868.27,267.066
9093.77,-3870.07,268.906
9097.98,-3871.87,270.744
9102.2,-3873.67,272.506
9106.46,-3875.47,274.288
9110.68,-3877.27,276.051
9114.9,-3879.07,277.821
9119.11,-3880.87,279.587
9123.33,-3882.67,281.354
9127.54,-3884.47,283.122
9131.76,-3886.27,284.999
9136,-3888.07,286.884
9140.22,-3889.87,288.761
9144.44,-3891.67,290.64
9148.65,-3893.47,292.375
9152.87,-3895.27,294.112
9157.09,-3897.07,295.85
9161.3,-3898.87,297.613
9165.52,-3900.67,299.377
9169.74,-3902.47,301.14
9173.96,-3904.27,302.917
9178.17,-3906.07,304.69
9182.39,-3907.87,306.464
9186.61,-3909.67,308.241
9190.82,-3911.47,310
9195.04,-3913.27,311.762
9199.26,-3915.07,313.52
9203.51,-3916.87,315.297
9207.75,-3918.67,317.088
9211.97,-3920.47,318.867
9216.18,-3922.27,320.646
9220.39,-3924.07,322.406
9224.61,-3925.87,324.169
9228.82,-3927.67,325.928
9233.04,-3929.47,327.688
9237.27,-3931.27,329.504
9241.49,-3933.07,331.314
9245.71,-3934.87,333.123
9249.99,-3936.67,334.937
9254.21,-3938.47,336.724
9258.42,-3940.27,338.506
9262.64,-3942.07,340.287
9266.86,-3943.87,342.034
9271.07,-3945.67,343.773
9275.29,-3947.47,345.507
9279.51,-3949.27,347.23
9283.73,-3951.07,348.966
9287.94,-3952.87,350.675
9292.15,-3954.67,352.345
9296.37,-3956.47,353.93
9300.59,-3958.27,355.365
9304.81,-3960.07,356.47
9309.04,-3961.87,356.87
9313.26,-3963.67,356.336
9317.48,-3965.47,355.174
9321.69,-3967.27,353.727
9325.91,-3969.07,352.157
9330.13,-3970.88,350.523
9334.36,-3972.68,348.846
9338.57,-3974.48,347.152
9342.79,-3976.28,345.435
9347.01,-3978.08,343.706
9351.22,-3979.88,341.971
9355.44,-3981.68,340.203
9359.65,-3983.48,338.432
9363.87,-3985.28,336.656
9368.09,-3987.08,334.879
9372.3,-3988.88,333.061
9376.52,-3990.68,331.239
9380.73,-3992.48,329.417
9384.95,-3994.28,327.559
9389.17,-3996.08,325.702
9393.38,-3997.88,323.844
9397.6,-3999.68,321.984
9401.81,-4001.48,320.153
9406.03,-4003.28,318.319
9410.27,-4005.08,316.476
9414.49,-4006.88,314.641
9418.7,-4008.68,312.849
9422.92,-4010.48,311.057
9427.14,-4012.28,309.263
9431.35,-4014.08,307.539
9435.58,-4015.88,305.811
9439.8,-4017.68,304.088
9444.02,-4019.48,302.304
9448.23,-4021.28,300.524
9452.44,-4023.08,298.744
9456.66,-4024.88,296.96
9460.88,-4026.68,295.117
9465.09,-4028.48,293.271
9469.31,-4030.28,291.425
9473.53,-4032.08,289.578
9477.75,-4033.88,287.745
9481.96,-4035.68,285.91
9486.18,-4037.48,284.073
9490.39,-4039.28,282.23
9494.61,-4041.08,280.385
9498.82,-4042.88,278.542
9503.04,-4044.68,276.698
9507.27,-4046.48,274.828
9511.51,-4048.28,272.956
9515.73,-4050.08,271.094
9519.94,-4051.88,269.308
9524.15,-4053.68,267.519
9528.36,-4055.48,265.734
9532.57,-4057.28,263.948
9536.81,-4059.08,262.08
9541.02,-4060.88,260.228
9545.24,-4062.68,258.37
9549.46,-4064.48,256.515
9553.68,-4066.28,254.63
9557.89,-4068.08,252.747
9562.11,-4069.88,250.864
9566.33,-4071.68,249.069
9570.54,-4073.48,247.276
9574.76,-4075.28,245.481
9578.97,-4077.08,243.771
9583.18,-4078.88,242.06
9587.4,-4080.68,240.346
9591.61,-4082.48,238.636
9595.83,-4084.28,236.821
9600.05,-4086.08,235.008
9604.26,-4087.88,233.193
9608.47,-4089.68,231.381
9612.72,-4091.48,229.532
9616.93,-4093.28,227.693
9621.15,-4095.08,225.855
9625.38,-4096.88,224.095
9629.59,-4098.68,222.335
9633.81,-4100.48,220.575
9638.05,-4102.28,218.805
9642.27,-4104.08,217.049
9646.49,-4105.88,215.291
9650.7,-4107.68,213.535
9654.92,-4109.48,211.75
9659.13,-4111.28,209.967
9663.35,-4113.08,208.185
9667.56,-4114.88,206.399
9671.78,-4116.68,204.59
9676,-4118.48,202.78
9680.21,-4120.28,200.972
9684.43,-4122.08,199.162
9688.64,-4123.88,197.392
9692.85,-4125.68,195.621
9697.07,-4127.48,193.849
9701.28,-4129.27,192.055
9705.5,-4131.07,190.26
9709.71,-4132.87,188.466
9713.95,-4134.67,186.66
9718.17,-4136.47,184.867
9722.38,-4138.27,183.074
9726.6,-4140.07,181.278
9730.81,-4141.87,179.484
9735.06,-4143.67,177.677
9739.27,-4145.47,175.882
9743.52,-4147.27,174.072
9747.73,-4149.07,172.259
9751.95,-4150.87,170.444
9756.16,-4152.67,168.628
9760.38,-4154.47,166.81
9764.6,-4156.27,164.992
9768.81,-4158.07,163.175
9773.02,-4159.87,161.359
9777.24,-4161.67,159.514
9781.46,-4163.47,157.668
9785.67,-4165.27,155.824
9789.89,-4167.07,153.982
9794.11,-4168.87,152.142
9798.32,-4170.67,150.305
9802.53,-4172.47,148.469
9806.75,-4174.27,146.651
9810.96,-4176.07,144.835
9815.2,-4177.87,143.007
9819.42,-4179.67,141.201
9823.63,-4181.47,139.393
9827.85,-4183.27,137.588
9832.06,-4185.07,135.782
9836.31,-4186.87,133.99
9840.53,-4188.67,132.211
9844.75,-4190.47,130.431
9848.96,-4192.27,128.654
9853.17,-4194.07,126.895
9857.39,-4195.87,125.136
9861.61,-4197.67,123.378
9865.83,-4199.47,121.608
9870.04,-4201.27,119.839
9874.26,-4203.07,118.069
9878.47,-4204.87,116.302
9882.68,-4206.67,114.552
9886.9,-4208.47,112.801
9891.11,-4210.27,111.051
9895.33,-4212.07,109.257
9899.54,-4213.87,107.465
9903.76,-4215.67,105.67
9907.97,-4217.47,103.879
9912.18,-4219.27,102.103
9916.42,-4221.06,100.316
9920.64,-4222.86,98.5393
9924.86,-4224.66,96.7131
9929.07,-4226.46,94.8899
9933.29,-4228.26,93.066
9937.53,-4230.06,91.2286
9941.75,-4231.86,89.3862
9946.01,-4233.66,87.5213
9950.23,-4235.46,85.6803
9954.45,-4237.26,83.8453
9958.66,-4239.06,82.0122
9962.87,-4240.86,80.1796
9967.09,-4242.66,78.3449
9971.32,-4244.46,76.5056
9975.62,-4246.26,74.6372
9979.91,-4248.06,72.7676
9984.14,-4249.86,70.9288
9988.35,-4251.66,69.1208
9992.56,-4253.46,67.3125
9996.78,-4255.26,65.5031
10001,-4257.06,63.7343
10005.2,-4258.86,61.9641
10009.4,-4260.66,60.1967
10013.6,-4262.46,58.427
10017.9,-4264.26,56.6457
10022.1,-4266.06,54.879
10026.3,-4267.86,53.1107
10030.5,-4269.66,51.3344
10034.8,-4271.46,49.5548
10039,-4273.26,47.7654
10043.2,-4275.06,45.988
10047.4,-4276.86,44.1899
10051.7,-4278.66,42.3941
10055.9,-4280.46,40.5978
10060.1,-4282.26,38.814
10064.3,-4284.06,37.0291
10068.5,-4285.86,35.2481
10072.7,-4287.66,33.4671
10076.9,-4289.46,31.6755
10081.2,-4291.26,29.8865
10085.4,-4293.06,28.0984
10089.6,-4294.86,26.3148
10093.8,-4296.66,24.5437
10098,-4298.46,22.7789
10102.2,-4300.26,21.0185
10106.4,-4302.06,19.2698
10110.6,-4303.86,17.531
10114.9,-4305.66,15.8026
10119.1,-4307.46,14.0819
10123.3,-4309.26,12.318
10127.5,-4311.06,10.5817
10131.7,-4312.85,8.89487
10136,-4314.65,7.39173
10140.2,-4316.45,6.03882
10144.4,-4318.25,4.93789
10148.6,-4320.05,4.2917
10152.8,-4321.85,4.28786
10157,-4323.65,5.0156
10161.3,-4325.45,6.22224
10165.5,-4327.25,7.60647
10169.7,-4329.05,9.11242
10173.9,-4330.85,10.6907
10178.1,-4332.65,12.3119
10182.3,-4334.45,14.0238
10186.5,-4336.25,15.7589
10190.7,-4338.05,17.5077
10195,-4339.85,19.2685
10199.2,-4341.65,21.033
10203.4,-4343.45,22.8035
10207.6,-4345.25,24.5806
10211.8,-4347.05,26.4003
10216,-4348.85,28.2259
10220.3,-4350.65,30.0622
10224.5,-4352.45,31.8931
10228.7,-4354.25,33.6997
10232.9,-4356.05,35.5106
10237.2,-4357.85,37.3346
10241.4,-4359.65,39.1254
10245.6,-4361.45,40.9167
10249.8,-4363.25,42.7062
10254,-4365.05,44.4981
10258.2,-4366.85,46.264
10262.4,-4368.65,48.0324
10266.7,-4370.45,49.8023
10270.9,-4372.25,51.5029
10275.1,-4374.05,53.2039
10279.3,-4375.85,54.9054
10283.5,-4377.65,56.6068
10287.7,-4379.45,58.3502
10292,-4381.25,60.0948
10296.2,-4383.05,61.8415
10300.4,-4384.85,63.8108
10304.6,-4386.65,65.7824
10308.8,-4388.45,67.7516
10313,-4390.25,69.7229
10317.2,-4392.05,71.4009
10321.5,-4393.85,73.0896
10325.7,-4395.65,74.7694
10329.9,-4397.45,76.4466
10334.1,-4399.25,78.3262
10338.4,-4401.05,80.2165
10342.6,-4402.85,82.0948
10346.8,-4404.65,83.9044
10351,-4406.44,85.7105
10355.2,-4408.24,87.5191
10359.5,-4410.04,89.3263
10363.7,-4411.84,91.1441
10367.9,-4413.64,92.96
10372.1,-4415.44,94.776
10376.3,-4417.24,96.5588
10380.5,-4419.04,98.3405
10384.7,-4420.84,100.123
10389,-4422.64,101.904
10393.2,-4424.44,103.624
10397.4,-4426.24,105.348
10401.6,-4428.04,107.069
10405.8,-4429.84,108.776
10410,-4431.64,110.482
10414.2,-4433.44,112.189
10418.4,-4435.24,113.894
10422.7,-4437.04,115.831
10426.9,-4438.84,117.759
10431.1,-4440.64,119.686
10435.3,-4442.44,121.35
10439.6,-4444.24,123.022
10443.8,-4446.04,124.686
10448,-4447.84,126.347
10452.2,-4449.64,128.111
10456.4,-4451.44,129.877
10460.6,-4453.24,131.643
10464.9,-4455.04,133.409
10469.1,-4456.84,135.285
10473.3,-4458.64,137.161
10477.5,-4460.44,139.04
10481.7,-4462.24,140.776
10485.9,-4464.04,142.514
10490.1,-4465.84,144.251
10494.4,-4467.64,145.989
10498.6,-4469.44,147.88
10502.8,-4471.24,149.77
10507,-4473.04,151.664
10511.2,-4474.84,153.554
10515.4,-4476.64,155.36
10519.6,-4478.44,157.163
10523.9,-4480.24,158.979
10528.1,-4482.04,160.803
10532.3,-4483.84,162.628
10536.6,-4485.64,164.465
10540.8,-4487.44,166.195
10545,-4489.24,167.927
10549.2,-4491.04,169.655
10553.4,-4492.84,171.385
10557.6,-4494.64,173.099
10561.9,-4496.44,174.811
10566.1,-4498.23,176.524
10570.3,-4500.03,178.236
10574.5,-4501.83,180.025
10578.7,-4503.63,181.812
10582.9,-4505.43,183.6
10587.1,-4507.23,185.446
10591.3,-4509.03,187.291
10595.6,-4510.83,189.137
10599.8,-4512.63,190.983
10604,-4514.43,192.866
10608.2,-4516.23,194.747
10612.4,-4518.03,196.628
10616.6,-4519.83,198.485
10620.8,-4521.63,200.341
10625.1,-4523.43,202.209
10629.3,-4525.23,204.067
10633.5,-4527.03,205.872
10637.8,-4528.83,207.685
10642,-4530.63,209.488
10646.3,-4532.43,211.332
10650.5,-4534.23,213.15
10654.7,-4536.03,214.968
10658.9,-4537.83,216.784
10663.1,-4539.63,218.666
10667.3,-4541.43,220.551
10671.5,-4543.23,222.433
10675.8,-4545.03,224.303
10680,-4546.83,226.17
10684.2,-4548.63,228.039
10688.4,-4550.43,229.905
10692.6,-4552.23,231.629
10696.8,-4554.03,233.354
10701,-4555.83,235.078
10705.3,-4557.63,236.803
10709.5,-4559.43,238.548
10713.7,-4561.23,240.293
10717.9,-4563.03,242.036
10722.1,-4564.83,243.838
10726.4,-4566.63,245.652
10730.6,-4568.43,247.455
10734.8,-4570.23,249.26
10739,-4572.03,251.14
10743.2,-4573.83,253.01
10747.5,-4575.63,254.88
10751.7,-4577.43,256.7
10755.9,-4579.23,258.522
10760.1,-4581.03,260.34
10764.3,-4582.83,262.162
10768.5,-4584.63,263.977
10772.8,-4586.43,265.792
10777,-4588.23,267.609
10781.2,-4590.02,269.349
10785.4,-4591.82,271.092
10789.6,-4593.62,272.833
10793.8,-4595.42,274.576
10798,-4597.22,276.52
10802.3,-4599.02,278.466
10806.5,-4600.82,280.414
10810.7,-4602.62,282.245
10814.9,-4604.42,284.079
10819.1,-4606.22,285.909
10823.3,-4608.02,287.741
10827.6,-4609.82,289.407
10831.8,-4611.62,291.062
10836,-4613.42,292.72
10840.2,-4615.22,294.386
10844.5,-4617.02,296.112
10848.7,-4618.82,297.835
10852.9,-4620.62,299.558
10857.1,-4622.42,301.287
10861.3,-4624.22,303.013
10865.5,-4626.02,304.74
10869.8,-4627.82,306.466
10874,-4629.62,308.305
10878.2,-4631.42,310.139
10882.4,-4633.22,311.974
10886.6,-4635.02,313.735
10890.8,-4636.82,315.496
10895,-4638.62,317.256
10899.3,-4640.42,319.014
10903.5,-4642.22,320.819
10907.7,-4644.02,322.602
10912,-4645.82,324.384
10916.2,-4647.62,326.14
10920.4,-4649.42,327.893
10924.6,-4651.22,329.645
10928.8,-4653.02,331.405
10933.1,-4654.82,333.156
10937.3,-4656.62,334.914
10941.5,-4658.42,336.656
10945.7,-4660.22,338.382
10950,-4662.02,340.101
10954.2,-4663.82,341.814
10958.4,-4665.62,343.515
10962.6,-4667.42,345.214
10966.8,-4669.22,346.895
10971,-4671.02,348.552
10975.2,-4672.82,350.171
10979.5,-4674.62,351.746
10983.7,-4676.42,353.222
10987.9,-4678.22,354.516
10992.1,-4680.02,355.486
10996.3,-4681.81,355.861
11000.5,-4683.61,355.492
11004.8,-4685.41,354.525
11009,-4687.21,353.208
11013.2,-4689.01,351.705
11017.4,-4690.81,350.1
11021.6,-4692.61,348.419
11025.8,-4694.41,346.699
11030.1,-4696.21,344.945
11034.3,-4698.01,343.18
11038.5,-4699.81,341.406
11042.7,-4701.61,339.632
11047,-4703.41,337.852
11051.2,-4705.21,336.103
11055.4,-4707.01,334.349
11059.6,-4708.81,332.594
11063.8,-4710.61,330.834
11068,-4712.41,329.029
11072.2,-4714.21,327.22
11076.5,-4716.01,325.408
11080.7,-4717.81,323.597
11084.9,-4719.61,321.75
11089.1,-4721.41,319.905
11093.3,-4723.21,318.058
11097.5,-4725.01,316.252
11101.7,-4726.81,314.446
11106,-4728.61,312.639
11110.2,-4730.41,310.833
11114.4,-4732.21,309.033
11118.6,-4734.01,307.237
11122.8,-4735.81,305.44
11127,-4737.61,303.745
11131.3,-4739.41,302.04
11135.5,-4741.21,300.343
11139.7,-4743.01,298.636
11144,-4744.81,296.76
11148.2,-4746.61,294.887
11152.4,-4748.41,293.013
11156.6,-4750.21,291.246
11160.8,-4752.01,289.479
11165,-4753.81,287.711
11169.2,-4755.61,285.945
11173.5,-4757.41,284.067
11177.7,-4759.21,282.201
11181.9,-4761.01,280.338
11186.1,-4762.81,278.506
11190.3,-4764.61,276.676
11194.6,-4766.41,274.844
11198.8,-4768.21,273.013
11203,-4770.01,271.247
11207.2,-4771.81,269.478
11211.4,-4773.6,267.708
11215.6,-4775.4,265.939
11219.9,-4777.2,264.161
11224.1,-4779,262.381
11228.3,-4780.8,260.604
11232.5,-4782.6,258.801
11236.7,-4784.4,257.005
11241,-4786.2,255.197
11245.2,-4788,253.401
11249.4,-4789.8,251.609
11253.6,-4791.6,249.817
11257.8,-4793.4,248.027
11262.1,-4795.2,246.245
11266.3,-4797,244.459
11270.5,-4798.8,242.677
11274.7,-4800.6,240.891
11278.9,-4802.4,239.098
11283.1,-4804.2,237.304
11287.3,-4806,235.507
11291.6,-4807.8,233.712
11295.8,-4809.6,231.905
11300,-4811.4,230.099
11304.2,-4813.2,228.29
11308.4,-4815,226.499
11312.6,-4816.8,224.706
11316.8,-4818.6,222.912
11321,-4820.4,221.115
11325.3,-4822.2,219.318
11329.5,-4824,217.522
11333.7,-4825.8,215.723
11337.9,-4827.6,213.994
11342.2,-4829.4,212.276
11346.4,-4831.2,210.556
11350.6,-4833,208.839
11354.8,-4834.8,206.955
11359.1,-4836.6,205.092
11363.3,-4838.4,203.228
11367.5,-4840.2,201.497
11371.7,-4842,199.766
11375.9,-4843.8,198.035
11380.1,-4845.6,196.304
11384.3,-4847.4,194.476
11388.6,-4849.2,192.649
11392.8,-4851,190.823
11397,-4852.8,189.019
11401.2,-4854.6,187.218
11405.4,-4856.4,185.415
11409.6,-4858.2,183.614
11413.8,-4860,181.799
11418.1,-4861.8,179.986
11422.3,-4863.6,178.173
11426.5,-4865.4,176.357
11430.7,-4867.19,174.538
11434.9,-4868.99,172.715
11439.2,-4870.79,170.884
11443.4,-4872.59,169.077
11447.6,-4874.39,167.269
11451.8,-4876.19,165.463
11456,-4877.99,163.687
11460.2,-4879.79,161.913
11464.4,-4881.59,160.137
11468.7,-4883.39,158.364
11472.9,-4885.19,156.575
11477.2,-4886.99,154.732
11481.5,-4888.79,152.913
11485.7,-4890.59,151.122
11489.9,-4892.39,149.361
11494.2,-4894.19,147.598
11498.4,-4895.99,145.838
11502.6,-4897.79,144.056
11506.8,-4899.59,142.273
11511,-4901.39,140.491
11515.2,-4903.19,138.708
11519.5,-4904.99,136.9
11523.7,-4906.79,135.089
11527.9,-4908.59,133.283
11532.1,-4910.39,131.472
11536.3,-4912.19,129.659
11540.6,-4913.99,127.834
11544.8,-4915.79,126.021
11549,-4917.59,124.251
11553.2,-4919.39,122.481
11557.4,-4921.19,120.709
11561.6,-4922.99,118.925
11565.9,-4924.79,117.139
11570.1,-4926.59,115.354
11574.3,-4928.39,113.569
11578.5,-4930.19,111.753
11582.7,-4931.99,109.937
11586.9,-4933.79,108.119
11591.1,-4935.59,106.303
11595.4,-4937.39,104.46
11599.6,-4939.19,102.619
11603.8,-4940.99,100.777
11608,-4942.79,99.0034
11612.2,-4944.59,97.228
11616.4,-4946.39,95.4515
11620.6,-4948.19,93.6767
11624.9,-4949.99,91.8826
11629.1,-4951.79,90.091
11633.3,-4953.59,88.3
11637.5,-4955.39,86.4685
11641.8,-4957.19,84.6271
11646,-4958.98,82.7953
11650.2,-4960.78,80.9667
11654.4,-4962.58,79.1857
11658.6,-4964.38,77.4069
11662.8,-4966.18,75.6278
11667.1,-4967.98,73.8257
11671.3,-4969.78,72.0258
11675.5,-4971.58,70.2247
11679.7,-4973.38,68.4249
11683.9,-4975.18,66.5201
11688.1,-4976.98,64.6189
11692.3,-4978.78,62.7166
11696.6,-4980.58,60.814
11700.8,-4982.38,58.9138
11705,-4984.18,57.012
11709.2,-4985.98,55.113
11713.4,-4987.78,53.2473
11717.6,-4989.58,51.3815
11721.8,-4991.38,49.5173
11726.1,-4993.18,47.6517
11730.3,-4994.98,45.8122
11734.5,-4996.78,43.9708
11738.7,-4998.58,42.1197
11743,-5000.38,40.3452
11747.2,-5002.18,38.5708
11751.4,-5003.98,36.7968
11755.6,-5005.78,34.978
11759.8,-5007.58,33.1617
11764,-5009.38,31.3456
11768.2,-5011.18,29.5343
11772.5,-5012.98,27.7359
11776.7,-5014.78,25.9377
11780.9,-5016.58,24.1457
11785.1,-5018.38,22.3538
11789.3,-5020.18,20.6089
11793.6,-5021.98,18.8701
11797.8,-5023.78,17.143
11802,-5025.58,15.3709
11806.2,-5027.38,13.6135
11810.4,-5029.18,11.8824
11814.6,-5030.98,10.1872
11818.8,-5032.78,8.57312
11823,-5034.58,7.05529
11827.3,-5036.38,5.71039
11831.5,-5038.18,4.6917
11835.7,-5039.98,4.23459
11839.9,-5041.78,4.54662
11844.2,-5043.58,5.49617
11848.4,-5045.38,6.8167
11852.6,-5047.18,8.33262
11856.8,-5048.98,9.95638
11861,-5050.77,11.6405
11865.2,-5052.57,13.3494
11869.4,-5054.37,15.0827
11873.6,-5056.17,16.8347
11877.9,-5057.97,18.5713
11882.1,-5059.77,20.3171
11886.3,-5061.57,22.0718
11890.5,-5063.37,23.8299
11894.7,-5065.17,25.6183
11898.9,-5066.97,27.4058
11903.1,-5068.77,29.1956
11907.4,-5070.57,30.9946
11911.6,-5072.37,32.7924
11915.8,-5074.17,34.5926
11920,-5075.97,36.3925
11924.2,-5077.77,38.198
11928.4,-5079.57,40.0031
11932.6,-5081.37,41.8089
11936.9,-5083.17,43.6371
11941.1,-5084.97,45.4762
11945.3,-5086.77,47.3071
11949.5,-5088.57,49.1359
11953.8,-5090.37,50.9262
11958,-5092.17,52.7153
11962.2,-5093.97,54.5049
11966.4,-5095.77,56.2975
11970.6,-5097.57,57.9646
11974.8,-5099.37,59.6333
11979,-5101.17,61.301
11983.2,-5102.97,63.2295
11987.5,-5104.77,65.1602
11991.7,-5106.57,67.0898
11995.9,-5108.37,69.0215
12000.1,-5110.17,70.8012
12004.3,-5111.97,72.5824
12008.5,-5113.77,74.3627
12012.8,-5115.57,76.156
12017,-5117.37,77.9521
12021.2,-5119.17,79.7465
12025.4,-5120.97,81.5434
12029.6,-5122.77,83.3276
12033.8,-5124.57,85.114
12038,-5126.37,86.9
12042.3,-5128.17,88.7065
12046.5,-5129.97,90.5023
12050.7,-5131.77,92.2965
12054.9,-5133.57,94.0916
12059.2,-5135.37,95.9215
12063.4,-5137.17,97.7248
12067.6,-5138.97,99.5313
12071.9,-5140.77,101.337
12076.1,-5142.56,103.141
12080.3,-5144.36,104.946
12084.5,-5146.16,106.751
12088.7,-5147.96,108.536
12092.9,-5149.76,110.323
12097.1,-5151.56,112.11
12101.4,-5153.36,113.876
12105.6,-5155.16,115.643
12109.8,-5156.96,117.41
12114,-5158.76,119.178
12118.2,-5160.56,120.998
12122.4,-5162.36,122.819
12126.6,-5164.16,124.642
12130.9,-5165.96,126.464
12135.1,-5167.76,128.262
12139.3,-5169.56,130.074
12143.6,-5171.36,131.873
12147.8,-5173.16,133.679
12152,-5174.96,135.486
12156.2,-5176.76,137.295
12160.4,-5178.56,139.101
12164.6,-5180.36,140.895
12168.8,-5182.16,142.686
12173.1,-5183.96,144.476
12177.3,-5185.76,146.259
12181.5,-5187.56,148.041
12185.7,-5189.36,149.828
12189.9,-5191.16,151.612
12194.1,-5192.96,153.481
12198.3,-5194.76,155.346
12202.6,-5196.56,157.213
12206.8,-5198.36,159.08
12211,-5200.16,160.885
12215.2,-5201.96,162.691
12219.4,-5203.76,164.496
12223.6,-5205.56,166.303
12227.8,-5207.36,168.106
12232.1,-5209.16,169.91
12236.3,-5210.96,171.742
12240.5,-5212.76,173.584
12244.7,-5214.56,175.416
12249,-5216.36,177.245
12253.2,-5218.16,179.018
12257.4,-5219.96,180.793
12261.6,-5221.76,182.565
12265.8,-5223.56,184.339
12270,-5225.36,186.156
12274.2,-5227.16,187.975
12278.5,-5228.96,189.79
12282.7,-5230.76,191.538
12286.9,-5232.56,193.287
12291.1,-5234.35,195.036
12295.3,-5236.15,196.785
12299.5,-5237.95,198.546
12303.7,-5239.75,200.309
12308,-5241.55,202.069
12312.2,-5243.35,203.83
12316.4,-5245.15,205.614
12320.6,-5246.95,207.396
12324.8,-5248.75,209.18
12329,-5250.55,210.947
12333.2,-5252.35,212.713
12337.5,-5254.15,214.483
12341.7,-5255.95,216.264
12345.9,-5257.75,218.083
12350.1,-5259.55,219.899
12354.3,-5261.35,221.717
12358.6,-5263.15,223.517
12362.8,-5264.95,225.318
12367,-5266.75,227.121
12371.2,-5268.55,228.922
12375.4,-5270.35,230.733
12379.6,-5272.15,232.541
12383.9,-5273.95,234.352
12388.1,-5275.75,236.194
12392.3,-5277.55,238.036
12396.5,-5279.35,239.88
12400.7,-5281.15,241.723
12404.9,-5282.95,243.567
12409.1,-5284.75,245.409
12413.4,-5286.55,247.252
12417.6,-5288.35,249.042
12421.8,-5290.15,250.83
12426,-5291.95,252.619
12430.2,-5293.75,254.407
12434.4,-5295.55,256.15
12438.6,-5297.35,257.891
12442.9,-5299.15,259.644
12447.1,-5300.95,261.408
12451.3,-5302.75,263.169
12455.5,-5304.55,264.931
12459.8,-5306.35,266.692
12464,-5308.15,268.464
12468.2,-5309.95,270.234
12472.4,-5311.75,272.004
12476.6,-5313.55,273.775
12480.8,-5315.35,275.582
12485.1,-5317.15,277.39
12489.3,-5318.95,279.196
12493.5,-5320.75,281.016
12497.7,-5322.55,282.816
12501.9,-5324.35,284.617
12506.2,-5326.15,286.419
12510.4,-5327.94,288.217
12514.6,-5329.74,290.017
12518.8,-5331.54,291.812
12523,-5333.34,293.7
12527.2,-5335.14,295.589
12531.5,-5336.94,297.478
12535.7,-5338.74,299.368
12539.9,-5340.54,301.18
12544.1,-5342.34,302.981
12548.3,-5344.14,304.778
12552.6,-5345.94,306.658
12556.8,-5347.74,308.538
12561,-5349.54,310.416
12565.2,-5351.34,312.295
12569.4,-5353.14,314.104
12573.6,-5354.94,315.913
12577.9,-5356.74,317.719
12582.1,-5358.54,319.454
12586.3,-5360.34,321.189
12590.5,-5362.14,322.922
12594.7,-5363.94,324.655
12598.9,-5365.74,326.432
12603.1,-5367.54,328.207
12607.4,-5369.34,329.98
12611.6,-5371.14,331.748
12615.8,-5372.94,333.492
12620,-5374.74,335.228
12624.2,-5376.54,336.957
12628.4,-5378.34,338.496
12632.6,-5380.14,340.017
12636.9,-5381.94,341.515
12641.1,-5383.74,342.989
12645.3,-5385.54,344.504
12649.5,-5387.34,345.968
12653.8,-5389.14,347.365
12658,-5390.94,348.77
12662.2,-5392.74,350.051
12666.4,-5394.54,351.154
12670.6,-5396.34,352.001
12674.8,-5398.14,352.589
12679,-5399.94,352.744
12683.3,-5401.74,352.44
12687.5,-5403.54,351.719
12691.7,-5405.34,350.688
12695.9,-5407.14,349.433
12700.1,-5408.94,348.029
12704.3,-5410.74,346.536
12708.5,-5412.54,344.973
12712.8,-5414.34,343.356
12717,-5416.14,341.696
12721.2,-5417.94,340.008
12725.4,-5419.73,338.295
12729.6,-5421.53,336.566
12733.8,-5423.33,334.846
12738.1,-5425.13,333.116
12742.3,-5426.93,331.366
12746.5,-5428.73,329.62
12750.7,-5430.53,327.878
12754.9,-5432.33,326.13
12759.2,-5434.13,324.366
12763.4,-5435.93,322.613
12767.6,-5437.73,320.855
12771.8,-5439.53,319.095
12776.1,-5441.33,317.333
12780.3,-5443.13,315.564
12784.5,-5444.93,313.793
12788.7,-5446.73,312.022
12792.9,-5448.53,310.249
12797.1,-5450.33,308.507
12801.3,-5452.13,306.766
12805.6,-5453.93,305.021
12809.8,-5455.73,303.157
12814,-5457.53,301.29
12818.2,-5459.33,299.425
12822.4,-5461.13,297.558
12826.6,-5462.93,295.689
12830.8,-5464.73,293.821
12835.1,-5466.53,291.952
12839.3,-5468.33,290.147
12843.6,-5470.13,288.312
12847.8,-5471.93,286.507
12852,-5473.73,284.702
12856.2,-5475.53,282.971
12860.4,-5477.33,281.242
12864.6,-5479.13,279.511
12868.8,-5480.93,277.686
12873.1,-5482.73,275.862
12877.3,-5484.53,274.034
12881.5,-5486.33,272.207
12885.7,-5488.13,270.447
12889.9,-5489.93,268.688
12894.1,-5491.73,266.926
12898.4,-5493.53,265.164
12902.6,-5495.33,263.401
12906.8,-5497.13,261.636
12911,-5498.93,259.873
12915.2,-5500.73,258.053
12919.4,-5502.53,256.236
12923.6,-5504.33,254.417
12927.9,-5506.13,252.6
12932.1,-5507.93,250.765
12936.3,-5509.73,248.927
12940.6,-5511.52,247.067
12944.8,-5513.32,245.255
12949,-5515.12,243.447
12953.2,-5516.92,241.637
12957.4,-5518.72,239.802
12961.6,-5520.52,237.969
12965.8,-5522.32,236.133
12970.1,-5524.12,234.299
12974.3,-5525.92,232.483
12978.6,-5527.72,230.623
12982.9,-5529.52,228.781
12987.1,-5531.32,226.966
12991.3,-5533.12,225.175
12995.6,-5534.92,223.382
12999.8,-5536.72,221.591
13004,-5538.52,219.869
13008.2,-5540.32,218.15
13012.4,-5542.12,216.43
13016.6,-5543.92,214.709
13020.8,-5545.72,212.899
13025.1,-5547.52,211.087
13029.3,-5549.32,209.277
13033.5,-5551.12,207.474
13037.7,-5552.92,205.69
13042,-5554.72,203.892
13046.2,-5556.52,202.105
13050.4,-5558.32,200.317
13054.6,-5560.12,198.528
13058.9,-5561.92,196.742
13063.1,-5563.72,194.943
13067.3,-5565.52,193.141
13071.5,-5567.32,191.342
13075.7,-5569.12,189.542
13079.9,-5570.92,187.711
13084.1,-5572.72,185.878
13088.4,-5574.52,184.048
13092.6,-5576.32,182.217
13096.8,-5578.12,180.324
13101,-5579.92,178.433
13105.2,-5581.72,176.541
13109.4,-5583.52,174.705
13113.6,-5585.32,172.868
13117.9,-5587.12,171.033
13122.1,-5588.92,169.197
13126.3,-5590.72,167.433
13130.5,-5592.52,165.669
13134.7,-5594.32,163.905
13138.9,-5596.12,162.139
13143.2,-5597.92,160.349
13147.4,-5599.72,158.58
13151.6,-5601.52,156.814
13155.8,-5603.31,155.006
13160.1,-5605.11,153.2
13164.3,-5606.91,151.393
13168.5,-5608.71,149.522
13172.7,-5610.51,147.65
13176.9,-5612.31,145.775
13181.1,-5614.11,143.904
13185.3,-5615.91,142.167
13189.6,-5617.71,140.434
13193.8,-5619.51,138.697
13198,-5621.31,136.916
13202.2,-5623.11,135.133
13206.4,-5624.91,133.35
13210.6,-5626.71,131.567
13214.9,-5628.51,129.676
13219.1,-5630.31,127.788
13223.3,-5632.11,125.901
13227.5,-5633.91,123.981
13231.7,-5635.71,122.064
13235.9,-5637.51,120.145
13240.1,-5639.31,118.227
13244.4,-5641.11,116.381
13248.6,-5642.91,114.552
13252.8,-5644.71,112.72
13257,-5646.51,110.894
13261.2,-5648.31,109.069
13265.5,-5650.11,107.242
13269.7,-5651.91,105.417
13273.9,-5653.71,103.498
13278.1,-5655.51,101.58
13282.3,-5657.31,99.6626
13286.5,-5659.11,97.7422
13290.7,-5660.91,95.8621
13294.9,-5662.71,93.9803
13299.2,-5664.51,92.1016
13303.4,-5666.31,90.2871
13307.6,-5668.11,88.47
13311.8,-5669.91,86.6552
13316,-5671.71,84.8391
13320.2,-5673.51,83.0883
13324.5,-5675.31,81.3343
13328.7,-5677.11,79.5838
13332.9,-5678.91,77.8239
13337.1,-5680.71,76.0605
13341.3,-5682.51,74.2895
13345.6,-5684.31,72.5158
13349.8,-5686.11,70.693
13354,-5687.91,68.8703
13358.2,-5689.71,67.049
13362.4,-5691.51,65.2287
13366.7,-5693.31,63.4559
13370.9,-5695.1,61.6858
13375.1,-5696.9,59.9139
13379.3,-5698.7,58.2029
13383.5,-5700.5,56.4928
13387.7,-5702.3,54.7861
13391.9,-5704.1,53.0796
13396.2,-5705.9,51.3193
13400.4,-5707.7,49.5615
13404.6,-5709.5,47.8026
13408.8,-5711.3,46.0575
13413,-5713.1,44.3129
13417.2,-5714.9,42.5659
13421.4,-5716.7,40.8212
13425.7,-5718.5,39.0242
13429.9,-5720.3,37.2308
13434.1,-5722.1,35.4361
13438.3,-5723.9,33.6943
13442.5,-5725.7,31.9411
13446.8,-5727.5,30.1889
13451,-5729.3,28.4494
13455.2,-5731.1,26.657
13459.4,-5732.9,24.8694
13463.7,-5734.7,23.0548
13467.9,-5736.5,21.2979
13472.1,-5738.3,19.5457
13476.4,-5740.1,17.7967
13480.6,-5741.9,16.0575
13484.8,-5743.7,14.3085
13489,-5745.5,12.5785
13493.2,-5747.3,10.87
13497.4,-5749.1,9.19451
13501.6,-5750.9,7.57923
13505.9,-5752.7,6.06973
13510.1,-5754.5,4.77277
13514.3,-5756.3,3.93743
13518.5,-5758.1,3.79075
13522.7,-5759.9,4.40192
13526.9,-5761.7,5.52658
13531.1,-5763.5,6.89382
13535.3,-5765.3,8.39994
13539.5,-5767.1,9.98224
13543.8,-5768.9,11.6206
13548,-5770.7,13.2869
13552.2,-5772.5,14.9628
13556.5,-5774.3,16.6522
13560.7,-5776.1,18.3393
13564.9,-5777.9,20.0351
13569.1,-5779.7,21.7348
13573.3,-5781.5,23.4392
13577.5,-5783.3,25.1517
13581.7,-5785.1,26.8651
13586,-5786.9,28.5819
13590.2,-5788.69,30.3329
13594.4,-5790.49,32.0868
13598.6,-5792.29,33.8394
13602.8,-5794.09,35.7173
13607,-5795.89,37.5973
13611.3,-5797.69,39.4783
13615.5,-5799.49,41.3614
13619.7,-5801.29,43.22
13623.9,-5803.09,45.0812
13628.1,-5804.89,46.9409
13632.3,-5806.69,48.8013
13636.5,-5808.49,50.6333
13640.8,-5810.29,52.4653
13645,-5812.09,54.3108
13649.2,-5813.89,55.9653
13653.5,-5815.69,57.6252
13657.7,-5817.49,59.2717
13661.9,-5819.29,60.9161
13666.1,-5821.09,62.6802
13670.4,-5822.89,64.4425
13674.6,-5824.69,66.208
13678.8,-5826.49,67.9248
13683,-5828.29,69.6426
13687.2,-5830.09,71.3634
13691.4,-5831.89,73.0827
13695.6,-5833.69,74.9745
13699.9,-5835.49,76.8648
13704.1,-5837.29,78.7571
13708.3,-5839.09,80.564
13712.5,-5840.89,82.372
13716.7,-5842.69,84.181
13720.9,-5844.49,85.9889
13725.2,-5846.29,87.7686
13729.4,-5848.09,89.5496
13733.6,-5849.89,91.3295
13737.8,-5851.69,93.1199
13742,-5853.49,94.9223
13746.3,-5855.29,96.7158
13750.5,-5857.09,98.5167
13754.7,-5858.89,100.34
13758.9,-5860.69,102.16
13763.1,-5862.49,103.981
13767.4,-5864.29,105.804
13771.6,-5866.09,107.549
13775.8,-5867.89,109.295
13780,-5869.69,111.039
13784.2,-5871.49,112.807
13788.4,-5873.29,114.572
13792.6,-5875.09,116.339
13796.9,-5876.89,118.107
13801.1,-5878.69,120.025
13805.3,-5880.48,121.945
13809.5,-5882.28,123.863
13813.7,-5884.08,125.571
13817.9,-5885.88,127.277
13822.1,-5887.68,128.984
13826.4,-5889.48,130.693
13830.6,-5891.28,132.541
13834.8,-5893.08,134.39
13839,-5894.88,136.239
13843.2,-5896.68,137.991
13847.5,-5898.48,139.734
13851.7,-5900.28,141.485
13855.9,-5902.08,143.228
13860.1,-5903.88,145.021
13864.4,-5905.68,146.816
13868.6,-5907.48,148.608
13872.8,-5909.28,150.401
13877,-5911.08,152.222
13881.2,-5912.88,154.04
13885.4,-5914.68,155.859
13889.6,-5916.48,157.641
13893.9,-5918.28,159.423
13898.1,-5920.08,161.204
13902.3,-5921.88,162.984
13906.5,-5923.68,164.911
13910.7,-5925.48,166.836
13914.9,-5927.28,168.763
13919.1,-5929.08,170.624
13923.4,-5930.88,172.487
13927.6,-5932.68,174.351
13931.8,-5934.48,176.213
13936,-5936.28,178.058
13940.2,-5938.08,179.902
13944.5,-5939.88,181.76
13948.7,-5941.68,183.488
13952.9,-5943.48,185.227
13957.1,-5945.28,186.958
13961.3,-5947.08,188.686
13965.6,-5948.88,190.472
13969.8,-5950.68,192.255
13974,-5952.48,194.041
13978.2,-5954.28,195.939
13982.4,-5956.08,197.837
13986.6,-5957.88,199.737
13990.8,-5959.68,201.636
13995.1,-5961.48,203.414
13999.3,-5963.28,205.198
14003.5,-5965.08,206.973
14007.7,-5966.88,208.744
14012,-5968.68,210.445
14016.3,-5970.48,212.196
14020.7,-5972.27,213.974
14025.1,-5974.07,215.981
14029.5,-5975.87,217.979
14033.9,-5977.67,219.986
14038.3,-5979.47,221.792
14042.9,-5981.27,223.708
14047.5,-5983.07,225.584
14052.2,-5984.87,227.526
14056.5,-5986.67,229.304
14060.9,-5988.47,231.082
14065.2,-5990.27,232.836
14069.4,-5992.07,234.466
14073.6,-5993.87,236.094
14077.8,-5995.67,237.719
14082,-5997.47,239.346
14086.3,-5999.27,241.114
14090.5,-6001.07,242.88
14094.7,-6002.87,244.646
14098.9,-6004.67,246.47
14103.1,-6006.47,248.293
14107.3,-6008.27,250.118
14111.6,-6010.07,251.941
14115.8,-6011.87,253.715
14120,-6013.67,255.486
14124.2,-6015.47,257.259
14128.4,-6017.27,259.071
14132.6,-6019.07,260.882
14136.8,-6020.87,262.695
14141,-6022.67,264.507
14145.3,-6024.47,266.367
14149.5,-6026.27,268.213
14153.8,-6028.07,270.078
14158,-6029.87,271.921
14162.2,-6031.67,273.785
14166.4,-6033.47,275.65
14170.7,-6035.27,277.543
14174.9,-6037.07,279.369
14179.1,-6038.87,281.19
14183.3,-6040.67,283.012
14187.6,-6042.47,284.835
14191.8,-6044.27,286.61
14196,-6046.07,288.386
14200.2,-6047.87,290.161
14204.4,-6049.67,291.954
14208.6,-6051.47,293.745
14212.8,-6053.27,295.536
14217.1,-6055.07,297.328
14221.3,-6056.87,298.961
14225.5,-6058.67,300.594
14229.7,-6060.47,302.225
14233.9,-6062.27,303.856
14238.1,-6064.06,305.624
14242.3,-6065.86,307.393
14246.6,-6067.66,309.176
14250.8,-6069.46,310.956
14255.1,-6071.26,312.749
14259.3,-6073.06,314.527
14263.5,-6074.86,316.332
14267.7,-6076.66,318.117
14271.9,-6078.46,319.901
14276.2,-6080.26,321.685
14280.4,-6082.06,323.514
14284.6,-6083.86,325.342
14288.8,-6085.66,327.164
14293,-6087.46,328.984
14297.2,-6089.26,330.8
14301.5,-6091.06,332.612
14305.7,-6092.86,334.421
14309.9,-6094.66,336.204
14314.1,-6096.46,337.981
14318.3,-6098.26,339.745
14322.5,-6100.06,341.498
14326.7,-6101.86,343.21
14331,-6103.66,344.897
14335.2,-6105.46,346.553
14339.4,-6107.26,348.117
14343.6,-6109.06,349.625
14347.8,-6110.86,351.024
14352.1,-6112.66,352.272
14356.3,-6114.46,353.27
14360.5,-6116.26,353.919
14364.7,-6118.06,354.112
14368.9,-6119.86,353.798
14373.2,-6121.66,353.043
14377.4,-6123.46,351.971
14381.6,-6125.26,350.692
14385.8,-6127.06,349.251
14390,-6128.86,347.717
14394.2,-6130.66,346.12
14398.5,-6132.46,344.408
14402.7,-6134.26,342.66
14406.9,-6136.06,340.886
14411.1,-6137.86,339.095
14415.3,-6139.66,337.289
14419.5,-6141.46,335.475
14423.7,-6143.26,333.653
14428,-6145.06,331.827
14432.2,-6146.86,330.038
14436.4,-6148.66,328.244
14440.6,-6150.46,326.446
14444.8,-6152.26,324.675
14449.1,-6154.06,322.915
14453.3,-6155.85,321.154
14457.5,-6157.65,319.38
14461.7,-6159.45,317.591
14465.9,-6161.25,315.798
14470.2,-6163.05,314.006
14474.4,-6164.85,312.152
14478.7,-6166.65,310.25
14483,-6168.45,308.361
14487.2,-6170.25,306.502
14491.4,-6172.05,304.902
14495.7,-6173.85,303.301
14499.9,-6175.65,301.701
14504.1,-6177.45,299.922
14508.3,-6179.25,298.146
14512.5,-6181.05,296.372
14516.7,-6182.85,294.596
14520.9,-6184.65,292.784
14525.2,-6186.45,290.966
14529.4,-6188.25,289.151
14533.6,-6190.05,287.337
14537.8,-6191.85,285.496
14542,-6193.65,283.651
14546.3,-6195.45,281.79
14550.5,-6197.25,279.967
14554.7,-6199.05,278.147
14558.9,-6200.85,276.316
14563.1,-6202.65,274.548
14567.4,-6204.45,272.777
14571.6,-6206.25,271.01
14575.8,-6208.05,269.243
14580,-6209.85,267.455
14584.2,-6211.65,265.661
14588.4,-6213.45,263.871
14592.6,-6215.25,262.08
14596.9,-6217.05,260.237
14601.1,-6218.85,258.393
14605.3,-6220.65,256.549
14609.5,-6222.45,254.714
14613.7,-6224.25,252.878
14617.9,-6226.05,251.046
14622.2,-6227.85,249.212
14626.4,-6229.65,247.457
14630.6,-6231.45,245.703
14634.8,-6233.25,243.948
14639,-6235.05,242.231
14643.2,-6236.85,240.513
14647.5,-6238.65,238.781
14651.7,-6240.45,237.061
14655.9,-6242.25,235.312
14660.2,-6244.05,233.554
14664.4,-6245.85,231.805
14668.6,-6247.65,230.058
14672.8,-6249.44,228.217
14677,-6251.24,226.373
14681.2,-6253.04,224.532
14685.4,-6254.84,222.699
14689.7,-6256.64,220.866
14693.9,-6258.44,219.033
14698.1,-6260.24,217.202
14702.3,-6262.04,215.482
14706.5,-6263.84,213.759
14710.7,-6265.64,212.038
14715,-6267.44,210.155
14719.2,-6269.24,208.274
14723.4,-6271.04,206.392
14727.6,-6272.84,204.508
14731.8,-6274.64,202.683
14736,-6276.44,200.857
14740.2,-6278.24,199.031
14744.5,-6280.04,197.269
14748.7,-6281.84,195.519
14752.9,-6283.64,193.77
14757.1,-6285.44,192.02
14761.4,-6287.24,190.274
14765.6,-6289.04,188.535
14769.8,-6290.84,186.799
14774,-6292.64,184.96
14778.2,-6294.44,183.125
14782.4,-6296.24,181.289
14786.7,-6298.04,179.451
14790.9,-6299.84,177.661
14795.1,-6301.64,175.868
14799.3,-6303.44,174.075
14803.5,-6305.24,172.283
14807.7,-6307.04,170.473
14811.9,-6308.84,168.663
14816.2,-6310.64,166.851
14820.4,-6312.44,164.98
14824.6,-6314.24,163.106
14828.8,-6316.04,161.236
14833,-6317.84,159.365
14837.2,-6319.64,157.465
14841.5,-6321.44,155.564
14845.7,-6323.24,153.65
14849.9,-6325.04,151.819
14854.1,-6326.84,149.986
14858.3,-6328.64,148.156
14862.6,-6330.44,146.314
14866.9,-6332.24,144.426
14871.1,-6334.04,142.567
14875.3,-6335.84,140.705
14879.5,-6337.64,139.147
14883.7,-6339.44,137.588
14887.9,-6341.23,136.03
14892.2,-6343.03,134.472
14896.4,-6344.83,132.55
14900.6,-6346.63,130.63
14904.8,-6348.43,128.709
14909,-6350.23,126.65
14913.2,-6352.03,124.591
14917.4,-6353.83,122.529
14921.7,-6355.63,120.471
14925.9,-6357.43,118.687
14930.1,-6359.23,116.907
14934.3,-6361.03,115.124
14938.5,-6362.83,113.345
14942.7,-6364.63,111.509
14947,-6366.43,109.658
14951.2,-6368.23,107.821
14955.4,-6370.03,106.002
14959.6,-6371.83,104.187
14963.9,-6373.63,102.359
14968.1,-6375.43,100.548
14972.3,-6377.23,98.6344
14976.5,-6379.03,96.7197
14980.7,-6380.83,94.8058
14984.9,-6382.63,93.1026
14989.1,-6384.43,91.4013
14993.4,-6386.23,89.6994
14997.6,-6388.03,87.9964
15001.8,-6389.83,86.3016
15006,-6391.63,84.6059
15010.2,-6393.43,82.9129
15014.4,-6395.23,81.2357
15018.6,-6397.03,79.5616
15022.9,-6398.83,77.8867
15027.1,-6400.63,76.21
15031.3,-6402.43,74.4365
15035.5,-6404.23,72.6622
15039.7,-6406.03,70.8901
15043.9,-6407.83,69.1261
15048.2,-6409.63,67.3527
15052.4,-6411.43,65.5912
15056.6,-6413.23,63.8289
15060.8,-6415.03,62.0786
15065.1,-6416.83,60.3184
15069.3,-6418.63,58.5703
15073.5,-6420.43,56.8069
15077.7,-6422.23,55.0564
15082,-6424.03,53.3065
15086.2,-6425.83,51.5584
15090.4,-6427.63,49.7395
15094.6,-6429.43,47.9239
15098.8,-6431.23,46.115
15103,-6433.02,44.3102
15107.2,-6434.82,42.4332
15111.5,-6436.62,40.559
15115.7,-6438.42,38.689
15119.9,-6440.22,36.786
15124.1,-6442.02,34.8959
15128.3,-6443.82,33.0276
15132.5,-6445.62,31.1794
15136.7,-6447.42,29.5268
15141,-6449.22,27.8793
15145.2,-6451.02,26.2249
15149.4,-6452.82,24.7061
15153.6,-6454.62,23.194
15157.9,-6456.42,21.6951
15162.1,-6458.22,20.207
15166.3,-6460.02,18.4713
15170.5,-6461.82,16.7656
15174.8,-6463.62,15.0862
15179,-6465.42,13.4444
15183.2,-6467.22,11.8509
15187.4,-6469.02,10.3174
15191.6,-6470.82,8.87856
15195.8,-6472.62,7.60564
15200,-6474.42,6.55336
15204.2,-6476.22,5.83894
15208.5,-6478.02,5.59459
15212.7,-6479.82,5.8785
15216.9,-6481.62,6.64285
15221.1,-6483.42,7.74524
15225.4,-6485.22,9.09977
15229.6,-6487.02,10.6013
15233.8,-6488.82,12.1991
15238,-6490.62,13.8556
15242.2,-6492.42,15.6045
15246.5,-6494.22,17.4016
15250.7,-6496.02,19.2097
15254.9,-6497.82,21.0377
15259.1,-6499.62,22.8637
15263.3,-6501.42,24.7013
15267.6,-6503.22,26.5611
15271.8,-6505.02,28.3432
15276,-6506.82,30.1306
15280.2,-6508.62,31.9191
15284.4,-6510.42,33.662
15288.6,-6512.22,35.4042
15292.9,-6514.02,37.1495
15297.1,-6515.82,38.8969
15301.3,-6517.62,40.6434
15305.5,-6519.42,42.3921
15309.7,-6521.22,44.1395
15313.9,-6523.02,45.8906
15318.1,-6524.81,47.6285
15322.4,-6526.61,49.3684
15326.6,-6528.41,51.1085
15330.8,-6530.21,52.8432
15335,-6532.01,54.5796
15339.2,-6533.81,56.3127
15343.4,-6535.61,58.0482
15347.7,-6537.41,59.9518
15351.9,-6539.21,61.8418
15356.1,-6541.01,63.7334
15360.3,-6542.81,65.5268
15364.5,-6544.61,67.3244
15368.8,-6546.41,69.1292
15373,-6548.21,70.9251
15377.2,-6550.01,72.8308
15381.4,-6551.81,74.7355
15385.6,-6553.61,76.64
15389.9,-6555.41,78.5422
15394.1,-6557.21,80.3647
15398.3,-6559.01,82.1848
15402.5,-6560.81,84.0066
15406.7,-6562.61,85.716
15410.9,-6564.41,87.4246
15415.2,-6566.21,89.1357
15419.4,-6568.01,90.9192
15423.6,-6569.81,92.7027
15427.8,-6571.61,94.4839
15432,-6573.41,96.266
15436.2,-6575.21,98.1212
15440.4,-6577.01,99.974
15444.7,-6578.81,101.829
15448.9,-6580.61,103.694
15453.1,-6582.41,105.499
15457.3,-6584.21,107.305
15461.5,-6586.01,109.11
15465.8,-6587.81,110.764
15470,-6589.61,112.425
15474.2,-6591.41,114.08
15478.4,-6593.21,115.732
15482.6,-6595.01,117.534
15486.9,-6596.81,119.338
15491.1,-6598.61,121.141
15495.3,-6600.41,122.908
15499.5,-6602.21,124.674
15503.7,-6604.01,126.441
15507.9,-6605.81,128.207
15512.1,-6607.61,130.032
15516.4,-6609.41,131.858
15520.6,-6611.21,133.685
15524.8,-6613.01,135.576
15529,-6614.81,137.465
15533.2,-6616.6,139.354
15537.4,-6618.4,141.245
15541.6,-6620.2,142.93
15545.9,-6622,144.626
15550.1,-6623.8,146.31
15554.3,-6625.6,147.995
15558.5,-6627.4,149.8
15562.7,-6629.2,151.607
15567,-6631,153.415
15571.2,-6632.8,155.364
15575.5,-6634.6,157.287
15579.7,-6636.4,159.21
15583.9,-6638.2,161.133
15588.1,-6640,162.838
15592.3,-6641.8,164.546
15596.5,-6643.6,166.254
15600.7,-6645.4,167.928
15605,-6647.2,169.603
15609.2,-6649,171.275
15613.4,-6650.8,172.948
15617.6,-6652.6,174.661
15621.8,-6654.4,176.372
15626,-6656.2,178.086
15630.2,-6658,179.927
15634.4,-6659.8,181.771
15638.7,-6661.6,183.612
15642.9,-6663.4,185.455
15647.1,-6665.2,187.326
15651.3,-6667,189.183
15655.5,-6668.8,191.041
15659.8,-6670.6,192.878
15664,-6672.4,194.715
15668.2,-6674.2,196.55
15672.4,-6676,198.397
15676.6,-6677.8,200.212
15680.9,-6679.6,202.026
15685.1,-6681.4,203.841
15689.3,-6683.2,205.668
15693.5,-6685,207.435
15697.8,-6686.8,209.201
15702,-6688.6,210.966
15706.2,-6690.4,212.72
15710.4,-6692.2,214.471
15714.6,-6694,216.224
15718.8,-6695.8,217.975
15723,-6697.6,219.745
15727.3,-6699.4,221.517
15731.5,-6701.2,223.289
15735.7,-6703,225.065
15739.9,-6704.8,226.839
15744.1,-6706.6,228.616
15748.4,-6708.4,230.4
15752.6,-6710.19,232.121
15756.8,-6711.99,233.844
15761,-6713.79,235.565
15765.2,-6715.59,237.408
15769.4,-6717.39,239.249
15773.7,-6719.19,241.103
15777.9,-6720.99,242.944
15782.1,-6722.79,244.889
15786.3,-6724.59,246.835
15790.5,-6726.39,248.779
15794.8,-6728.19,250.63
15799,-6729.99,252.478
15803.2,-6731.79,254.327
15807.4,-6733.59,256.178
15811.6,-6735.39,258.077
15815.8,-6737.19,259.976
15820.1,-6738.99,261.872
15824.3,-6740.79,263.771
15828.5,-6742.59,265.595
15832.7,-6744.39,267.42
15836.9,-6746.19,269.246
15841.1,-6747.99,270.952
15845.3,-6749.79,272.66
15849.6,-6751.59,274.377
15853.8,-6753.39,276.085
15858,-6755.19,277.886
15862.2,-6756.99,279.688
15866.5,-6758.79,281.491
15870.7,-6760.59,283.238
15874.9,-6762.39,284.997
15879.1,-6764.19,286.743
15883.3,-6765.99,288.489
15887.6,-6767.79,290.234
15891.8,-6769.59,291.976
15896,-6771.39,293.719
15900.2,-6773.19,295.458
15904.4,-6774.99,297.238
15908.6,-6776.79,299.016
15912.8,-6778.59,300.792
15917.1,-6780.39,302.669
15921.3,-6782.19,304.544
15925.5,-6783.99,306.418
15929.7,-6785.79,308.333
15933.9,-6787.59,310.249
15938.1,-6789.39,312.159
15942.4,-6791.19,314.069
15946.6,-6792.99,315.909
15950.8,-6794.79,317.734
15955,-6796.59,319.559
15959.2,-6798.39,321.378
15963.5,-6800.19,323.201
15967.7,-6801.98,325.007
15971.9,-6803.78,326.812
15976.2,-6805.58,328.623
15980.6,-6807.38,330.454
15984.8,-6809.18,332.253
15989,-6810.98,334.024
15993.3,-6812.78,335.743
15997.5,-6814.58,337.455
16001.7,-6816.38,339.158
16005.9,-6818.18,340.914
16010.1,-6819.98,342.649
16014.3,-6821.78,344.36
16018.5,-6823.58,346.038
16022.7,-6825.38,347.775
16027,-6827.18,349.444
16031.2,-6828.98,350.996
16035.4,-6830.78,352.503
16039.6,-6832.58,353.746
16043.8,-6834.38,354.544
16048.1,-6836.18,354.685
16052.3,-6837.98,354.204
16056.5,-6839.78,353.186
16060.7,-6841.58,351.832
16064.9,-6843.38,350.318
16069.2,-6845.18,348.688
16073.4,-6846.98,346.983
16077.6,-6848.78,345.212
16081.8,-6850.58,343.485
16086.1,-6852.38,341.736
16090.3,-6854.18,339.969
16094.5,-6855.98,338.19
16098.7,-6857.78,336.522
16102.9,-6859.58,334.845
16107.1,-6861.38,333.163
16111.3,-6863.18,331.53
16115.6,-6864.98,329.894
16119.8,-6866.78,328.257
16124,-6868.58,326.617
16128.2,-6870.38,324.987
16132.4,-6872.18,323.356
16136.6,-6873.98,321.723
16140.8,-6875.78,319.979
16145.1,-6877.58,318.231
16149.3,-6879.38,316.47
16153.5,-6881.18,314.72
16157.7,-6882.98,312.934
16162,-6884.78,311.146
16166.2,-6886.58,309.357
16170.4,-6888.38,307.531
16174.6,-6890.18,305.704
16178.9,-6891.98,303.868
16183.1,-6893.77,302.04
16187.3,-6895.57,300.245
16191.5,-6897.37,298.452
16195.7,-6899.17,296.657
16199.9,-6900.97,294.795
16204.1,-6902.77,292.931
16208.4,-6904.57,291.068
16212.6,-6906.37,289.205
16216.8,-6908.17,287.377
16221,-6909.97,285.549
16225.2,-6911.77,283.72
16229.4,-6913.57,281.889
16233.7,-6915.37,280.095
16237.9,-6917.17,278.304
16242.1,-6918.97,276.512
16246.3,-6920.77,274.779
16250.5,-6922.57,273.037
16254.8,-6924.37,271.305
16259,-6926.17,269.575
16263.2,-6927.97,267.754
16267.4,-6929.77,265.931
16271.6,-6931.57,264.109
16275.8,-6933.37,262.307
16280.1,-6935.17,260.468
16284.4,-6936.97,258.664
16288.6,-6938.77,256.864
16292.8,-6940.57,255.097
16297,-6942.37,253.328
16301.2,-6944.17,251.561
16305.4,-6945.97,249.794
16309.7,-6947.77,248.028
16313.9,-6949.57,246.262
16318.1,-6951.37,244.498
16322.3,-6953.17,242.757
16326.5,-6954.97,241.013
16330.7,-6956.77,239.271
16334.9,-6958.57,237.527
16339.2,-6960.37,235.658
16343.4,-6962.17,233.787
16347.6,-6963.97,231.902
16351.8,-6965.77,230.006
16356.1,-6967.57,228.109
16360.3,-6969.37,226.214
16364.5,-6971.17,224.402
16368.7,-6972.97,222.593
16372.9,-6974.77,220.783
16377.1,-6976.57,218.971
16381.4,-6978.37,217.396
16385.6,-6980.17,215.826
16389.8,-6981.97,214.26
16394,-6983.77,212.692
16398.2,-6985.56,210.884
16402.5,-6987.36,209.072
16406.7,-6989.16,207.261
16410.9,-6990.96,205.477
16415.1,-6992.76,203.691
16419.3,-6994.56,201.904
16423.5,-6996.36,200.118
16427.7,-6998.16,198.395
16432,-6999.96,196.672
16436.2,-7001.76,194.947
16440.4,-7003.56,193.06
16444.6,-7005.36,191.169
16448.8,-7007.16,189.27
16453.1,-7008.96,187.382
16457.3,-7010.76,185.585
16461.5,-7012.56,183.789
16465.7,-7014.36,181.992
16469.9,-7016.16,180.198
16474.1,-7017.96,178.306
16478.4,-7019.76,176.417
16482.6,-7021.56,174.516
16486.8,-7023.36,172.566
16491,-7025.16,170.618
16495.2,-7026.96,168.67
16499.5,-7028.76,166.722
16503.7,-7030.56,164.864
16507.9,-7032.36,163.008
16512.1,-7034.16,161.152
16516.3,-7035.96,159.302
16520.5,-7037.76,157.454
16524.7,-7039.56,155.605
16529,-7041.36,153.759
16533.2,-7043.16,152.089
16537.4,-7044.96,150.42
16541.6,-7046.76,148.753
16545.8,-7048.56,147.157
16550.1,-7050.36,145.552
16554.3,-7052.16,143.958
16558.5,-7053.96,142.365
16562.7,-7055.76,140.609
16566.9,-7057.56,138.85
16571.1,-7059.36,137.095
16575.3,-7061.16,135.337
16579.6,-7062.96,133.509
16583.8,-7064.76,131.667
16588,-7066.56,129.841
16592.2,-7068.36,127.971
16596.4,-7070.16,126.102
16600.7,-7071.96,124.235
16604.9,-7073.76,122.367
16609.1,-7075.56,120.492
16613.3,-7077.35,118.617
16617.5,-7079.15,116.742
16621.7,-7080.95,114.971
16625.9,-7082.75,113.198
16630.2,-7084.55,111.426
16634.4,-7086.35,109.655
16638.6,-7088.15,107.945
16642.8,-7089.95,106.235
16647,-7091.75,104.523
16651.3,-7093.55,102.743
16655.5,-7095.35,100.972
16659.7,-7097.15,99.2051
16663.9,-7098.95,97.4366
16668.1,-7100.75,95.6426
16672.3,-7102.55,93.8496
16676.5,-7104.35,92.055
16680.8,-7106.15,90.2188
16685,-7107.95,88.3711
16689.2,-7109.75,86.5377
16693.4,-7111.55,84.7039
16697.6,-7113.35,82.9006
16701.9,-7115.15,81.1004
16706.1,-7116.95,79.2984
16710.3,-7118.75,77.1249
16714.5,-7120.55,74.9487
16718.7,-7122.35,72.7771
16722.9,-7124.15,70.6049
16727.2,-7125.95,68.7262
16731.4,-7127.75,66.8399
16735.6,-7129.55,64.9635
16739.8,-7131.35,63.091
16744,-7133.15,61.1147
16748.3,-7134.95,59.129
16752.5,-7136.75,57.1558
16756.7,-7138.55,55.2202
16760.9,-7140.35,53.2872
16765.2,-7142.15,51.3535
16769.4,-7143.95,49.4245
16773.6,-7145.75,47.5839
16777.8,-7147.55,45.7489
16782,-7149.35,43.9136
16786.2,-7151.15,42.1888
16790.4,-7152.95,40.4695
16794.7,-7154.75,38.754
16798.9,-7156.55,37.046
16803.1,-7158.35,35.437
16807.3,-7160.15,33.8328
16811.5,-7161.95,32.2377
16815.7,-7163.75,30.6365
16819.9,-7165.55,29.0482
16824.2,-7167.35,27.4686
16828.4,-7169.15,25.9066
16832.6,-7170.94,24.2915
16836.8,-7172.74,22.6902
16841,-7174.54,21.1086
16845.2,-7176.34,19.549
16849.5,-7178.14,17.8319
16853.7,-7179.94,16.1654
16857.9,-7181.74,14.5614
16862.1,-7183.54,13.0538
16866.3,-7185.34,11.6627
16870.6,-7187.14,10.4399
16874.8,-7188.94,9.44754
16879,-7190.74,8.69191
16883.2,-7192.54,8.29096
16887.4,-7194.34,8.29946
16891.6,-7196.14,8.72601
16895.9,-7197.94,9.52979
16900.1,-7199.74,10.6243
