4.32634,-1.8,0.4614
8.81514,-3.6,0.466461
13.0517,-5.4,0.466461
17.2754,-7.2,0.468136
21.4925,-9,1.18826
25.7031,-10.8,1.99716
29.9438,-12.6,2.82611
34.1613,-14.4,3.6547
38.3752,-16.2,5.26688
42.5935,-18,6.88222
46.8007,-19.8,8.4926
51.0144,-21.6,10.346
55.2342,-23.4,12.2023
59.4485,-25.2,14.0562
63.6661,-27,15.9116
67.8819,-28.8,17.8344
72.1032,-30.6,19.7608
76.314,-32.4,21.6821
80.6208,-34.2,23.6337
84.8447,-36,25.6338
89.0605,-37.8,27.5875
93.279,-39.6,29.5418
97.4949,-41.4,31.4566
101.716,-43.2,33.374
105.93,-45,35.2871
110.144,-46.8,37.202
114.37,-48.6,38.9276
118.585,-50.4,40.6499
122.804,-52.2,42.3731
127.018,-54,44.1366
131.262,-55.8,45.9131
135.482,-57.6,47.6792
139.7,-59.4,49.4552
143.923,-61.2,51.2324
148.138,-63,53.0074
152.356,-64.8,54.7834
156.57,-66.6,56.496
160.787,-68.4,58.2103
165.007,-70.2,59.9252
169.221,-72,61.6382
173.471,-73.8,63.4745
177.69,-75.6,65.2968
181.909,-77.4,67.1202
186.124,-79.2,68.9609
190.341,-81,70.8026
194.559,-82.8,72.6447
198.774,-84.6,74.4857
202.993,-86.4,76.3192
207.208,-88.2,78.1507
211.472,-90,80.0037
215.691,-91.8,81.8232
219.911,-93.6,83.6426
224.13,-95.4,85.4629
228.344,-97.2,87.2803
232.587,-99,88.9419
236.803,-100.8,90.5927
241.016,-102.6,92.2426
245.236,-104.4,93.8351
249.452,-106.2,95.4267
253.67,-108,97.0189
257.883,-109.8,98.6091
262.102,-111.6,100.173
266.314,-113.4,101.736
270.527,-115.2,103.298
274.747,-117,104.833
278.962,-118.8,106.367
283.18,-120.6,107.902
287.392,-122.4,109.435
291.612,-124.2,110.963
295.825,-126,112.49
300.039,-127.8,114.017
304.256,-129.6,115.545
308.473,-131.4,117.126
312.692,-133.2,118.709
316.907,-135,120.29
321.122,-136.8,121.741
325.342,-138.6,123.194
329.557,-140.4,124.645
333.798,-142.2,126.106
338.014,-144,127.76
342.235,-145.8,129.416
346.447,-147.6,131.069
350.662,-149.4,132.911
354.883,-151.2,134.756
359.096,-153,136.597
363.313,-154.8,138.44
367.528,-156.6,140.311
371.75,-158.4,142.185
375.962,-160.2,144.056
380.178,-162,145.866
384.399,-163.8,147.68
388.613,-165.6,149.49
392.83,-167.4,151.301
397.039,-169.2,153.148
401.255,-171,154.997
405.473,-172.8,156.848
409.685,-174.6,158.696
413.908,-176.4,160.536
418.124,-178.2,162.373
422.341,-180,164.21
426.555,-181.8,165.989
430.77,-183.6,167.769
435.012,-185.4,169.559
439.223,-187.2,171.337
443.444,-189,173.117
447.659,-190.8,174.896
451.878,-192.6,176.675
456.091,-194.4,178.48
460.306,-196.2,180.286
464.523,-198,182.092
468.735,-199.8,183.896
472.952,-201.6,185.715
477.165,-203.4,187.533
481.379,-205.2,189.35
485.597,-207,191.15
489.815,-208.8,192.949
494.032,-210.6,194.748
498.245,-212.4,196.546
502.465,-214.2,198.347
506.68,-216,200.147
510.894,-217.8,201.947
515.119,-219.6,203.828
519.336,-221.4,205.706
523.554,-223.2,207.584
527.767,-225,209.46
532.014,-226.8,211.282
536.253,-228.6,213.102
540.469,-230.4,214.911
544.688,-232.2,216.721
548.903,-234,218.445
553.124,-235.8,220.171
557.338,-237.6,221.894
561.558,-239.4,223.722
565.772,-241.2,225.547
569.985,-243,227.372
574.202,-244.8,229.198
578.42,-246.6,231.066
582.641,-248.4,232.934
586.854,-250.2,234.8
591.069,-252,236.612
595.289,-253.8,238.425
599.504,-255.6,240.236
603.724,-257.4,242.049
607.938,-259.2,243.845
612.158,-261,245.644
616.373,-262.8,247.44
620.591,-264.6,249.223
624.811,-266.4,251.007
629.024,-268.2,252.789
633.241,-270,254.572
637.479,-271.8,256.452
641.699,-273.6,258.325
645.912,-275.4,260.194
650.126,-277.2,262.064
654.346,-279,263.959
658.562,-280.8,265.855
662.78,-282.6,267.75
667.017,-284.4,269.632
671.234,-286.2,271.504
675.452,-288,273.377
679.666,-289.8,275.249
683.885,-291.6,277.104
688.101,-293.4,278.959
692.32,-295.2,280.814
696.535,-297,282.699
700.753,-298.8,284.586
704.972,-300.6,286.473
709.185,-302.4,288.357
713.404,-304.2,290.238
717.625,-306,292.12
721.844,-307.8,294.001
726.058,-309.6,295.829
730.275,-311.4,297.657
734.494,-313.2,299.487
738.733,-315,301.325
742.953,-316.8,303.205
747.167,-318.6,305.083
751.38,-320.4,306.96
755.604,-322.2,308.914
759.822,-324,310.866
764.041,-325.8,312.818
768.255,-327.6,314.768
772.475,-329.4,316.682
776.69,-331.2,318.595
780.904,-333,320.508
785.122,-334.8,322.421
789.389,-336.6,324.403
793.611,-338.4,326.364
797.826,-340.2,328.322
802.272,-342,330.412
806.488,-343.8,332.395
810.702,-345.6,334.378
814.925,-347.4,336.364
819.142,-349.2,338.326
823.363,-351,340.289
827.578,-352.8,342.25
831.8,-354.6,344.233
836.016,-356.4,346.214
840.256,-358.2,348.205
844.476,-360,350.184
848.692,-361.8,352.155
852.912,-363.6,354.123
857.125,-365.4,356.077
861.342,-367.2,357.992
865.563,-369,359.281
869.778,-370.8,357.799
873.996,-372.6,355.875
878.212,-374.4,353.925
882.434,-376.199,351.963
886.649,-377.999,349.999
890.944,-379.799,347.985
895.166,-381.599,346.004
899.381,-383.399,344.025
903.61,-385.199,342.04
907.881,-386.999,340.054
912.212,-388.799,338.028
916.433,-390.599,336.058
920.65,-392.399,334.086
924.873,-394.199,332.111
929.089,-395.999,330.139
933.309,-397.799,328.166
937.524,-399.599,326.198
941.791,-401.399,324.208
946.005,-403.199,322.239
950.22,-404.999,320.272
954.44,-406.799,318.552
958.657,-408.599,316.833
962.877,-410.399,315.113
967.092,-412.199,313.314
971.31,-413.999,311.513
975.53,-415.799,309.713
979.744,-417.599,307.913
983.964,-419.399,306.187
988.184,-421.199,304.462
992.404,-422.999,302.736
996.62,-424.799,300.993
1000.84,-426.599,299.249
1005.06,-428.399,297.505
1009.27,-430.199,295.762
1013.49,-431.999,293.929
1017.71,-433.799,292.094
1021.93,-435.599,290.261
1026.15,-437.399,288.422
1030.37,-439.199,286.58
1034.59,-440.999,284.738
1038.8,-442.799,282.898
1043.17,-444.599,281.002
1047.39,-446.399,279.174
1051.61,-448.199,277.345
1055.83,-449.999,275.535
1060.05,-451.799,273.724
1064.27,-453.599,271.912
1068.48,-455.399,270.103
1072.7,-457.199,268.476
1076.92,-458.999,266.85
1081.13,-460.799,265.224
1085.35,-462.599,263.632
1089.57,-464.399,262.041
1093.79,-466.199,260.449
1098.01,-467.999,258.859
1102.23,-469.799,257.258
1106.45,-471.599,255.658
1110.67,-473.399,254.058
1114.89,-475.199,252.458
1119.11,-476.999,250.912
1123.33,-478.799,249.367
1127.55,-480.599,247.824
1131.77,-482.399,246.3
1135.99,-484.199,244.779
1140.2,-485.999,243.258
1144.45,-487.799,241.725
1148.67,-489.599,240.1
1152.89,-491.399,238.473
1157.11,-493.199,236.85
1161.32,-494.999,235.359
1165.55,-496.799,233.866
1169.77,-498.599,232.376
1173.99,-500.399,230.884
1178.2,-502.199,229.382
1182.42,-503.999,227.878
1186.64,-505.799,226.376
1190.85,-507.599,224.874
1195.35,-509.399,223.222
1199.56,-511.199,221.674
1203.78,-512.999,220.125
1208,-514.799,218.59
1212.22,-516.599,217.053
1216.44,-518.399,215.517
1220.66,-520.199,213.978
1224.88,-521.999,212.436
1229.1,-523.799,210.898
1233.31,-525.599,209.359
1237.53,-527.398,207.641
1241.75,-529.198,205.921
1245.99,-530.998,204.194
1250.21,-532.798,202.476
1254.43,-534.598,200.623
1258.65,-536.398,198.772
1262.87,-538.198,196.919
1267.08,-539.998,195.089
1271.3,-541.798,193.258
1275.52,-543.598,191.427
1279.73,-545.398,189.597
1283.95,-547.198,187.794
1288.17,-548.998,185.992
1292.39,-550.798,184.189
1296.61,-552.598,182.405
1300.82,-554.398,180.62
1305.04,-556.198,178.834
1309.26,-557.998,177.05
1313.47,-559.798,175.249
1317.7,-561.598,173.446
1321.92,-563.398,171.644
1326.13,-565.198,169.755
1330.35,-566.998,167.865
1334.57,-568.798,165.974
1338.79,-570.598,164.085
1343.01,-572.398,162.239
1347.29,-574.198,160.368
1351.51,-575.998,158.524
1355.73,-577.798,156.695
1359.95,-579.598,154.865
1364.17,-581.398,153.034
1368.38,-583.198,151.205
1372.6,-584.998,149.448
1376.82,-586.798,147.692
1381.03,-588.598,145.937
1385.25,-590.398,144.18
1389.75,-592.198,142.294
1393.97,-593.998,140.523
1398.18,-595.798,138.755
1402.4,-597.598,137.092
1406.62,-599.398,135.431
1410.84,-601.198,133.77
1415.05,-602.998,132.108
1419.27,-604.798,130.235
1423.5,-606.598,128.361
1427.72,-608.398,126.488
1431.94,-610.198,124.564
1436.15,-611.998,122.643
1440.37,-613.798,120.722
1444.59,-615.598,118.8
1448.83,-617.398,116.901
1453.05,-619.198,115.01
1457.27,-620.998,113.121
1461.5,-622.798,111.188
1465.71,-624.598,109.257
1469.93,-626.398,107.327
1474.14,-628.198,105.396
1478.52,-629.998,103.467
1482.75,-631.798,101.607
1486.96,-633.598,99.7522
1491.17,-635.398,97.8961
1495.4,-637.198,96.0788
1499.68,-638.998,94.2348
1503.9,-640.798,92.4169
1508.12,-642.598,90.5956
1512.34,-644.398,88.7708
1516.56,-646.198,86.9485
1520.78,-647.998,85.1343
1525,-649.798,83.3188
1529.22,-651.598,81.5057
1533.44,-653.398,79.6908
1537.77,-655.198,77.8243
1541.99,-656.998,76.0065
1546.21,-658.798,74.1928
1550.45,-660.598,72.3678
1554.67,-662.398,70.535
1558.89,-664.198,68.703
1563.11,-665.998,66.8703
1567.33,-667.798,65.0247
1571.55,-669.598,63.1768
1575.76,-671.398,61.3329
1579.98,-673.198,59.4885
1584.2,-674.997,57.615
1588.42,-676.797,55.7421
1592.64,-678.597,53.8685
1596.85,-680.397,51.9472
1601.07,-682.197,50.0241
1605.29,-683.997,48.1012
1609.5,-685.797,46.1807
1613.72,-687.597,44.2416
1617.95,-689.397,42.3009
1622.17,-691.197,40.3611
1626.38,-692.997,38.4272
1630.6,-694.797,36.492
1634.82,-696.597,34.5562
1639.04,-698.397,32.6212
1643.26,-700.197,30.6989
1647.48,-701.997,28.7778
1651.72,-703.797,26.843
1655.94,-705.597,24.9236
1660.16,-707.397,22.9796
1664.38,-709.197,21.0347
1668.6,-710.997,19.0933
1672.82,-712.797,17.1459
1677.04,-714.597,15.2007
1681.25,-716.397,13.2568
1685.47,-718.197,11.3116
1689.96,-719.997,9.23303
1694.19,-721.797,7.28102
1698.4,-723.597,5.33864
1702.62,-725.397,3.42516
1706.83,-727.197,1.59541
1711.05,-728.997,0.956127
1715.27,-730.797,2.61731
1719.48,-732.597,4.54369
1723.7,-734.397,6.50322
1727.92,-736.197,8.46775
1732.13,-737.997,10.443
1736.34,-739.797,12.4176
1740.55,-741.597,14.3963
1744.77,-743.397,16.3781
1748.99,-745.197,18.3497
1753.24,-746.997,20.3373
1757.46,-748.797,22.3106
1761.68,-750.597,24.2902
1765.89,-752.397,26.2672
1770.11,-754.197,28.2435
1774.33,-755.997,30.2214
1778.54,-757.797,32.1789
1782.77,-759.597,34.1402
1786.98,-761.397,36.0967
1791.2,-763.197,38.0542
1795.42,-764.997,39.8004
1799.63,-766.797,41.5457
1803.85,-768.597,43.2923
1808.07,-770.397,45.0173
1812.29,-772.197,46.7444
1816.51,-773.997,48.4707
1820.82,-775.797,50.3041
1825.05,-777.597,52.0987
1829.26,-779.397,53.8906
1833.48,-781.197,55.6836
1837.7,-782.997,57.4299
1841.92,-784.797,59.1791
1846.13,-786.597,60.9242
1850.35,-788.397,62.6697
1854.59,-790.197,64.5044
1858.81,-791.997,66.3281
1863.03,-793.797,68.1532
1867.28,-795.597,70.028
1871.5,-797.397,71.894
1875.71,-799.197,73.7561
1879.93,-800.997,75.6187
1884.15,-802.797,77.4719
1888.37,-804.597,79.3245
1892.59,-806.397,81.178
1896.81,-808.197,83.0157
1901.02,-809.997,84.8544
1905.24,-811.797,86.6936
1909.46,-813.597,88.5306
1913.77,-815.397,90.2418
1917.99,-817.197,91.9179
1922.21,-818.997,93.5936
1926.43,-820.797,95.2669
1930.64,-822.596,96.8664
1934.86,-824.396,98.4675
1939.08,-826.196,100.066
1943.3,-827.996,101.633
1947.52,-829.796,103.199
1951.74,-831.596,104.766
1955.95,-833.396,106.31
1960.17,-835.196,107.856
1964.39,-836.996,109.401
1968.6,-838.796,110.945
1972.82,-840.596,112.527
1977.04,-842.396,114.106
1981.25,-844.196,115.686
1985.47,-845.996,117.266
1989.69,-847.796,118.819
1993.91,-849.596,120.376
1998.12,-851.396,121.929
2002.35,-853.196,123.453
2006.56,-854.996,124.975
2010.78,-856.796,126.496
2015,-858.596,128.02
2019.22,-860.396,129.562
2023.44,-862.196,131.105
2027.66,-863.996,132.646
2031.88,-865.796,134.149
2036.09,-867.596,135.65
2040.31,-869.396,137.151
2044.53,-871.196,138.653
2048.77,-872.996,140.18
2052.99,-874.796,141.701
2057.23,-876.596,143.228
2061.48,-878.396,145.071
2065.7,-880.196,146.899
2069.91,-881.996,148.725
2074.13,-883.796,150.553
2078.35,-885.596,152.435
2082.57,-887.396,154.32
2086.78,-889.196,156.201
2091,-890.996,158.082
2095.22,-892.796,159.919
2099.43,-894.596,161.756
2103.65,-896.396,163.594
2108.02,-898.196,165.431
2112.24,-899.996,167.206
2116.46,-901.796,168.978
2120.68,-903.596,170.752
2124.89,-905.396,172.526
2129.11,-907.196,174.298
2133.33,-908.996,176.071
2137.55,-910.796,177.902
2141.77,-912.596,179.736
2145.98,-914.396,181.565
2150.19,-916.196,183.395
2154.41,-917.996,185.24
2158.66,-919.796,187.095
2162.88,-921.596,188.939
2167.09,-923.396,190.73
2171.31,-925.196,192.522
2175.53,-926.996,194.314
2179.74,-928.796,196.105
2183.96,-930.596,197.901
2188.18,-932.396,199.696
2192.4,-934.196,201.492
2196.82,-935.996,203.367
2201.04,-937.796,205.157
2205.26,-939.596,206.947
2209.47,-941.396,208.735
2213.7,-943.196,210.534
2217.92,-944.996,212.333
2222.14,-946.796,214.133
2226.35,-948.596,215.929
2230.57,-950.396,217.731
2234.79,-952.196,219.535
2239.01,-953.996,221.337
2243.23,-955.796,223.03
2247.44,-957.596,224.722
2251.66,-959.396,226.416
2256.07,-961.196,228.39
2260.31,-962.996,230.294
2264.53,-964.796,232.186
2268.75,-966.596,234.077
2272.97,-968.396,235.855
2277.19,-970.195,237.631
2281.43,-971.995,239.42
2285.65,-973.795,241.198
2289.87,-975.595,243.023
2294.09,-977.395,244.852
2298.3,-979.195,246.678
2302.53,-980.995,248.5
2306.74,-982.795,250.318
2310.96,-984.595,252.137
2315.17,-986.395,253.957
2319.39,-988.195,255.684
2323.61,-989.995,257.413
2327.83,-991.795,259.139
2332.05,-993.595,260.931
2336.27,-995.395,262.72
2340.48,-997.195,264.51
2344.7,-998.995,266.3
2348.92,-1000.8,268.085
2353.14,-1002.6,269.871
2357.35,-1004.4,271.655
2361.58,-1006.2,273.52
2365.79,-1008,275.383
2370.01,-1009.8,277.246
2374.23,-1011.6,279.11
2378.44,-1013.4,280.952
2382.66,-1015.2,282.797
2386.88,-1017,284.637
2391.09,-1018.8,286.479
2395.31,-1020.6,288.302
2399.53,-1022.4,290.125
2403.75,-1024.2,291.949
2408.01,-1026,293.76
2412.35,-1027.8,295.613
2416.56,-1029.6,297.41
2420.79,-1031.4,299.211
2425.01,-1033.2,301.032
2429.23,-1035,302.851
2433.45,-1036.8,304.672
2437.67,-1038.6,306.573
2441.89,-1040.4,308.477
2446.1,-1042.2,310.376
2450.32,-1044,312.276
2454.54,-1045.8,314.107
2458.76,-1047.6,315.937
2463.02,-1049.4,317.785
2467.23,-1051.2,319.621
2471.48,-1053,321.473
2475.7,-1054.8,323.309
2479.91,-1056.6,325.144
2484.13,-1058.4,326.964
2488.35,-1060.2,328.784
2492.57,-1062,330.603
2497.06,-1063.8,332.545
2501.28,-1065.6,334.373
2505.5,-1067.4,336.2
2509.72,-1069.2,338.024
2513.94,-1071,339.811
2518.16,-1072.8,341.598
2522.38,-1074.6,343.384
2526.6,-1076.4,345.166
2530.81,-1078.2,347.011
2535.03,-1080,348.86
2539.25,-1081.8,350.705
2543.47,-1083.6,352.551
2547.68,-1085.4,354.395
2551.9,-1087.2,356.231
2556.12,-1089,358.039
2560.61,-1090.8,359.419
2564.86,-1092.6,357.974
2569.08,-1094.4,356.173
2573.3,-1096.2,354.379
2577.52,-1098,352.578
2581.74,-1099.8,350.774
2585.95,-1101.6,348.972
2590.17,-1103.4,347.137
2594.39,-1105.2,345.299
2598.6,-1107,343.463
2602.83,-1108.8,341.613
2607.04,-1110.6,339.764
2611.26,-1112.4,337.916
2615.48,-1114.2,336.066
2619.7,-1116,334.219
2623.92,-1117.8,332.371
2628.14,-1119.6,330.526
2632.36,-1121.4,328.652
2636.57,-1123.2,326.781
2640.79,-1125,324.909
2645.01,-1126.8,323.036
2649.27,-1128.6,321.194
2653.49,-1130.4,319.368
2657.71,-1132.2,317.544
2661.93,-1134,315.718
2666.17,-1135.8,313.975
2670.39,-1137.6,312.24
2674.61,-1139.4,310.505
2678.82,-1141.2,308.738
2683.04,-1143,306.968
2687.26,-1144.8,305.2
2691.48,-1146.6,303.44
2695.7,-1148.4,301.681
2699.92,-1150.2,299.923
2704.14,-1152,298.163
2708.36,-1153.8,296.37
2712.58,-1155.6,294.575
2716.79,-1157.4,292.783
2721.01,-1159.2,290.99
2725.23,-1161,289.147
2729.45,-1162.8,287.305
2733.67,-1164.6,285.462
2737.89,-1166.4,283.63
2742.11,-1168.2,281.796
2746.32,-1170,279.966
2750.54,-1171.8,278.136
2754.76,-1173.6,276.328
2758.98,-1175.4,274.522
2763.2,-1177.2,272.714
2767.44,-1179,270.953
2771.67,-1180.8,269.2
2775.88,-1182.6,267.451
2780.1,-1184.4,265.701
2784.32,-1186.2,264.091
2788.53,-1188,262.48
2792.75,-1189.8,260.869
2796.97,-1191.6,259.26
2801.5,-1193.4,257.512
2805.72,-1195.2,255.879
2809.93,-1197,254.25
2814.16,-1198.8,252.66
2818.38,-1200.6,251.07
2822.6,-1202.4,249.481
2826.81,-1204.2,247.799
2831.03,-1206,246.115
2835.25,-1207.8,244.431
2839.47,-1209.6,242.748
2843.69,-1211.4,240.947
2847.9,-1213.2,239.148
2852.12,-1215,237.347
2856.34,-1216.8,235.549
2860.82,-1218.6,233.728
2865.05,-1220.4,232.014
2869.29,-1222.2,230.293
2873.51,-1224,228.453
2877.73,-1225.8,226.616
2881.95,-1227.6,224.778
2886.16,-1229.4,222.943
2890.37,-1231.2,221.149
2894.6,-1233,219.353
2898.81,-1234.8,217.559
2903.04,-1236.6,215.702
2907.26,-1238.4,213.846
2911.48,-1240.2,211.99
2915.69,-1242,210.139
2919.91,-1243.8,208.347
2924.14,-1245.6,206.555
2928.35,-1247.4,204.766
2932.63,-1249.2,202.874
2936.84,-1251,201.01
2941.06,-1252.8,199.146
2945.28,-1254.6,197.281
2949.54,-1256.4,195.415
2953.77,-1258.2,193.567
2957.98,-1260,191.723
2962.2,-1261.8,189.93
2966.42,-1263.6,188.14
2970.66,-1265.4,186.339
2974.88,-1267.2,184.547
2979.09,-1269,182.787
2983.31,-1270.8,181.024
2987.53,-1272.6,179.264
2991.75,-1274.4,177.431
2995.97,-1276.2,175.601
3000.18,-1278,173.771
3004.4,-1279.8,171.94
3008.88,-1281.6,170.067
3013.1,-1283.4,168.302
3017.31,-1285.2,166.54
3021.53,-1287,164.775
3025.75,-1288.8,163.048
3029.97,-1290.6,161.32
3034.19,-1292.4,159.59
3038.4,-1294.2,157.805
3042.62,-1296,156.018
3046.84,-1297.8,154.234
3051.05,-1299.6,152.451
3055.27,-1301.4,150.582
3059.49,-1303.2,148.714
3063.71,-1305,146.846
3067.92,-1306.8,145.043
3072.17,-1308.6,143.226
3076.38,-1310.4,141.424
3080.6,-1312.2,139.622
3084.81,-1314,137.85
3089.03,-1315.8,136.079
3093.25,-1317.6,134.307
3097.47,-1319.4,132.507
3101.69,-1321.2,130.706
3105.9,-1323,128.909
3110.11,-1324.8,127.11
3114.33,-1326.6,125.31
3118.55,-1328.4,123.511
3122.77,-1330.2,121.712
3126.99,-1332,119.851
3131.2,-1333.8,117.988
3135.42,-1335.6,116.125
3139.64,-1337.4,114.263
3143.9,-1339.2,112.39
3148.12,-1341,110.54
3152.34,-1342.8,108.688
3156.55,-1344.6,106.839
3160.76,-1346.4,105.033
3164.98,-1348.2,103.225
3169.2,-1350,101.419
3173.44,-1351.8,99.5685
3177.66,-1353.6,97.7298
3181.88,-1355.4,95.8902
3186.09,-1357.2,94.0536
3190.31,-1359,92.2341
3194.53,-1360.8,90.4108
3198.74,-1362.6,88.5907
3202.96,-1364.4,86.7726
3207.18,-1366.2,84.9564
3211.42,-1368,83.1297
3215.64,-1369.8,81.3107
3219.85,-1371.6,79.495
3224.08,-1373.4,77.6761
3228.29,-1375.2,75.8615
3232.71,-1377,73.9226
3236.92,-1378.8,72.0707
3241.14,-1380.6,70.2191
3245.36,-1382.4,68.3662
3249.57,-1384.2,66.5705
3253.79,-1386.01,64.7721
3258.01,-1387.81,62.9765
3262.23,-1389.61,61.1789
3266.44,-1391.41,59.4088
3270.66,-1393.21,57.6368
3274.9,-1395.01,55.8533
3279.12,-1396.81,54.0867
3283.34,-1398.61,52.3182
3287.56,-1400.41,50.5513
3291.95,-1402.21,48.6643
3296.17,-1404.01,46.8527
3300.38,-1405.81,45.0412
3304.6,-1407.61,43.2286
3308.82,-1409.41,41.4163
3313.04,-1411.21,39.6021
3317.26,-1413.01,37.7875
3321.48,-1414.81,35.9722
3325.7,-1416.61,34.1172
3329.92,-1418.41,32.2606
3334.13,-1420.21,30.4032
3338.35,-1422.01,28.5175
3342.57,-1423.81,26.6271
3346.79,-1425.61,24.7421
3351,-1427.41,22.8568
3355.22,-1429.21,20.9776
3359.44,-1431.01,19.0989
3363.66,-1432.81,17.2188
3367.87,-1434.61,15.3196
3372.09,-1436.41,13.4174
3376.33,-1438.21,11.5071
3380.55,-1440.01,9.60775
3384.91,-1441.81,7.65133
3389.12,-1443.61,5.75968
3393.34,-1445.41,3.86762
3397.55,-1447.21,1.97668
3401.77,-1449.01,0.176939
3405.98,-1450.81,1.82515
3410.2,-1452.61,3.71482
3414.41,-1454.41,5.62515
3418.63,-1456.21,7.53466
3422.85,-1458.01,9.44654
3427.06,-1459.81,11.3797
3431.28,-1461.61,13.3158
3435.5,-1463.41,15.2529
3439.71,-1465.21,17.1876
3444.15,-1467.01,19.2376
3448.37,-1468.81,21.186
3452.59,-1470.61,23.1349
3456.8,-1472.41,25.0804
3461.01,-1474.21,27.0177
3465.23,-1476.01,28.9577
3469.45,-1477.81,30.8954
3473.67,-1479.61,32.8474
3477.91,-1481.41,34.81
3482.13,-1483.21,36.7613
3486.35,-1485.01,38.7097
3490.56,-1486.81,40.56
3494.78,-1488.61,42.414
3499,-1490.41,44.2651
3503.22,-1492.21,45.9982
3507.44,-1494.01,47.7301
3511.66,-1495.81,49.4633
3515.87,-1497.61,51.1933
3520.09,-1499.41,52.9468
3524.31,-1501.21,54.7022
3528.52,-1503.01,56.4552
3532.95,-1504.81,58.2902
3537.17,-1506.61,60.0349
3541.38,-1508.41,61.7786
3545.6,-1510.21,63.5253
3549.82,-1512.01,65.2732
3554.04,-1513.81,67.0232
3558.26,-1515.61,68.7714
3562.48,-1517.41,70.5973
3566.69,-1519.21,72.4207
3570.91,-1521.01,74.2444
3575.13,-1522.81,76.0693
3579.37,-1524.61,77.8791
3583.59,-1526.41,79.681
3587.81,-1528.21,81.4796
3592.2,-1530.01,83.3578
3596.42,-1531.81,85.1586
3600.63,-1533.61,86.9602
3604.85,-1535.41,88.7629
3609.07,-1537.21,90.4831
3613.29,-1539.01,92.2062
3617.5,-1540.81,93.9269
3621.73,-1542.61,95.6502
3625.94,-1544.41,97.2298
3630.16,-1546.21,98.8108
3634.38,-1548.01,100.392
3638.59,-1549.81,101.904
3642.81,-1551.61,103.419
3647.07,-1553.41,104.945
3651.28,-1555.21,106.457
3655.5,-1557.01,107.972
3659.72,-1558.81,109.486
3663.94,-1560.61,111.001
3668.15,-1562.41,112.532
3672.37,-1564.21,114.064
3676.58,-1566.01,115.594
3680.82,-1567.81,117.134
3685.15,-1569.61,118.7
3689.37,-1571.41,120.225
3693.59,-1573.21,121.752
3697.81,-1575.01,123.524
3702.03,-1576.81,125.299
3706.24,-1578.61,127.07
3710.45,-1580.41,128.841
3714.67,-1582.21,130.657
3718.89,-1584.01,132.47
3723.12,-1585.81,134.286
3727.33,-1587.61,136.123
3731.55,-1589.41,137.963
3735.77,-1591.21,139.8
3739.98,-1593.01,141.638
3744.4,-1594.81,143.512
3748.61,-1596.61,145.302
3752.83,-1598.41,147.093
3757.04,-1600.21,148.881
3761.26,-1602.01,150.643
3765.48,-1603.81,152.409
3769.69,-1605.61,154.172
3773.91,-1607.41,156.014
3778.13,-1609.21,157.855
3782.38,-1611.01,159.707
3786.59,-1612.81,161.547
3790.8,-1614.61,163.331
3795.03,-1616.41,165.117
3799.24,-1618.21,166.901
3803.46,-1620.01,168.69
3807.68,-1621.81,170.477
3811.9,-1623.61,172.265
3816.11,-1625.41,174.05
3820.32,-1627.21,175.856
3824.54,-1629.01,177.664
3828.76,-1630.81,179.47
3833.2,-1632.61,181.37
3837.42,-1634.41,183.174
3841.64,-1636.21,184.98
3845.85,-1638.01,186.782
3850.07,-1639.81,188.524
3854.29,-1641.61,190.268
3858.5,-1643.41,192.01
3862.72,-1645.21,193.838
3866.93,-1647.01,195.664
3871.15,-1648.81,197.49
3875.37,-1650.61,199.318
3879.58,-1652.41,201.119
3883.83,-1654.21,202.936
3888.05,-1656.01,204.74
3892.27,-1657.81,206.544
3896.48,-1659.61,208.339
3900.7,-1661.41,210.135
3904.92,-1663.21,211.933
3909.18,-1665.01,213.753
3913.5,-1666.81,215.615
3917.72,-1668.61,217.425
3921.94,-1670.41,219.24
3926.16,-1672.21,220.987
3930.38,-1674.01,222.734
3934.6,-1675.81,224.483
3938.82,-1677.61,226.264
3943.04,-1679.41,228.049
3947.26,-1681.21,229.832
3951.48,-1683.01,231.615
3955.69,-1684.81,233.407
3959.91,-1686.61,235.201
3964.13,-1688.41,236.996
3968.34,-1690.21,238.822
3972.56,-1692.01,240.652
3976.78,-1693.81,242.478
3980.99,-1695.61,244.305
3985.45,-1697.41,246.265
3989.66,-1699.21,248.122
3993.89,-1701.01,249.984
3998.92,-1702.81,252.088
4003.15,-1704.61,253.857
4007.4,-1706.41,255.628
4011.81,-1708.21,257.476
4016.2,-1710.01,259.293
4020.6,-1711.81,261.114
4025.06,-1713.61,262.956
4029.55,-1715.41,264.874
4034.11,-1717.21,266.83
4038.49,-1719.01,268.703
4042.83,-1720.81,270.413
4047.06,-1722.61,272.072
4051.28,-1724.41,273.726
4055.5,-1726.21,275.383
4059.93,-1728.01,277.203
4064.15,-1729.81,278.938
4068.37,-1731.61,280.671
4072.59,-1733.41,282.404
4076.8,-1735.21,284.245
4081.02,-1737.01,286.088
4085.27,-1738.81,287.945
4089.49,-1740.61,289.817
4093.71,-1742.41,291.69
4097.93,-1744.21,293.562
4102.15,-1746.01,295.434
4106.36,-1747.81,297.238
4110.58,-1749.61,299.043
4114.8,-1751.41,300.849
4119.02,-1753.21,302.631
4123.24,-1755.02,304.417
4127.46,-1756.82,306.199
4131.68,-1758.62,307.982
4135.89,-1760.42,309.779
4140.11,-1762.22,311.577
4144.33,-1764.02,313.377
4148.55,-1765.82,315.221
4152.77,-1767.62,317.068
4156.98,-1769.42,318.909
4161.2,-1771.22,320.752
4165.42,-1773.02,322.548
4169.64,-1774.82,324.342
4173.86,-1776.62,326.137
4178.08,-1778.42,327.951
4182.3,-1780.22,329.766
4186.54,-1782.02,331.59
4190.76,-1783.82,333.404
4194.98,-1785.62,335.231
4199.2,-1787.42,337.058
4203.42,-1789.22,338.886
4207.63,-1791.02,340.711
4211.85,-1792.82,342.55
4216.07,-1794.62,344.387
4220.29,-1796.42,346.223
4224.51,-1798.22,348.066
4228.73,-1800.02,349.904
4232.95,-1801.82,351.742
4237.16,-1803.62,353.574
4241.38,-1805.42,355.429
4245.6,-1807.22,357.263
4249.81,-1809.02,358.944
4254.03,-1810.82,358.651
4258.25,-1812.62,356.87
4262.47,-1814.42,354.994
4266.68,-1816.22,353.103
4270.9,-1818.02,351.187
4275.11,-1819.82,349.265
4279.33,-1821.62,347.343
4283.55,-1823.42,345.419
4287.79,-1825.22,343.463
4292.01,-1827.02,341.517
4296.22,-1828.82,339.572
4300.44,-1830.62,337.632
4304.66,-1832.42,335.69
4308.87,-1834.22,333.749
4313.09,-1836.02,331.807
4317.31,-1837.82,329.86
4321.53,-1839.62,327.91
4325.75,-1841.42,325.962
4329.96,-1843.22,324.041
4334.18,-1845.02,322.118
4338.4,-1846.82,320.197
4342.62,-1848.62,318.273
4346.83,-1850.42,316.606
4351.11,-1852.22,314.913
4355.33,-1854.02,313.242
4359.54,-1855.82,311.531
4363.76,-1857.62,309.818
4367.98,-1859.42,308.106
4372.2,-1861.22,306.393
4376.41,-1863.02,304.665
4380.63,-1864.82,302.936
4384.85,-1866.62,301.205
4389.09,-1868.42,299.459
4393.31,-1870.22,297.723
4397.52,-1872.02,295.989
4401.74,-1873.82,294.253
4405.96,-1875.62,292.443
4410.17,-1877.42,290.632
4414.39,-1879.22,288.819
4418.61,-1881.02,286.96
4422.83,-1882.82,285.095
4427.05,-1884.62,283.235
4431.26,-1886.42,281.376
4435.48,-1888.22,279.531
4439.7,-1890.02,277.688
4443.92,-1891.82,275.843
4448.13,-1893.62,274.005
4452.35,-1895.42,272.167
4456.56,-1897.22,270.33
4460.78,-1899.02,268.492
4465,-1900.82,266.814
4469.21,-1902.62,265.138
4473.43,-1904.42,263.46
4477.65,-1906.22,261.783
4481.87,-1908.02,260.102
4486.08,-1909.82,258.424
4490.32,-1911.62,256.736
4494.55,-1913.42,255.077
4498.76,-1915.22,253.421
4502.98,-1917.02,251.763
4507.19,-1918.82,250.108
4511.44,-1920.62,248.468
4515.66,-1922.42,246.838
4519.88,-1924.22,245.209
4524.1,-1926.02,243.562
4528.32,-1927.82,241.917
4532.54,-1929.62,240.27
4536.75,-1931.42,238.626
4540.97,-1933.22,236.903
4545.19,-1935.02,235.179
4549.4,-1936.82,233.457
4553.62,-1938.62,231.788
4557.84,-1940.42,230.121
4562.06,-1942.22,228.453
4566.27,-1944.02,226.786
4570.48,-1945.82,224.947
4574.7,-1947.62,223.106
4578.92,-1949.42,221.267
4583.14,-1951.22,219.442
4587.35,-1953.02,217.619
4591.6,-1954.82,215.78
4595.82,-1956.62,213.957
4600.03,-1958.42,212.193
4604.25,-1960.22,210.428
4608.46,-1962.02,208.665
4612.68,-1963.82,206.9
4616.9,-1965.62,205.084
4621.11,-1967.42,203.268
4625.33,-1969.22,201.448
4629.55,-1971.02,199.644
4633.77,-1972.82,197.838
4637.98,-1974.62,196.034
4642.2,-1976.42,194.229
4646.41,-1978.22,192.44
4650.63,-1980.02,190.651
4654.85,-1981.82,188.859
4659.06,-1983.62,187.027
4663.28,-1985.42,185.193
4667.49,-1987.22,183.362
4671.71,-1989.02,181.529
4675.92,-1990.82,179.7
4680.14,-1992.62,177.87
4684.36,-1994.42,176.039
4688.57,-1996.22,174.233
4692.82,-1998.02,172.412
4697.03,-1999.82,170.606
4701.25,-2001.62,168.799
4705.46,-2003.42,167.02
4709.68,-2005.22,165.242
4713.9,-2007.02,163.462
4718.11,-2008.82,161.684
4722.34,-2010.62,159.889
4726.55,-2012.42,158.099
4730.76,-2014.22,156.307
4734.98,-2016.02,154.527
4739.2,-2017.82,152.748
4743.42,-2019.62,150.968
4747.63,-2021.42,149.189
4751.85,-2023.22,147.403
4756.06,-2025.02,145.62
4760.28,-2026.82,143.836
4764.5,-2028.62,142.047
4768.71,-2030.42,140.26
4772.92,-2032.22,138.474
4777.13,-2034.02,136.691
4781.34,-2035.82,134.789
4785.56,-2037.62,132.884
4789.77,-2039.42,130.981
4794.02,-2041.22,129.064
4798.23,-2043.02,127.277
4802.45,-2044.82,125.489
4806.66,-2046.62,123.704
4810.87,-2048.42,121.914
4815.09,-2050.22,120.122
4819.3,-2052.02,118.333
4823.52,-2053.82,116.541
4827.74,-2055.62,114.698
4831.95,-2057.42,112.853
4836.17,-2059.22,111.011
4840.38,-2061.02,109.244
4844.6,-2062.82,107.475
4848.81,-2064.62,105.708
4853.03,-2066.42,103.938
4857.26,-2068.22,102.107
4861.48,-2070.02,100.262
4865.69,-2071.82,98.4301
4869.9,-2073.62,96.666
4874.12,-2075.42,94.9006
4878.33,-2077.22,93.1367
4882.55,-2079.02,91.3716
4886.76,-2080.82,89.5298
4890.98,-2082.62,87.6864
4895.22,-2084.42,85.8302
4899.44,-2086.22,84.0234
4903.66,-2088.02,82.215
4907.87,-2089.82,80.408
4912.09,-2091.62,78.6
4916.3,-2093.42,76.7595
4920.52,-2095.22,74.9188
4924.74,-2097.02,73.0747
4928.95,-2098.82,71.2277
4933.17,-2100.62,69.3782
4937.39,-2102.42,67.5308
4941.6,-2104.22,65.6825
4945.92,-2106.02,63.7616
4950.14,-2107.82,61.8844
4954.36,-2109.62,60.0065
4958.57,-2111.42,58.1684
4962.79,-2113.22,56.3281
4967,-2115.02,54.4906
4971.21,-2116.82,52.6525
4975.43,-2118.62,50.825
4979.64,-2120.42,48.9994
4983.86,-2122.22,47.1723
4988.08,-2124.02,45.347
4992.29,-2125.82,43.5107
4996.53,-2127.62,41.6652
5000.75,-2129.43,39.8295
5004.96,-2131.23,37.9764
5009.18,-2133.03,36.1252
5013.4,-2134.83,34.272
5017.61,-2136.63,32.4206
5021.83,-2138.43,30.5678
5026.04,-2140.23,28.716
5030.26,-2142.03,26.8651
5034.47,-2143.83,25.0204
5038.69,-2145.63,23.1776
5042.9,-2147.43,21.3331
5047.12,-2149.23,19.4912
5051.37,-2151.03,17.6238
5055.59,-2152.83,15.7735
5059.8,-2154.63,13.9248
5064.02,-2156.43,12.0391
5068.23,-2158.23,10.1561
5072.45,-2160.03,8.27072
5076.66,-2161.83,6.39
5080.87,-2163.63,4.49293
5085.09,-2165.43,2.59871
5089.3,-2167.23,0.7486
5093.52,-2169.03,1.26608
5097.76,-2170.83,3.17885
5101.97,-2172.63,5.09966
5106.18,-2174.43,7.02001
5110.39,-2176.23,8.93942
5114.61,-2178.03,10.8611
5118.82,-2179.83,12.7822
5123.04,-2181.63,14.7072
5127.26,-2183.43,16.6282
5131.48,-2185.23,18.5511
5135.69,-2187.03,20.4707
5139.9,-2188.83,22.3819
5144.12,-2190.63,24.2953
5148.33,-2192.43,26.2063
5152.55,-2194.23,28.1195
5156.76,-2196.03,30.0248
5160.97,-2197.83,31.9304
5165.19,-2199.63,33.8385
5169.4,-2201.43,35.7444
5173.62,-2203.23,37.6517
5177.83,-2205.03,39.5572
5182.05,-2206.83,41.4644
5186.26,-2208.63,43.1353
5190.48,-2210.43,44.8072
5194.69,-2212.23,46.481
5198.93,-2214.03,48.2142
5203.15,-2215.83,49.9389
5207.37,-2217.63,51.6616
5211.59,-2219.43,53.3854
5215.8,-2221.23,55.1216
5220.01,-2223.03,56.8574
5224.23,-2224.83,58.5975
5228.45,-2226.63,60.3337
5232.67,-2228.43,62.0573
5236.88,-2230.23,63.7786
5241.09,-2232.03,65.5
5245.31,-2233.83,67.284
5249.52,-2235.63,69.0664
5253.74,-2237.43,70.8505
5257.95,-2239.23,72.6327
5262.17,-2241.03,74.4485
5266.38,-2242.83,76.2625
5270.6,-2244.63,78.0771
5274.81,-2246.43,79.8875
5279.03,-2248.23,81.6963
5283.25,-2250.03,83.5073
5287.46,-2251.83,85.3161
5291.68,-2253.63,87.1072
5295.89,-2255.43,88.8948
5300.13,-2257.23,90.6947
5304.35,-2259.03,92.3906
5308.56,-2260.83,94.0845
5312.78,-2262.63,95.78
5316.99,-2264.43,97.4728
5321.2,-2266.23,99.0586
5325.43,-2268.03,100.648
5329.64,-2269.83,102.234
5333.86,-2271.63,103.822
5338.07,-2273.43,105.381
5342.29,-2275.23,106.942
5346.5,-2277.03,108.501
5350.72,-2278.83,110.044
5354.93,-2280.63,111.589
5359.15,-2282.43,113.133
5363.37,-2284.23,114.678
5367.58,-2286.03,116.353
5371.8,-2287.83,118.03
5376.01,-2289.63,119.704
5380.23,-2291.43,121.559
5384.44,-2293.23,123.416
5388.66,-2295.03,125.271
5392.88,-2296.83,127.129
5397.09,-2298.63,128.827
5401.33,-2300.43,130.537
5405.55,-2302.23,132.239
5409.8,-2304.03,134.078
5414.12,-2305.83,135.961
5418.34,-2307.63,137.792
5422.56,-2309.43,139.625
5426.78,-2311.23,141.41
5430.99,-2313.03,143.193
5435.21,-2314.83,144.977
5439.43,-2316.63,146.797
5443.64,-2318.43,148.618
5447.86,-2320.23,150.438
5452.08,-2322.03,152.259
5456.29,-2323.83,154.047
5460.5,-2325.63,155.835
5464.72,-2327.43,157.624
5468.93,-2329.23,159.411
5473.15,-2331.03,161.26
5477.36,-2332.83,163.107
5481.58,-2334.63,164.956
5485.79,-2336.43,166.805
5490.01,-2338.23,168.655
5494.22,-2340.03,170.506
5498.43,-2341.83,172.355
5502.69,-2343.63,174.192
5506.91,-2345.43,176.01
5511.12,-2347.23,177.828
5515.34,-2349.03,179.609
5519.55,-2350.83,181.39
5523.77,-2352.63,183.174
5527.98,-2354.43,184.954
5532.2,-2356.23,186.732
5536.42,-2358.03,188.506
5540.63,-2359.83,190.282
5544.85,-2361.63,192.081
5549.06,-2363.43,193.878
5553.28,-2365.23,195.677
5557.49,-2367.03,197.475
5561.71,-2368.83,199.292
5565.92,-2370.63,201.107
5570.13,-2372.43,202.922
5574.35,-2374.23,204.714
5578.57,-2376.03,206.505
5582.78,-2377.83,208.297
5587,-2379.63,210.087
5591.21,-2381.43,211.894
5595.43,-2383.23,213.703
5599.64,-2385.03,215.511
5603.89,-2386.83,217.332
5608.1,-2388.63,219.105
5612.32,-2390.43,220.879
5616.53,-2392.23,222.651
5620.75,-2394.03,224.518
5624.97,-2395.83,226.39
5629.19,-2397.63,228.257
5633.4,-2399.43,230.127
5637.62,-2401.23,231.935
5641.83,-2403.03,233.746
5646.05,-2404.83,235.554
5650.26,-2406.63,237.336
5654.48,-2408.43,239.118
5658.69,-2410.23,240.899
5662.91,-2412.03,242.682
5667.12,-2413.83,244.505
5671.34,-2415.63,246.329
5675.55,-2417.43,248.155
5679.77,-2419.23,249.983
5683.99,-2421.03,251.814
5688.2,-2422.83,253.642
5692.42,-2424.63,255.473
5696.63,-2426.43,257.228
5700.85,-2428.23,258.984
5705.09,-2430.03,260.753
5709.31,-2431.83,262.527
5713.53,-2433.63,264.304
5717.74,-2435.43,266.078
5721.96,-2437.23,267.854
5726.17,-2439.03,269.721
5730.39,-2440.83,271.588
5734.61,-2442.63,273.456
5738.82,-2444.43,275.323
5743.04,-2446.23,277.244
5747.32,-2448.03,279.194
5751.54,-2449.83,281.116
5755.75,-2451.63,282.951
5759.97,-2453.43,284.788
5764.18,-2455.23,286.625
5768.4,-2457.03,288.461
5772.62,-2458.83,290.267
5776.83,-2460.63,292.069
5781.04,-2462.43,293.872
5785.26,-2464.23,295.703
5789.48,-2466.03,297.532
5793.7,-2467.83,299.363
5797.91,-2469.63,301.192
5802.13,-2471.43,303.001
5806.37,-2473.23,304.819
5810.58,-2475.03,306.627
5814.8,-2476.83,308.437
5819.02,-2478.63,310.306
5823.24,-2480.43,312.178
5827.46,-2482.23,314.053
5831.69,-2484.03,315.923
5835.9,-2485.83,317.791
5840.12,-2487.63,319.658
5844.34,-2489.43,321.507
5848.55,-2491.23,323.353
5852.77,-2493.03,325.201
5856.99,-2494.83,327.046
5861.2,-2496.64,328.896
5865.42,-2498.44,330.747
5869.64,-2500.24,332.597
5873.86,-2502.04,334.448
5878.07,-2503.84,336.336
5882.29,-2505.64,338.225
5886.51,-2507.44,340.112
5890.72,-2509.24,342.022
5894.94,-2511.04,343.934
5899.16,-2512.84,345.843
5903.38,-2514.64,347.753
5907.6,-2516.44,349.66
5911.81,-2518.24,351.565
5916.03,-2520.04,353.463
5920.24,-2521.84,355.342
5924.47,-2523.64,357.191
5928.69,-2525.44,358.822
5932.91,-2527.24,358.534
5937.12,-2529.04,356.812
5941.34,-2530.84,354.957
5945.56,-2532.64,353.073
5949.77,-2534.44,351.182
5953.99,-2536.24,349.278
5958.21,-2538.04,347.373
5962.43,-2539.84,345.466
5966.64,-2541.64,343.56
5970.86,-2543.44,341.652
5975.08,-2545.24,339.742
5979.29,-2547.04,337.834
5983.51,-2548.84,335.897
5987.73,-2550.64,333.963
5991.95,-2552.44,332.026
5996.16,-2554.24,330.101
6000.38,-2556.04,328.175
6004.62,-2557.84,326.236
6008.84,-2559.64,324.309
6013.06,-2561.44,322.375
6017.28,-2563.24,320.443
6021.5,-2565.04,318.509
6025.71,-2566.84,316.711
6029.93,-2568.64,314.913
6034.15,-2570.44,313.112
6038.36,-2572.24,311.313
6042.58,-2574.04,309.563
6046.8,-2575.84,307.816
6051.01,-2577.64,306.067
6055.23,-2579.44,304.301
6059.45,-2581.24,302.535
6063.67,-2583.04,300.769
6067.88,-2584.84,299.005
6072.1,-2586.64,297.269
6076.32,-2588.44,295.535
6080.53,-2590.24,293.8
6084.75,-2592.04,292.064
6088.97,-2593.84,290.24
6093.19,-2595.64,288.415
6097.4,-2597.44,286.591
6101.62,-2599.24,284.765
6105.86,-2601.04,282.931
6110.08,-2602.84,281.106
6114.3,-2604.64,279.28
6118.51,-2606.44,277.475
6122.73,-2608.24,275.668
6126.95,-2610.04,273.863
6131.17,-2611.84,272.073
6135.39,-2613.64,270.282
6139.6,-2615.44,268.492
6143.82,-2617.24,266.701
6148.04,-2619.04,264.968
6152.25,-2620.84,263.234
6156.47,-2622.64,261.501
6160.68,-2624.44,259.849
6164.9,-2626.24,258.195
6169.12,-2628.04,256.543
6173.34,-2629.84,254.888
6177.55,-2631.64,253.277
6181.77,-2633.44,251.664
6185.99,-2635.24,250.052
6190.2,-2637.04,248.443
6194.42,-2638.84,246.832
6198.63,-2640.64,245.223
6202.85,-2642.44,243.611
6207.09,-2644.24,241.972
6211.31,-2646.04,240.341
6215.53,-2647.84,238.708
6219.74,-2649.64,237.077
6223.97,-2651.44,235.497
6228.19,-2653.24,233.917
6232.41,-2655.04,232.337
6236.62,-2656.84,230.828
6240.84,-2658.64,229.318
6245.06,-2660.44,227.807
6249.27,-2662.24,226.298
6253.49,-2664.04,224.559
6257.71,-2665.84,222.823
6261.93,-2667.64,221.084
6266.14,-2669.44,219.245
6270.35,-2671.24,217.405
6274.57,-2673.04,215.563
6278.79,-2674.84,213.722
6283.01,-2676.64,211.902
6287.22,-2678.44,210.085
6291.52,-2680.24,208.233
6295.73,-2682.04,206.413
6299.95,-2683.84,204.591
6304.17,-2685.64,202.768
6308.41,-2687.44,200.935
6312.63,-2689.24,199.1
6316.84,-2691.04,197.269
6321.06,-2692.84,195.437
6325.28,-2694.64,193.635
6329.5,-2696.44,191.837
6333.72,-2698.24,190.038
6337.93,-2700.04,188.241
6342.15,-2701.84,186.461
6346.36,-2703.64,184.684
6350.58,-2705.44,182.905
6354.8,-2707.24,181.126
6359.01,-2709.04,179.339
6363.23,-2710.84,177.55
6367.44,-2712.64,175.763
6371.66,-2714.44,173.965
6375.88,-2716.24,172.17
6380.09,-2718.04,170.374
6384.31,-2719.84,168.568
6388.52,-2721.64,166.764
6392.74,-2723.44,164.958
6396.96,-2725.24,163.155
6401.17,-2727.04,161.344
6405.39,-2728.84,159.532
6409.63,-2730.64,157.709
6413.85,-2732.44,155.896
6418.07,-2734.24,154.076
6422.29,-2736.04,152.254
6426.51,-2737.84,150.432
6430.72,-2739.64,148.612
6434.94,-2741.44,146.79
6439.15,-2743.24,144.969
6443.42,-2745.04,143.129
6447.63,-2746.84,141.301
6451.85,-2748.64,139.472
6456.06,-2750.44,137.645
6460.28,-2752.24,135.859
6464.5,-2754.04,134.07
6468.71,-2755.84,132.284
6472.93,-2757.64,130.496
6477.15,-2759.44,128.702
6481.36,-2761.24,126.907
6485.58,-2763.04,125.112
6489.79,-2764.84,123.318
6494.01,-2766.64,121.524
6498.23,-2768.44,119.733
6502.44,-2770.24,117.939
6506.66,-2772.04,116.126
6510.9,-2773.84,114.3
6515.12,-2775.64,112.483
6519.33,-2777.44,110.666
6523.55,-2779.24,108.849
6527.77,-2781.04,107.031
6531.99,-2782.84,105.214
6536.2,-2784.64,103.421
6540.42,-2786.44,101.628
6544.63,-2788.24,99.8332
6548.85,-2790.04,98.0398
6553.07,-2791.84,96.2241
6557.28,-2793.64,94.4108
6561.5,-2795.44,92.5962
6565.71,-2797.24,90.7594
6569.93,-2799.04,88.9213
6574.15,-2800.84,87.0813
6578.36,-2802.64,85.2428
6582.58,-2804.44,83.399
6586.8,-2806.24,81.5585
6591.01,-2808.04,79.7164
6595.23,-2809.84,77.8971
6599.45,-2811.64,76.0761
6603.67,-2813.44,74.2564
6607.88,-2815.24,72.4385
6612.13,-2817.04,70.633
6616.34,-2818.84,68.8404
6620.56,-2820.64,67.0479
6624.78,-2822.44,65.253
6629,-2824.24,63.4545
6633.22,-2826.04,61.6561
6637.43,-2827.84,59.8603
6641.65,-2829.64,58.0583
6645.87,-2831.44,56.2588
6650.08,-2833.24,54.4589
6654.3,-2835.04,52.6569
6658.51,-2836.84,50.853
6662.73,-2838.64,49.0479
6666.94,-2840.44,47.2446
6671.16,-2842.24,45.4435
6675.38,-2844.04,43.6401
6679.59,-2845.84,41.8387
6683.81,-2847.64,40.036
6688.03,-2849.44,38.2244
6692.25,-2851.24,36.4102
6696.46,-2853.04,34.5995
6700.67,-2854.84,32.7654
6704.89,-2856.64,30.9301
6709.11,-2858.44,29.0963
6713.35,-2860.24,27.2503
6717.57,-2862.04,25.4214
6721.79,-2863.84,23.591
6726,-2865.65,21.7622
6730.22,-2867.45,19.9492
6734.44,-2869.25,18.1346
6738.65,-2871.05,16.3215
6742.87,-2872.85,14.5067
6747.09,-2874.65,12.7078
6751.3,-2876.45,10.9083
6755.52,-2878.25,9.10735
6759.74,-2880.05,7.31011
