4.29431,-1.8,0.497321
8.81597,-3.6,0.498892
13.048,-5.4,0.500458
17.264,-7.2,0.50202
21.4796,-9,1.41386
25.6921,-10.8,2.36037
29.939,-12.6,3.31931
34.149,-14.4,4.27158
38.36,-16.2,6.20258
42.5744,-18,8.138
46.7848,-19.8,10.0725
51.0018,-21.6,12.0697
55.2125,-23.4,14.0643
59.4247,-25.2,16.0598
63.6417,-27,18.0576
67.855,-28.8,20.0259
72.0729,-30.6,21.9962
76.2853,-32.4,23.9642
80.5027,-34.2,25.936
84.7138,-36,27.905
88.9273,-37.8,29.8746
93.1442,-39.6,31.8467
97.3576,-41.4,33.8214
101.575,-43.2,35.7977
105.787,-45,37.7726
110.005,-46.8,39.7492
114.219,-48.6,41.6931
118.48,-50.4,43.6362
122.701,-52.2,45.6039
126.915,-54,47.3461
131.159,-55.8,49.1003
135.371,-57.6,50.8414
139.584,-59.4,52.5826
143.803,-61.2,54.3847
148.016,-63,56.1849
152.234,-64.8,57.9871
156.447,-66.6,59.7541
160.663,-68.4,61.5227
164.874,-70.2,63.2888
169.087,-72,65.0558
173.305,-73.8,66.8686
177.518,-75.6,68.6799
181.736,-77.4,70.4927
185.949,-79.2,72.348
190.166,-81,74.2048
194.375,-82.8,76.0588
198.586,-84.6,77.9131
202.802,-86.4,79.7447
207.014,-88.2,81.5743
211.23,-90,83.4061
215.443,-91.8,85.221
219.656,-93.6,87.0356
223.873,-95.4,88.8522
228.085,-97.2,90.6669
232.326,-99,92.4082
236.54,-100.8,94.1387
240.756,-102.6,95.8699
244.966,-104.4,97.599
249.178,-106.2,99.2142
253.394,-108,100.831
257.605,-109.8,102.446
261.821,-111.6,103.991
266.032,-113.4,105.535
270.247,-115.2,107.08
274.456,-117,108.623
278.668,-118.8,110.207
282.883,-120.6,111.793
287.094,-122.4,113.377
291.309,-124.2,115.049
295.52,-126,116.719
299.731,-127.8,118.389
303.946,-129.6,120.061
308.158,-131.4,121.838
312.373,-133.2,123.617
316.589,-135,125.397
320.805,-136.8,127.152
325.015,-138.6,128.905
329.228,-140.4,130.659
333.469,-142.2,132.426
337.683,-144,134.243
341.9,-145.8,136.062
346.112,-147.6,137.879
350.328,-149.4,139.696
354.539,-151.2,141.51
358.75,-153,143.326
362.967,-154.8,145.143
367.179,-156.6,146.958
371.396,-158.4,148.775
375.606,-160.2,150.589
379.864,-162,152.424
384.078,-163.8,154.242
388.292,-165.6,156.061
392.508,-167.4,157.881
396.72,-169.2,159.743
400.936,-171,161.607
405.145,-172.8,163.468
409.356,-174.6,165.329
413.572,-176.4,167.164
417.792,-178.2,169
422.009,-180,170.835
426.219,-181.8,172.627
430.435,-183.6,174.42
434.667,-185.4,176.221
438.879,-187.2,178.013
443.095,-189,179.797
447.306,-190.8,181.579
451.521,-192.6,183.363
455.734,-194.4,185.145
459.949,-196.2,186.931
464.159,-198,188.714
468.371,-199.8,190.498
472.587,-201.6,192.287
476.797,-203.4,194.074
481.014,-205.2,195.864
485.224,-207,197.673
489.435,-208.8,199.484
493.651,-210.6,201.296
497.862,-212.4,203.106
502.078,-214.2,204.924
506.29,-216,206.74
510.506,-217.8,208.558
514.72,-219.6,210.375
518.933,-221.4,212.206
523.149,-223.2,214.038
527.362,-225,215.868
531.578,-226.8,217.667
535.814,-228.6,219.476
540.032,-230.4,221.276
544.243,-232.2,223.074
548.456,-234,224.891
552.673,-235.8,226.709
556.885,-237.6,228.525
561.101,-239.4,230.349
565.311,-241.2,232.169
569.522,-243,233.99
573.738,-244.8,235.814
577.951,-246.6,237.602
582.166,-248.4,239.392
586.379,-250.2,241.18
590.595,-252,242.988
594.805,-253.8,244.793
599.017,-255.6,246.599
603.233,-257.4,248.407
607.445,-259.2,250.217
611.662,-261,252.03
615.878,-262.8,253.844
620.096,-264.6,255.657
624.305,-266.4,257.469
628.517,-268.2,259.281
632.733,-270,261.096
636.967,-271.8,262.915
641.186,-273.6,264.727
645.398,-275.4,266.537
649.611,-277.2,268.347
653.829,-279,270.174
658.043,-280.8,272
662.26,-282.6,273.827
666.472,-284.4,275.652
670.689,-286.2,277.479
674.9,-288,279.304
679.112,-289.8,281.129
683.328,-291.6,282.957
687.541,-293.4,284.783
691.758,-295.2,286.61
695.97,-297,288.43
700.186,-298.8,290.25
704.394,-300.6,292.068
708.606,-302.4,293.886
712.822,-304.2,295.696
717.038,-306,297.505
721.255,-307.8,299.315
725.467,-309.6,301.115
729.678,-311.4,302.917
733.896,-313.2,304.72
738.109,-315,306.521
742.326,-316.8,308.324
746.539,-318.6,310.124
750.756,-320.4,311.926
754.967,-322.2,313.725
759.18,-324,315.529
763.397,-325.8,317.337
767.611,-327.6,319.142
771.827,-329.4,320.954
776.04,-331.2,322.764
780.257,-333,324.576
784.468,-334.8,326.385
788.731,-336.6,328.243
792.949,-338.4,330.082
797.163,-340.2,331.918
801.38,-342,333.751
805.591,-343.8,335.582
809.874,-345.6,337.443
814.086,-347.4,339.274
818.303,-349.2,341.129
822.521,-351,342.984
826.734,-352.8,344.837
830.951,-354.6,346.71
835.161,-356.4,348.578
839.4,-358.2,350.456
843.617,-360,352.319
847.831,-361.8,354.18
852.048,-363.6,356.016
856.261,-365.4,357.759
860.477,-367.2,358.864
864.689,-369,357.812
868.901,-370.8,356.046
873.118,-372.6,354.181
877.331,-374.4,352.285
881.547,-376.199,350.375
885.759,-377.999,348.461
889.976,-379.799,346.506
894.186,-381.599,344.551
898.399,-383.399,342.594
902.616,-385.199,340.633
906.828,-386.999,338.664
911.045,-388.799,336.692
915.26,-390.599,334.72
919.472,-392.399,332.75
923.688,-394.199,330.761
927.901,-395.999,328.773
932.117,-397.799,326.785
936.33,-399.599,324.795
940.572,-401.399,322.791
944.783,-403.199,320.802
948.996,-404.999,318.812
953.213,-406.799,316.958
957.426,-408.599,315.105
961.643,-410.399,313.251
965.878,-412.199,311.538
970.221,-413.999,309.773
974.503,-415.799,308.03
978.721,-417.599,306.317
982.941,-419.399,304.587
987.156,-421.199,302.859
991.372,-422.999,301.13
995.583,-424.799,299.389
999.831,-426.599,297.633
1004.04,-428.399,295.892
1008.26,-430.199,294.151
1012.47,-431.999,292.412
1016.69,-433.799,290.674
1020.91,-435.599,288.936
1025.12,-437.399,287.117
1029.33,-439.199,285.297
1033.55,-440.999,283.475
1037.77,-442.799,281.653
1042.02,-444.599,279.824
1046.23,-446.399,278.013
1050.45,-448.199,276.2
1054.66,-449.999,274.39
1058.88,-451.799,272.595
1063.09,-453.599,270.798
1067.31,-455.399,269.003
1071.52,-457.199,267.265
1075.74,-458.999,265.529
1079.95,-460.799,263.791
1084.16,-462.599,262.056
1088.38,-464.399,260.477
1092.59,-466.199,258.897
1096.81,-467.999,257.319
1101.02,-469.799,255.755
1105.23,-471.599,254.193
1109.45,-473.399,252.631
1113.66,-475.199,251.067
1117.88,-476.999,249.478
1122.1,-478.799,247.888
1126.31,-480.599,246.299
1130.53,-482.399,244.71
1134.74,-484.199,243.179
1138.95,-485.999,241.647
1143.2,-487.799,240.103
1147.41,-489.599,238.53
1151.63,-491.399,236.955
1155.84,-493.199,235.383
1160.06,-494.999,233.808
1164.27,-496.799,232.041
1168.48,-498.599,230.273
1172.7,-500.399,228.503
1176.91,-502.199,226.679
1181.13,-503.999,224.854
1185.34,-505.799,223.031
1189.55,-507.599,221.208
1193.77,-509.399,219.346
1197.98,-511.199,217.487
1202.19,-512.999,215.627
1206.41,-514.799,213.804
1210.63,-516.599,211.98
1214.84,-518.399,210.157
1219.05,-520.199,208.333
1223.27,-521.999,206.544
1227.49,-523.799,204.757
1231.7,-525.599,202.968
1235.92,-527.398,201.135
1240.13,-529.198,199.3
1244.37,-530.998,197.456
1248.59,-532.798,195.622
1252.8,-534.598,193.812
1257.02,-536.398,192.005
1261.23,-538.198,190.195
1265.44,-539.998,188.388
1269.66,-541.798,186.605
1273.87,-543.598,184.82
1278.08,-545.398,183.037
1282.3,-547.198,181.255
1286.51,-548.998,179.476
1290.73,-550.798,177.695
1294.94,-552.598,175.916
1299.15,-554.398,174.12
1303.37,-556.198,172.321
1307.58,-557.998,170.525
1311.8,-559.798,168.709
1316.01,-561.598,166.894
1320.23,-563.398,165.079
1324.44,-565.198,163.266
1328.66,-566.998,161.449
1332.87,-568.798,159.63
1337.09,-570.598,157.813
1341.3,-572.398,155.994
1345.54,-574.198,154.155
1349.75,-575.998,152.326
1353.97,-577.798,150.495
1358.18,-579.598,148.685
1362.4,-581.398,146.872
1366.61,-583.198,145.062
1370.83,-584.998,143.261
1375.04,-586.798,141.462
1379.25,-588.598,139.662
1383.47,-590.398,137.86
1387.68,-592.198,136.083
1391.9,-593.998,134.304
1396.11,-595.798,132.527
1400.33,-597.598,130.749
1404.54,-599.398,128.919
1408.75,-601.198,127.088
1412.97,-602.998,125.256
1417.19,-604.798,123.459
1421.4,-606.598,121.662
1425.62,-608.398,119.868
1429.87,-610.198,118.055
1434.08,-611.998,116.262
1438.3,-613.798,114.468
1442.52,-615.598,112.671
1446.73,-617.398,110.858
1450.95,-619.198,109.044
1455.16,-620.998,107.233
1459.37,-622.798,105.42
1463.59,-624.598,103.59
1467.8,-626.398,101.761
1472.02,-628.198,99.9307
1476.24,-629.998,98.0978
1480.45,-631.798,96.2642
1484.67,-633.598,94.4331
1488.88,-635.398,92.601
1493.1,-637.198,90.7833
1497.37,-638.998,88.9407
1501.59,-640.798,87.122
1505.8,-642.598,85.3153
1510.02,-644.398,83.5067
1514.23,-646.198,81.7007
1518.45,-647.998,79.8914
1522.67,-649.798,78.0911
1526.88,-651.598,76.2928
1531.1,-653.398,74.4923
1535.32,-655.198,72.6943
1539.53,-656.998,70.8954
1543.75,-658.798,69.095
1547.96,-660.598,67.2968
1552.18,-662.398,65.5033
1556.39,-664.198,63.7119
1560.61,-665.998,61.9185
1564.82,-667.798,60.1275
1569.03,-669.598,58.3319
1573.25,-671.398,56.5343
1577.46,-673.198,54.7382
1581.68,-674.997,52.9272
1585.89,-676.797,51.1175
1590.11,-678.597,49.3066
1594.32,-680.397,47.4983
1598.53,-682.197,45.6827
1602.75,-683.997,43.8652
1606.97,-685.797,42.0488
1611.18,-687.597,40.2066
1615.4,-689.397,38.3674
1619.61,-691.197,36.5256
1623.83,-692.997,34.6837
1628.04,-694.797,32.8617
1632.26,-696.597,31.0384
1636.48,-698.397,29.2172
1640.69,-700.197,27.3946
1644.91,-701.997,25.5771
1649.15,-703.797,23.748
1653.36,-705.597,21.9283
1657.58,-707.397,20.1345
1661.79,-709.197,18.3395
1666.01,-710.997,16.5474
1670.22,-712.797,14.755
1674.44,-714.597,12.9696
1678.65,-716.397,11.1855
1682.87,-718.197,9.40448
1687.08,-719.997,7.63175
1691.29,-721.797,5.87023
1695.5,-723.597,4.14206
1699.71,-725.397,2.5064
1703.93,-727.197,1.35564
1708.14,-728.997,1.96715
1712.35,-730.797,3.51828
1716.57,-732.597,5.24632
1720.78,-734.397,7.0199
1724.99,-736.197,8.80804
1729.2,-737.997,10.6057
1733.42,-739.797,12.4136
1737.63,-741.597,14.2231
1741.85,-743.397,16.0363
1746.06,-745.197,17.8494
1750.31,-746.997,19.6883
1754.52,-748.797,21.515
1758.73,-750.597,23.3428
1762.95,-752.397,25.1571
1767.16,-754.197,26.9702
1771.38,-755.997,28.7852
1775.59,-757.797,30.5933
1779.84,-759.597,32.4188
1784.05,-761.397,34.2277
1788.27,-763.197,36.037
1792.48,-764.997,37.8239
1796.7,-766.797,39.6096
1800.91,-768.597,41.3962
1805.13,-770.397,43.1811
1809.34,-772.197,44.8654
1813.56,-773.997,46.5523
1817.78,-775.797,48.2416
1822,-777.597,50.0024
1826.21,-779.397,51.762
1830.43,-781.197,53.5228
1834.64,-782.997,55.2811
1838.85,-784.797,57.0988
1843.07,-786.597,58.9188
1847.28,-788.397,60.7365
1851.53,-790.197,62.538
1855.74,-791.997,64.3279
1859.96,-793.797,66.1182
1864.17,-795.597,67.9062
1868.38,-797.397,69.7691
1872.6,-799.197,71.6345
1876.82,-800.997,73.4978
1881.03,-802.797,75.3629
1885.24,-804.597,77.2278
1889.46,-806.397,79.0933
1893.68,-808.197,80.9607
1897.89,-809.997,82.7794
1902.11,-811.797,84.5995
1906.32,-813.597,86.4177
1910.54,-815.397,88.2255
1914.75,-817.197,90.0309
1918.97,-818.997,91.8387
1923.19,-820.797,93.6469
1927.4,-822.596,95.3344
1931.62,-824.396,97.0235
1935.83,-826.196,98.7109
1940.05,-827.996,100.4
1944.26,-829.796,102.099
1948.47,-831.596,103.799
1952.71,-833.396,105.511
1956.92,-835.196,107.36
1961.14,-836.996,109.212
1965.35,-838.796,111.06
1969.57,-840.596,112.909
1973.78,-842.396,114.648
1978,-844.196,116.384
1982.21,-845.996,118.123
1986.43,-847.796,119.887
1990.65,-849.596,121.653
1994.86,-851.396,123.417
1999.07,-853.196,125.182
2003.29,-854.996,127.062
2007.5,-856.796,128.94
2011.72,-858.596,130.82
2015.93,-860.396,132.698
2020.16,-862.196,134.493
2024.37,-863.996,136.284
2028.58,-865.796,138.075
2032.8,-867.596,139.933
2037.01,-869.396,141.79
2041.23,-871.196,143.648
2045.44,-872.996,145.504
2049.66,-874.796,147.328
2053.9,-876.596,149.165
2058.11,-878.396,150.989
2062.33,-880.196,152.787
2066.55,-881.996,154.584
2070.76,-883.796,156.382
2074.97,-885.596,158.177
2079.19,-887.396,159.984
2083.4,-889.196,161.793
2087.62,-890.996,163.6
2091.84,-892.796,165.422
2096.05,-894.596,167.242
2100.27,-896.396,169.064
2104.48,-898.196,170.883
2108.69,-899.996,172.66
2112.91,-901.796,174.438
2117.12,-903.596,176.217
2121.34,-905.396,178.018
2125.55,-907.196,179.817
2129.76,-908.996,181.615
2133.98,-910.796,183.417
2138.2,-912.596,185.228
2142.41,-914.396,187.041
2146.63,-916.196,188.851
2150.84,-917.996,190.664
2155.08,-919.796,192.498
2159.29,-921.596,194.322
2163.51,-923.396,196.148
2167.73,-925.196,197.968
2171.95,-926.996,199.788
2176.16,-928.796,201.607
2180.38,-930.596,203.427
2184.6,-932.396,205.228
2188.81,-934.196,207.029
2193.06,-935.996,208.85
2197.28,-937.796,210.645
2201.5,-939.596,212.442
2205.72,-941.396,214.239
2209.93,-943.196,216.035
2214.14,-944.996,217.818
2218.36,-946.796,219.604
2222.58,-948.596,221.391
2226.79,-950.396,223.149
2231.01,-952.196,224.91
2235.22,-953.996,226.667
2239.44,-955.796,228.426
2243.66,-957.596,230.262
2247.87,-959.396,232.095
2252.09,-961.196,233.931
2256.32,-962.996,235.736
2260.55,-964.796,237.534
2264.76,-966.596,239.328
2268.97,-968.396,241.124
2273.19,-970.195,242.911
2277.41,-971.995,244.696
2281.62,-973.795,246.483
2285.84,-975.595,248.268
2290.06,-977.395,250.091
2294.27,-979.195,251.911
2298.48,-980.995,253.733
2302.7,-982.795,255.569
2306.92,-984.595,257.404
2311.13,-986.395,259.24
2315.34,-988.195,261.073
2319.56,-989.995,262.903
2323.78,-991.795,264.732
2327.99,-993.595,266.56
2332.21,-995.395,268.381
2336.42,-997.195,270.2
2340.64,-998.995,272.022
2344.85,-1000.8,273.841
2349.07,-1002.6,275.643
2353.29,-1004.4,277.447
2357.53,-1006.2,279.261
2361.75,-1008,281.065
2365.96,-1009.8,282.862
2370.18,-1011.6,284.661
2374.39,-1013.4,286.456
2378.6,-1015.2,288.241
2382.82,-1017,290.029
2387.04,-1018.8,291.814
2391.25,-1020.6,293.625
2395.47,-1022.4,295.434
2399.68,-1024.2,297.243
2403.9,-1026,299.055
2408.11,-1027.8,300.864
2412.33,-1029.6,302.675
2416.54,-1031.4,304.484
2420.76,-1033.2,306.296
2424.98,-1035,308.121
2429.19,-1036.8,309.947
2433.41,-1038.6,311.774
2437.62,-1040.4,313.612
2441.84,-1042.2,315.45
2446.05,-1044,317.286
2450.27,-1045.8,319.125
2454.48,-1047.6,320.948
2458.72,-1049.4,322.781
2462.94,-1051.2,324.606
2467.17,-1053,326.429
2471.5,-1054.8,328.298
2475.79,-1056.6,330.15
2480.01,-1058.4,331.972
2484.22,-1060.2,333.744
2488.44,-1062,335.516
2492.65,-1063.8,337.289
2496.87,-1065.6,339.08
2501.09,-1067.4,340.872
2505.3,-1069.2,342.659
2509.51,-1071,344.445
2513.73,-1072.8,346.231
2517.95,-1074.6,348.012
2522.16,-1076.4,349.787
2526.38,-1078.2,351.562
2530.59,-1080,353.322
2534.81,-1081.8,355.044
2539.02,-1083.6,356.678
2543.24,-1085.4,357.991
2547.45,-1087.2,358.105
2551.67,-1089,356.887
2555.88,-1090.8,355.274
2560.1,-1092.6,353.538
2564.31,-1094.4,351.765
2568.53,-1096.2,349.973
2572.74,-1098,348.169
2576.96,-1099.8,346.36
2581.18,-1101.6,344.546
2585.39,-1103.4,342.732
2589.6,-1105.2,340.928
2593.82,-1107,339.121
2598.03,-1108.8,337.314
2602.25,-1110.6,335.507
2606.47,-1112.4,333.7
2610.68,-1114.2,331.891
2614.9,-1116,330.085
2619.11,-1117.8,328.289
2623.33,-1119.6,326.492
2627.55,-1121.4,324.696
2631.76,-1123.2,322.899
2635.97,-1125,321.104
2640.19,-1126.8,319.306
2644.4,-1128.6,317.512
2648.62,-1130.4,315.756
2652.84,-1132.2,313.999
2657.05,-1134,312.243
2661.3,-1135.8,310.473
2665.51,-1137.6,308.796
2669.73,-1139.4,307.119
2673.95,-1141.2,305.439
2678.16,-1143,303.611
2682.38,-1144.8,301.781
2686.59,-1146.6,299.952
2690.81,-1148.4,298.122
2695.02,-1150.2,296.35
2699.24,-1152,294.579
2703.45,-1153.8,292.805
2707.67,-1155.6,290.925
2711.89,-1157.4,289.044
2716.1,-1159.2,287.164
2720.32,-1161,285.281
2724.53,-1162.8,283.422
2728.75,-1164.6,281.563
2732.96,-1166.4,279.702
2737.18,-1168.2,277.909
2741.4,-1170,276.114
2745.61,-1171.8,274.322
2749.9,-1173.6,272.498
2754.11,-1175.4,270.713
2758.33,-1177.2,268.928
2762.57,-1179,267.13
2766.79,-1180.8,265.344
2771.01,-1182.6,263.595
2775.22,-1184.4,261.849
2779.43,-1186.2,260.102
2783.65,-1188,258.434
2787.86,-1189.8,256.767
2792.08,-1191.6,255.099
2796.3,-1193.4,253.335
2800.51,-1195.2,251.569
2804.73,-1197,249.806
2808.94,-1198.8,248.042
2813.16,-1200.6,246.293
2817.37,-1202.4,244.547
2821.59,-1204.2,242.797
2825.8,-1206,241.049
2830.02,-1207.8,239.246
2834.23,-1209.6,237.445
2838.45,-1211.4,235.643
2842.66,-1213.2,233.733
2846.88,-1215,231.825
2851.09,-1216.8,229.916
2855.3,-1218.6,228.009
2859.52,-1220.4,226.274
2863.76,-1222.2,224.526
2867.97,-1224,222.79
2872.19,-1225.8,220.965
2876.41,-1227.6,219.141
2880.62,-1229.4,217.316
2884.83,-1231.2,215.494
2889.05,-1233,213.691
2893.26,-1234.8,211.886
2897.48,-1236.6,210.083
2901.69,-1238.4,208.278
2905.91,-1240.2,206.473
2910.12,-1242,204.665
2914.33,-1243.8,202.86
2918.55,-1245.6,201.049
2922.83,-1247.4,199.211
2927.04,-1249.2,197.401
2931.26,-1251,195.59
2935.47,-1252.8,193.777
2939.69,-1254.6,191.964
2943.9,-1256.4,190.149
2948.12,-1258.2,188.364
2952.33,-1260,186.578
2956.55,-1261.8,184.793
2960.77,-1263.6,183.006
2964.98,-1265.4,181.209
2969.19,-1267.2,179.412
2973.41,-1269,177.612
2977.62,-1270.8,175.707
2981.84,-1272.6,173.8
2986.05,-1274.4,171.895
2990.27,-1276.2,169.988
2994.48,-1278,168.173
2998.69,-1279.8,166.358
3002.91,-1281.6,164.541
3007.12,-1283.4,162.68
3011.34,-1285.2,160.816
3015.55,-1287,158.955
3019.76,-1288.8,157.092
3023.98,-1290.6,155.318
3028.19,-1292.4,153.547
3032.41,-1294.2,151.773
3036.62,-1296,150.002
3040.84,-1297.8,148.212
3045.05,-1299.6,146.425
3049.26,-1301.4,144.638
3053.48,-1303.2,142.867
3057.69,-1305,141.098
3061.91,-1306.8,139.328
3066.15,-1308.6,137.548
3070.37,-1310.4,135.733
3074.58,-1312.2,133.922
3078.79,-1314,132.108
3083.01,-1315.8,130.24
3087.22,-1317.6,128.374
3091.44,-1319.4,126.506
3095.66,-1321.2,124.638
3099.87,-1323,122.774
3104.08,-1324.8,120.912
3108.3,-1326.6,119.049
3112.51,-1328.4,117.269
3116.73,-1330.2,115.491
3120.95,-1332,113.71
3125.16,-1333.8,111.933
3129.37,-1335.6,110.148
3133.59,-1337.4,108.362
3137.81,-1339.2,106.575
3142.02,-1341,104.694
3146.24,-1342.8,102.813
3150.45,-1344.6,100.932
3154.66,-1346.4,99.0531
3158.87,-1348.2,97.2025
3163.09,-1350,95.3503
3167.33,-1351.8,93.4886
3171.55,-1353.6,91.6352
3175.76,-1355.4,89.8778
3179.98,-1357.2,88.1191
3184.19,-1359,86.3626
3188.4,-1360.8,84.6275
3192.62,-1362.6,82.8905
3196.83,-1364.4,81.1554
3201.05,-1366.2,79.4182
3205.26,-1368,77.611
3209.47,-1369.8,75.8033
3213.69,-1371.6,73.9932
3217.9,-1373.4,72.1045
3222.12,-1375.2,70.212
3226.34,-1377,68.3232
3230.56,-1378.8,66.4322
3234.77,-1380.6,64.5864
3238.98,-1382.4,62.7402
3243.2,-1384.2,60.8924
3247.41,-1386.01,59.0463
3251.63,-1387.81,57.2649
3255.84,-1389.61,55.4859
3260.06,-1391.41,53.7052
3264.27,-1393.21,51.94
3268.51,-1395.01,50.1637
3272.73,-1396.81,48.3961
3276.94,-1398.61,46.5896
3281.16,-1400.41,44.7817
3285.37,-1402.21,42.9756
3289.59,-1404.01,41.1698
3293.8,-1405.81,39.3872
3298.01,-1407.61,37.6065
3302.23,-1409.41,35.8243
3306.44,-1411.21,34.0444
3310.66,-1413.01,32.2415
3314.87,-1414.81,30.4417
3319.09,-1416.61,28.6397
3323.31,-1418.41,26.8267
3327.52,-1420.21,25.0167
3331.74,-1422.01,23.2058
3335.95,-1423.81,21.3973
3340.17,-1425.61,19.5966
3344.38,-1427.41,17.7998
3348.59,-1429.21,16.0041
3352.81,-1431.01,14.207
3357.08,-1432.81,12.4152
3361.3,-1434.61,10.6008
3365.51,-1436.41,8.82289
3369.72,-1438.21,7.05928
3373.94,-1440.01,5.32366
3378.15,-1441.81,3.66069
3382.36,-1443.61,2.2329
3386.57,-1445.41,1.77294
3390.78,-1447.21,2.83358
3394.99,-1449.01,4.43046
3399.2,-1450.81,6.15034
3403.42,-1452.61,7.91827
3407.62,-1454.41,9.70553
3411.84,-1456.21,11.5063
3416.05,-1458.01,13.3161
3420.27,-1459.81,15.133
3424.48,-1461.61,16.9487
3428.7,-1463.41,18.7452
3432.91,-1465.21,20.5448
3437.13,-1467.01,22.344
3441.34,-1468.81,24.1456
3445.56,-1470.61,25.9331
3449.77,-1472.41,27.7212
3453.99,-1474.21,29.5126
3458.2,-1476.01,31.3083
3462.42,-1477.81,33.1062
3466.63,-1479.61,34.9023
3470.87,-1481.41,36.7111
3475.08,-1483.21,38.4973
3479.3,-1485.01,40.2843
3483.51,-1486.81,42.0736
3487.73,-1488.61,43.8728
3491.95,-1490.41,45.6719
3496.16,-1492.21,47.4691
3500.38,-1494.01,49.2685
3504.59,-1495.81,50.9293
3508.81,-1497.61,52.5905
3513.02,-1499.41,54.2536
3517.24,-1501.21,55.9152
3521.46,-1503.01,57.8034
3525.67,-1504.81,59.6904
3529.89,-1506.61,61.5772
3534.1,-1508.41,63.3703
3538.31,-1510.21,65.1646
3542.53,-1512.01,66.9607
3546.75,-1513.81,68.7553
3550.97,-1515.61,70.6018
3555.18,-1517.41,72.446
3559.39,-1519.21,74.2903
3563.61,-1521.01,76.1491
3567.82,-1522.81,78.0064
3572.07,-1524.61,79.8783
3576.28,-1526.41,81.7361
3580.5,-1528.21,83.5391
3584.71,-1530.01,85.3389
3588.93,-1531.81,87.1393
3593.15,-1533.61,88.9255
3597.36,-1535.41,90.7104
3601.58,-1537.21,92.4967
3605.79,-1539.01,94.2813
3610.01,-1540.81,96.0277
3614.22,-1542.61,97.771
3618.43,-1544.41,99.5159
3622.65,-1546.21,101.154
3626.87,-1548.01,102.789
3631.08,-1549.81,104.426
3635.33,-1551.61,106.074
3639.54,-1553.41,107.894
3643.76,-1555.21,109.714
3647.97,-1557.01,111.533
3652.19,-1558.81,113.353
3656.4,-1560.61,115.197
3660.62,-1562.41,117.043
3664.83,-1564.21,118.886
3669.04,-1566.01,120.768
3673.29,-1567.81,122.664
3677.5,-1569.61,124.548
3681.72,-1571.41,126.433
3685.93,-1573.21,128.316
3690.15,-1575.01,130.201
3694.36,-1576.81,132.083
3698.57,-1578.61,133.783
3702.79,-1580.41,135.484
3707,-1582.21,137.183
3711.22,-1584.01,138.884
3715.43,-1585.81,140.623
3719.65,-1587.61,142.364
3723.87,-1589.41,144.105
3728.08,-1591.21,146.012
3732.29,-1593.01,147.921
3736.51,-1594.81,149.828
3740.72,-1596.61,151.737
3744.94,-1598.41,153.551
3749.15,-1600.21,155.365
3753.37,-1602.01,157.18
3757.58,-1603.81,158.97
3761.8,-1605.61,160.762
3766.01,-1607.41,162.552
3770.23,-1609.21,164.343
3774.46,-1611.01,166.166
3778.68,-1612.81,167.98
3782.89,-1614.61,169.796
3787.11,-1616.41,171.609
3791.32,-1618.21,173.422
3795.54,-1620.01,175.232
3799.75,-1621.81,177.043
3803.97,-1623.61,178.893
3808.18,-1625.41,180.742
3812.4,-1627.21,182.592
3816.61,-1629.01,184.441
3820.83,-1630.81,186.275
3825.04,-1632.61,188.105
3829.25,-1634.41,189.936
3833.47,-1636.21,191.72
3837.68,-1638.01,193.503
3841.9,-1639.81,195.288
3846.11,-1641.61,197.072
3850.33,-1643.41,198.839
3854.54,-1645.21,200.602
3858.75,-1647.01,202.366
3862.97,-1648.81,204.133
3867.18,-1650.61,205.926
3871.4,-1652.41,207.722
3875.67,-1654.21,209.538
3879.89,-1656.01,211.36
3884.1,-1657.81,213.18
3888.31,-1659.61,214.998
3892.53,-1661.41,216.805
3896.74,-1663.21,218.609
3900.96,-1665.01,220.416
3905.17,-1666.81,222.219
3909.39,-1668.61,223.928
3913.61,-1670.41,225.638
3917.82,-1672.21,227.347
3922.04,-1674.01,229.058
3926.26,-1675.81,230.907
3930.48,-1677.61,232.756
3934.69,-1679.41,234.604
3938.9,-1681.21,236.481
3943.12,-1683.01,238.361
3947.33,-1684.81,240.239
3951.55,-1686.61,242.118
3955.76,-1688.41,243.94
3959.98,-1690.21,245.763
3964.19,-1692.01,247.584
3968.43,-1693.81,249.349
3972.77,-1695.61,251.166
3977.09,-1697.41,252.976
3981.32,-1699.21,254.742
3985.53,-1701.01,256.525
3989.75,-1702.81,258.307
3993.97,-1704.61,260.095
3998.8,-1706.41,262.174
4003.02,-1708.21,263.992
4007.28,-1710.01,265.816
4011.7,-1711.81,267.723
4016.09,-1713.61,269.491
4020.71,-1715.41,271.349
4025.29,-1717.21,273.199
4029.84,-1719.01,274.954
4034.34,-1720.81,276.695
4038.69,-1722.61,278.376
4043,-1724.41,280.047
4047.22,-1726.21,281.722
4051.44,-1728.01,283.397
4055.65,-1729.81,285.069
4059.88,-1731.61,286.905
4064.09,-1733.41,288.738
4068.3,-1735.21,290.571
4072.52,-1737.01,292.405
4076.74,-1738.81,294.248
4080.95,-1740.61,296.092
4085.16,-1742.41,297.933
4089.38,-1744.21,299.751
4093.59,-1746.01,301.572
4097.81,-1747.81,303.391
4102.02,-1749.61,305.211
4106.24,-1751.41,306.995
4110.45,-1753.21,308.782
4114.66,-1755.02,310.566
4118.88,-1756.82,312.354
4123.13,-1758.62,314.16
4127.35,-1760.42,315.949
4131.56,-1762.22,317.739
4135.78,-1764.02,319.528
4140,-1765.82,321.317
4144.21,-1767.62,323.106
4148.43,-1769.42,324.904
4152.64,-1771.22,326.704
4156.86,-1773.02,328.501
4161.07,-1774.82,330.3
4165.28,-1776.62,332.095
4169.5,-1778.42,333.891
4173.71,-1780.22,335.689
4177.96,-1782.02,337.499
4182.18,-1783.82,339.328
4186.4,-1785.62,341.153
4190.61,-1787.42,342.98
4194.82,-1789.22,344.788
4199.04,-1791.02,346.594
4203.26,-1792.82,348.4
4207.47,-1794.62,350.199
4211.69,-1796.42,351.998
4215.9,-1798.22,353.783
4220.12,-1800.02,355.539
4224.36,-1801.82,357.199
4228.57,-1803.62,358.454
4232.79,-1805.42,358.142
4237,-1807.22,356.68
4241.22,-1809.02,355.008
4245.43,-1810.82,353.279
4249.64,-1812.62,351.527
4253.86,-1814.42,349.753
4258.07,-1816.22,347.974
4262.29,-1818.02,346.191
4266.5,-1819.82,344.406
4270.72,-1821.62,342.626
4274.93,-1823.42,340.847
4279.17,-1825.22,339.057
4283.39,-1827.02,337.273
4287.6,-1828.82,335.464
4291.82,-1830.62,333.653
4296.03,-1832.42,331.844
4300.25,-1834.22,330.031
4304.46,-1836.02,328.222
4308.67,-1837.82,326.411
4312.89,-1839.62,324.584
4317.1,-1841.42,322.759
4321.34,-1843.22,320.92
4325.56,-1845.02,319.095
4329.77,-1846.82,317.284
4333.99,-1848.62,315.47
4338.27,-1850.42,313.628
4342.49,-1852.22,311.814
4346.7,-1854.02,310.18
4350.92,-1855.82,308.545
4355.13,-1857.62,306.912
4359.34,-1859.42,305.096
4363.56,-1861.22,303.279
4367.78,-1863.02,301.462
4371.99,-1864.82,299.644
4376.21,-1866.62,297.873
4380.45,-1868.42,296.089
4384.66,-1870.22,294.318
4388.88,-1872.02,292.537
4393.09,-1873.82,290.754
4397.31,-1875.62,288.973
4401.53,-1877.42,287.19
4405.74,-1879.22,285.317
4409.96,-1881.02,283.442
4414.17,-1882.82,281.57
4418.39,-1884.62,279.756
4422.63,-1886.42,277.929
4426.85,-1888.22,276.116
4431.07,-1890.02,274.302
4435.28,-1891.82,272.528
4439.49,-1893.62,270.752
4443.71,-1895.42,268.975
4447.92,-1897.22,267.163
4452.14,-1899.02,265.35
4456.35,-1900.82,263.538
4460.57,-1902.62,261.725
4464.78,-1904.42,260.003
4468.99,-1906.22,258.281
4473.21,-1908.02,256.556
4477.42,-1909.82,254.834
4481.66,-1911.62,253.042
4485.88,-1913.42,251.262
4490.1,-1915.22,249.48
4494.31,-1917.02,247.635
4498.52,-1918.82,245.791
4502.74,-1920.62,243.945
4506.95,-1922.42,242.1
4511.17,-1924.22,240.342
4515.38,-1926.02,238.589
4519.6,-1927.82,236.834
4523.84,-1929.62,235.03
4528.06,-1931.42,233.239
4532.28,-1933.22,231.446
4536.49,-1935.02,229.655
4540.71,-1936.82,227.912
4544.92,-1938.62,226.173
4549.14,-1940.42,224.432
4553.35,-1942.22,222.69
4557.57,-1944.02,220.872
4561.78,-1945.82,219.052
4566,-1947.62,217.234
4570.21,-1949.42,215.407
4574.42,-1951.22,213.582
4578.63,-1953.02,211.757
4582.88,-1954.82,209.916
4587.1,-1956.62,208.071
4591.32,-1958.42,206.225
4595.53,-1960.22,204.382
4599.74,-1962.02,202.563
4603.96,-1963.82,200.741
4608.17,-1965.62,198.921
4612.39,-1967.42,197.099
4616.6,-1969.22,195.249
4620.82,-1971.02,193.396
4625.06,-1972.82,191.533
4629.27,-1974.62,189.725
4633.49,-1976.42,187.915
4637.74,-1978.22,186.092
4641.96,-1980.02,184.283
4646.17,-1981.82,182.517
4650.39,-1983.62,180.75
4654.6,-1985.42,178.986
4658.81,-1987.22,177.201
4663.02,-1989.02,175.415
4667.24,-1990.82,173.631
4671.45,-1992.62,171.845
4675.67,-1994.42,170.044
4679.89,-1996.22,168.243
4684.12,-1998.02,166.433
4688.34,-1999.82,164.633
4692.56,-2001.62,162.828
4696.77,-2003.42,161.026
4700.98,-2005.22,159.222
4705.19,-2007.02,157.417
4709.41,-2008.82,155.611
4713.62,-2010.62,153.804
4717.83,-2012.42,151.978
4722.08,-2014.22,150.138
4726.29,-2016.02,148.312
4730.51,-2017.82,146.484
4734.72,-2019.62,144.661
4738.93,-2021.42,142.839
4743.15,-2023.22,141.013
4747.36,-2025.02,139.19
4751.58,-2026.82,137.363
4755.79,-2028.62,135.54
4760.01,-2030.42,133.713
4764.22,-2032.22,131.923
4768.43,-2034.02,130.131
4772.65,-2035.82,128.338
4776.86,-2037.62,126.547
4781.07,-2039.42,124.751
4785.31,-2041.22,122.945
4789.53,-2043.02,121.15
4793.74,-2044.82,119.353
4797.96,-2046.62,117.559
4802.17,-2048.42,115.762
4806.38,-2050.22,113.968
4810.6,-2052.02,112.146
4814.81,-2053.82,110.327
4819.02,-2055.62,108.504
4823.27,-2057.42,106.67
4827.48,-2059.22,104.854
4831.7,-2061.02,103.038
4835.91,-2062.82,101.223
4840.13,-2064.62,99.4282
4844.34,-2066.42,97.6364
4848.55,-2068.22,95.8437
4852.77,-2070.02,94.0496
4856.98,-2071.82,92.2278
4861.2,-2073.62,90.4046
4865.41,-2075.42,88.5837
4869.62,-2077.22,86.7397
4873.84,-2079.02,84.8936
4878.05,-2080.82,83.0496
4882.27,-2082.62,81.2042
4886.48,-2084.42,79.3735
4890.7,-2086.22,77.5413
4894.91,-2088.02,75.7122
4899.12,-2089.82,73.898
4903.34,-2091.62,72.0828
4907.55,-2093.42,70.2687
4911.77,-2095.22,68.4534
4915.98,-2097.02,66.6494
4920.2,-2098.82,64.8434
4924.44,-2100.62,63.0278
4928.65,-2102.42,61.2296
4932.87,-2104.22,59.4305
4937.08,-2106.02,57.6332
4941.3,-2107.82,55.834
4945.51,-2109.62,54.048
4949.72,-2111.42,52.2626
4953.94,-2113.22,50.4745
4958.15,-2115.02,48.6884
4962.37,-2116.82,46.8861
4966.58,-2118.62,45.0852
4970.8,-2120.42,43.2831
4975.01,-2122.22,41.4862
4979.22,-2124.02,39.6886
4983.44,-2125.82,37.8893
4987.68,-2127.62,36.0808
4991.9,-2129.43,34.2547
4996.11,-2131.23,32.4316
5000.33,-2133.03,30.6072
5004.54,-2134.83,28.7818
5008.75,-2136.63,26.955
5012.97,-2138.43,25.1268
5017.18,-2140.23,23.3018
5021.4,-2142.03,21.4809
5025.7,-2143.83,19.6266
5029.92,-2145.63,17.806
5034.18,-2147.43,15.9808
5038.4,-2149.23,14.1784
5042.61,-2151.03,12.3773
5046.82,-2152.83,10.582
5051.04,-2154.63,8.82271
5055.25,-2156.43,7.07756
5059.46,-2158.23,5.35314
5063.67,-2160.03,3.67733
5067.88,-2161.83,2.16346
5072.09,-2163.63,1.50451
5076.3,-2165.43,2.5064
5080.52,-2167.23,4.09339
5084.73,-2169.03,5.79924
5088.96,-2170.83,7.55335
5093.18,-2172.63,9.31608
5097.39,-2174.43,11.0951
5101.61,-2176.23,12.8821
5105.82,-2178.03,14.6699
5110.04,-2179.83,16.4753
5114.25,-2181.63,18.2798
5118.46,-2183.43,20.088
5122.71,-2185.23,21.9092
5126.92,-2187.03,23.7255
5131.14,-2188.83,25.5437
5135.35,-2190.63,27.3593
5139.56,-2192.43,29.184
5143.78,-2194.23,31.0106
5147.99,-2196.03,32.8353
5152.21,-2197.83,34.6623
5156.42,-2199.63,36.4659
5160.64,-2201.43,38.2713
5164.85,-2203.23,40.0741
5169.06,-2205.03,41.8807
5173.27,-2206.83,43.6891
5177.49,-2208.63,45.4957
5181.7,-2210.43,47.3043
5185.92,-2212.23,48.9409
5190.16,-2214.03,50.5896
5194.37,-2215.83,52.227
5198.58,-2217.63,54.0294
5202.8,-2219.43,55.8327
5207.01,-2221.23,57.6347
5211.23,-2223.03,59.4381
5215.44,-2224.83,61.216
5219.65,-2226.63,62.9954
5223.9,-2228.43,64.7877
5228.11,-2230.23,66.5673
5232.33,-2232.03,68.3497
5236.54,-2233.83,70.1308
5240.76,-2235.63,71.913
5244.97,-2237.43,73.7997
5249.18,-2239.23,75.687
5253.4,-2241.03,77.5758
5257.61,-2242.83,79.4626
5261.83,-2244.63,81.3118
5266.04,-2246.43,83.1593
5270.25,-2248.23,85.0083
5274.46,-2250.03,86.8143
5278.68,-2251.83,88.6217
5282.89,-2253.63,90.4305
5287.11,-2255.43,92.2383
5291.35,-2257.23,94.0503
5295.56,-2259.03,95.8501
5299.77,-2260.83,97.649
5303.99,-2262.63,99.451
5308.2,-2264.43,101.233
5312.42,-2266.23,103.017
5316.63,-2268.03,104.798
5320.85,-2269.83,106.566
5325.09,-2271.63,108.342
5329.3,-2273.43,110.108
5333.52,-2275.23,111.914
5337.73,-2277.03,113.719
5341.95,-2278.83,115.524
5346.16,-2280.63,117.328
5350.38,-2282.43,119.068
5354.59,-2284.23,120.806
5358.8,-2286.03,122.544
5363.02,-2287.83,124.284
5367.23,-2289.63,126.093
5371.45,-2291.43,127.903
5375.67,-2293.23,129.713
5379.89,-2295.03,131.532
5384.1,-2296.83,133.348
5388.31,-2298.63,135.165
5392.55,-2300.43,136.994
5396.77,-2302.23,138.797
5400.98,-2304.03,140.6
5405.19,-2305.83,142.401
5409.4,-2307.63,144.261
5413.62,-2309.43,146.122
5417.83,-2311.23,147.981
5422.05,-2313.03,149.844
5426.29,-2314.83,151.669
5430.51,-2316.63,153.485
5434.72,-2318.43,155.297
5438.93,-2320.23,157.11
5443.15,-2322.03,158.898
5447.36,-2323.83,160.685
5451.58,-2325.63,162.474
5455.79,-2327.43,164.295
5460.01,-2329.23,166.119
5464.22,-2331.03,167.94
5468.44,-2332.83,169.764
5472.76,-2334.63,171.596
5477.06,-2336.43,173.425
5481.29,-2338.23,175.218
5485.5,-2340.03,176.972
5489.71,-2341.83,178.725
5493.97,-2343.63,180.497
5498.18,-2345.43,182.251
5502.4,-2347.23,184.046
5506.61,-2349.03,185.839
5510.83,-2350.83,187.634
5515.04,-2352.63,189.441
5519.26,-2354.43,191.25
5523.52,-2356.23,193.074
5527.74,-2358.03,194.883
5531.96,-2359.83,196.699
5536.17,-2361.63,198.514
5540.39,-2363.43,200.329
5544.61,-2365.23,202.154
5548.82,-2367.03,203.98
5553.04,-2368.83,205.807
5557.25,-2370.63,207.631
5561.48,-2372.43,209.446
5565.7,-2374.23,211.258
5569.92,-2376.03,213.069
5574.13,-2377.83,214.878
5578.34,-2379.63,216.681
5582.56,-2381.43,218.486
5586.78,-2383.23,220.289
5591,-2385.03,222.081
5595.24,-2386.83,223.885
5599.46,-2388.63,225.676
5603.68,-2390.43,227.467
5607.89,-2392.23,229.232
5612.11,-2394.03,230.999
5616.33,-2395.83,232.764
5620.55,-2397.63,234.6
5624.79,-2399.43,236.446
5629.01,-2401.23,238.28
5633.22,-2403.03,240.115
5637.44,-2404.83,241.906
5641.66,-2406.63,243.699
5645.87,-2408.43,245.491
5650.09,-2410.23,247.288
5654.31,-2412.03,249.083
5658.52,-2413.83,250.877
5662.74,-2415.63,252.673
5666.95,-2417.43,254.497
5671.17,-2419.23,256.323
5675.38,-2421.03,258.145
5679.6,-2422.83,259.984
5683.82,-2424.63,261.824
5688.03,-2426.43,263.662
5692.25,-2428.23,265.502
5696.51,-2430.03,267.36
5700.73,-2431.83,269.203
5704.94,-2433.63,271.042
5709.15,-2435.43,272.881
5713.37,-2437.23,274.693
5717.58,-2439.03,276.504
5721.81,-2440.83,278.317
5726.05,-2442.63,280.123
5730.27,-2444.43,281.919
5734.54,-2446.23,283.737
5738.76,-2448.03,285.53
5742.98,-2449.83,287.319
5747.19,-2451.63,289.107
5751.41,-2453.43,290.895
5755.66,-2455.23,292.686
5759.88,-2457.03,294.498
5764.1,-2458.83,296.289
5768.31,-2460.63,298.08
5772.53,-2462.43,299.874
5776.74,-2464.23,301.667
5780.96,-2466.03,303.461
5785.18,-2467.83,305.273
5789.39,-2469.63,307.085
5793.61,-2471.43,308.897
5797.82,-2473.23,310.708
5802.04,-2475.03,312.526
5806.26,-2476.83,314.341
5810.48,-2478.63,316.158
5814.69,-2480.43,317.996
5818.9,-2482.23,319.835
5823.12,-2484.03,321.676
5827.37,-2485.83,323.526
5831.59,-2487.63,325.366
5835.8,-2489.43,327.204
5840.02,-2491.23,329.042
5844.23,-2493.03,330.877
5848.44,-2494.83,332.707
5852.67,-2496.64,334.541
5856.88,-2498.44,336.371
5861.1,-2500.24,338.186
5865.31,-2502.04,339.997
5869.53,-2503.84,341.807
5873.74,-2505.64,343.617
5877.96,-2507.44,345.41
5882.18,-2509.24,347.202
5886.39,-2511.04,348.986
5890.61,-2512.84,350.771
5894.82,-2514.64,352.539
5899.06,-2516.44,354.293
5903.28,-2518.24,355.982
5907.5,-2520.04,357.5
5911.72,-2521.84,358.291
5915.93,-2523.64,357.516
5920.15,-2525.44,356.006
5924.39,-2527.24,354.305
5928.61,-2529.04,352.554
5932.83,-2530.84,350.778
5937.04,-2532.64,348.954
5941.26,-2534.44,347.122
5945.47,-2536.24,345.288
5949.69,-2538.04,343.434
5953.91,-2539.84,341.574
5958.12,-2541.64,339.716
5962.34,-2543.44,337.855
5966.55,-2545.24,335.995
5970.77,-2547.04,334.131
5974.98,-2548.84,332.269
5979.2,-2550.64,330.407
5983.42,-2552.44,328.517
5987.63,-2554.24,326.629
5991.85,-2556.04,324.739
5996.06,-2557.84,322.875
6000.31,-2559.64,320.996
6004.52,-2561.44,319.131
6008.74,-2563.24,317.266
6012.95,-2565.04,315.416
6017.17,-2566.84,313.568
6021.39,-2568.64,311.716
6025.66,-2570.44,310.099
6029.88,-2572.24,308.476
6034.09,-2574.04,306.869
6038.31,-2575.84,305.261
6042.53,-2577.64,303.635
6046.74,-2579.44,302.011
6050.96,-2581.24,300.386
6055.17,-2583.04,298.672
6059.38,-2584.84,296.957
6063.6,-2586.64,295.241
6067.81,-2588.44,293.526
6072.03,-2590.24,291.803
6076.24,-2592.04,290.081
6080.46,-2593.84,288.357
6084.67,-2595.64,286.49
6088.89,-2597.44,284.62
6093.1,-2599.24,282.75
6097.32,-2601.04,280.88
6101.53,-2602.84,279.006
6105.75,-2604.64,277.134
6109.96,-2606.44,275.259
6114.17,-2608.24,273.387
6118.39,-2610.04,271.567
6122.61,-2611.84,269.744
6126.85,-2613.64,267.91
6131.07,-2615.44,266.109
6135.28,-2617.24,264.312
6139.49,-2619.04,262.513
6143.71,-2620.84,260.714
6147.92,-2622.64,258.994
6152.14,-2624.44,257.272
6156.35,-2626.24,255.553
6160.57,-2628.04,253.876
6164.78,-2629.84,252.203
6168.99,-2631.64,250.528
6173.21,-2633.44,248.852
6177.42,-2635.24,247.094
6181.64,-2637.04,245.334
6185.85,-2638.84,243.576
6190.07,-2640.64,241.817
6194.28,-2642.44,240.011
6198.49,-2644.24,238.205
6202.74,-2646.04,236.386
6206.95,-2647.84,234.571
6211.17,-2649.64,232.756
6215.38,-2651.44,230.943
6219.59,-2653.24,229.042
6223.81,-2655.04,227.137
6228.06,-2656.84,225.222
6232.28,-2658.64,223.317
6236.49,-2660.44,221.552
6240.71,-2662.24,219.786
6244.92,-2664.04,218.023
6249.13,-2665.84,216.259
6253.35,-2667.64,214.407
6257.56,-2669.44,212.557
6261.78,-2671.24,210.705
6266,-2673.04,208.903
6270.21,-2674.84,207.099
6274.42,-2676.64,205.3
6278.64,-2678.44,203.498
6282.85,-2680.24,201.712
6287.07,-2682.04,199.929
6291.28,-2683.84,198.143
6295.5,-2685.64,196.33
6299.71,-2687.44,194.517
6303.95,-2689.24,192.69
6308.16,-2691.04,190.876
6312.38,-2692.84,189.075
6316.59,-2694.64,187.277
6320.81,-2696.44,185.476
6325.05,-2698.24,183.665
6329.27,-2700.04,181.873
6333.48,-2701.84,180.081
6337.69,-2703.64,178.29
6341.91,-2705.44,176.484
6346.12,-2707.24,174.681
6350.34,-2709.04,172.875
6354.55,-2710.84,171.046
6358.76,-2712.64,169.217
6362.98,-2714.44,167.386
6367.19,-2716.24,165.556
6371.41,-2718.04,163.727
6375.62,-2719.84,161.901
6379.9,-2721.64,160.042
6384.11,-2723.44,158.214
6388.33,-2725.24,156.395
6392.54,-2727.04,154.573
6396.76,-2728.84,152.754
6400.97,-2730.64,150.97
6405.21,-2732.44,149.178
6409.42,-2734.24,147.396
6413.64,-2736.04,145.612
6417.85,-2737.84,143.83
6422.07,-2739.64,142.045
6426.32,-2741.44,140.25
6430.58,-2743.24,138.44
6434.79,-2745.04,136.651
6439.01,-2746.84,134.862
6443.22,-2748.64,133.071
6447.44,-2750.44,131.275
6451.66,-2752.24,129.477
6455.87,-2754.04,127.68
6460.09,-2755.84,125.882
6464.3,-2757.64,124.069
6468.51,-2759.44,122.255
6472.73,-2761.24,120.44
6476.94,-2763.04,118.645
6481.16,-2764.84,116.848
6485.37,-2766.64,115.054
6489.58,-2768.44,113.233
6493.8,-2770.24,111.411
6498.01,-2772.04,109.59
6502.23,-2773.84,107.768
6506.46,-2775.64,105.893
6510.68,-2777.44,104.027
6514.89,-2779.24,102.165
6519.1,-2781.04,100.302
6523.32,-2782.84,98.4563
6527.56,-2784.64,96.6001
6531.78,-2786.44,94.7537
6536,-2788.24,92.9573
6540.22,-2790.04,91.1587
6544.43,-2791.84,89.3633
6548.64,-2793.64,87.567
6552.86,-2795.44,85.788
6557.07,-2797.24,84.0107
6561.29,-2799.04,82.2318
6565.5,-2800.84,80.431
6569.71,-2802.64,78.6304
6573.93,-2804.44,76.8277
6578.14,-2806.24,75.0265
6582.36,-2808.04,73.2352
6586.57,-2809.84,71.4462
6590.79,-2811.64,69.6556
6595,-2813.44,67.8676
6599.21,-2815.24,66.0578
6603.43,-2817.04,64.2459
6607.67,-2818.84,62.4252
6611.89,-2820.64,60.6054
6616.1,-2822.44,58.788
6620.31,-2824.24,56.9691
6624.53,-2826.04,55.1516
6628.77,-2827.84,53.3151
6632.99,-2829.64,51.4874
6637.2,-2831.44,49.6622
6641.42,-2833.24,47.8369
6645.66,-2835.04,46.0011
6649.88,-2836.84,44.1767
6654.09,-2838.64,42.3545
6658.31,-2840.44,40.5335
6662.52,-2842.24,38.7113
6666.74,-2844.04,36.891
6670.95,-2845.84,35.0768
6675.16,-2847.64,33.2648
6679.38,-2849.44,31.4523
6683.59,-2851.24,29.6387
6687.81,-2853.04,27.8407
6692.02,-2854.84,26.0415
6696.24,-2856.64,24.244
6700.46,-2858.44,22.444
6704.67,-2860.24,20.6471
6708.9,-2862.04,18.8399
6713.12,-2863.84,17.042
6717.34,-2865.65,15.2552
6721.56,-2867.45,13.4671
6725.8,-2869.25,11.6714
6730.02,-2871.05,9.88965
6734.23,-2872.85,8.11052
6738.44,-2874.65,6.34117
6742.66,-2876.45,4.59254
6746.87,-2878.25,2.89074
6751.08,-2880.05,1.48882
