4.29468,-1.8,0.268341
8.77733,-3.6,0.268341
13.0104,-5.4,0.271242
17.2341,-7.2,0.274112
21.4856,-9,0.276953
25.6992,-10.8,1.21819
29.9189,-12.6,2.21989
34.132,-14.4,3.22384
38.3461,-16.2,4.22904
42.5643,-18,5.88183
46.7791,-19.8,7.53373
50.989,-21.6,9.18428
55.2008,-23.4,11.0701
59.4189,-25.2,12.9592
63.6317,-27,14.8459
67.8517,-28.8,16.812
72.066,-30.6,18.7762
76.2809,-32.4,20.741
80.4997,-34.2,22.7078
84.7158,-36,24.6744
88.9386,-37.8,26.6445
93.1533,-39.6,28.6107
97.3779,-41.4,30.5802
101.592,-43.2,32.5485
105.811,-45,34.5194
110.03,-46.8,36.4894
114.248,-48.6,38.1853
118.467,-50.4,39.883
122.711,-52.2,41.5922
127.041,-54,43.2945
131.255,-55.8,45.0535
135.47,-57.6,46.7696
139.691,-59.4,48.4887
143.909,-61.2,50.2556
148.128,-63,52.0229
152.341,-64.8,53.7875
156.557,-66.6,55.5538
160.779,-68.4,57.2794
164.993,-70.2,59.0021
169.211,-72,60.7261
173.428,-73.8,62.5131
177.647,-75.6,64.3011
181.865,-77.4,66.0863
186.078,-79.2,67.8745
190.297,-81,69.7058
194.513,-82.8,71.5357
198.733,-84.6,73.3668
202.949,-86.4,75.2021
207.168,-88.2,77.0373
211.382,-90,78.8704
215.601,-91.8,80.7045
219.821,-93.6,82.5191
224.063,-95.4,84.3418
228.284,-97.2,86.1558
232.5,-99,87.9675
236.757,-100.8,89.7185
240.968,-102.6,91.4509
245.182,-104.4,93.1847
249.4,-106.2,94.7841
253.615,-108,96.3818
257.832,-109.8,97.9815
262.045,-111.6,99.5791
266.258,-113.4,101.143
270.477,-115.2,102.708
274.695,-117,104.274
278.918,-118.8,105.895
283.132,-120.6,107.514
287.35,-122.4,109.133
291.562,-124.2,110.751
295.777,-126,112.493
299.995,-127.8,114.237
304.207,-129.6,115.978
308.427,-131.4,117.854
312.644,-133.2,119.729
316.867,-135,121.607
321.077,-136.8,123.479
325.291,-138.6,125.182
329.512,-140.4,126.888
333.728,-142.2,128.59
337.946,-144,130.425
342.159,-145.8,132.255
346.372,-147.6,134.086
350.589,-149.4,135.918
354.805,-151.2,137.746
359.025,-153,139.575
363.24,-154.8,141.402
367.457,-156.6,143.23
371.669,-158.4,145.037
375.884,-160.2,146.846
380.102,-162,148.655
384.316,-163.8,150.456
388.534,-165.6,152.258
392.751,-167.4,154.06
396.967,-169.2,155.862
401.181,-171,157.703
405.396,-172.8,159.545
409.614,-174.6,161.389
413.832,-176.4,163.225
418.057,-178.2,165.065
422.268,-180,166.899
426.507,-181.8,168.745
430.728,-183.6,170.553
434.945,-185.4,172.362
439.163,-187.2,174.171
443.376,-189,175.978
447.593,-190.8,177.779
451.806,-192.6,179.579
456.02,-194.4,181.379
460.238,-196.2,183.168
464.452,-198,184.956
468.671,-199.8,186.746
472.887,-201.6,188.535
477.106,-203.4,190.326
481.318,-205.2,192.116
485.532,-207,193.907
489.755,-208.8,195.693
493.968,-210.6,197.478
498.188,-212.4,199.264
502.4,-214.2,201.047
506.613,-216,202.849
510.83,-217.8,204.652
515.048,-219.6,206.455
519.267,-221.4,208.282
523.482,-223.2,210.106
527.73,-225,211.945
531.945,-226.8,213.771
536.162,-228.6,215.618
540.38,-230.4,217.467
544.593,-232.2,219.313
548.818,-234,221.124
553.034,-235.8,222.931
557.253,-237.6,224.739
561.464,-239.4,226.544
565.682,-241.2,228.39
569.904,-243,230.238
574.119,-244.8,232.083
578.337,-246.6,233.911
582.584,-248.4,235.752
586.809,-250.2,237.584
591.022,-252,239.411
595.238,-253.8,241.224
599.456,-255.6,243.038
603.67,-257.4,244.851
607.891,-259.2,246.666
612.104,-261,248.459
616.322,-262.8,250.256
620.542,-264.6,252.053
624.757,-266.4,253.853
629.001,-268.2,255.665
633.214,-270,257.464
637.436,-271.8,259.275
641.649,-273.6,261.083
645.87,-275.4,262.892
650.09,-277.2,264.703
654.305,-279,266.514
658.525,-280.8,268.324
662.741,-282.6,270.134
666.958,-284.4,271.944
671.171,-286.2,273.763
675.387,-288,275.583
679.608,-289.8,277.405
683.823,-291.6,279.225
688.045,-293.4,281.066
692.257,-295.2,282.903
696.471,-297,284.741
700.691,-298.8,286.575
704.908,-300.6,288.406
709.127,-302.4,290.24
713.341,-304.2,292.079
717.566,-306,293.924
721.784,-307.8,295.766
725.998,-309.6,297.607
730.217,-311.4,299.448
734.433,-313.2,301.288
738.652,-315,303.129
742.869,-316.8,304.97
747.087,-318.6,306.824
751.3,-320.4,308.676
755.516,-322.2,310.53
759.737,-324,312.375
763.954,-325.8,314.219
768.177,-327.6,316.064
772.392,-329.4,317.908
776.607,-331.2,319.755
780.828,-333,321.606
785.046,-334.8,323.455
789.318,-336.6,325.352
793.536,-338.4,327.224
797.757,-340.2,329.097
801.97,-342,330.967
806.187,-343.8,332.853
810.409,-345.6,334.74
814.631,-347.4,336.627
818.853,-349.2,338.551
823.068,-351,340.475
827.287,-352.8,342.398
831.528,-354.6,344.332
835.745,-356.4,346.254
839.964,-358.2,348.177
844.183,-360,350.1
848.402,-361.8,352.037
852.624,-363.6,353.975
856.843,-365.4,355.911
861.059,-367.2,357.843
865.273,-369,359.709
869.493,-370.8,358.277
873.707,-372.6,356.354
877.928,-374.4,354.423
882.144,-376.199,352.481
886.36,-377.999,350.538
890.578,-379.799,348.594
894.794,-381.599,346.653
899.014,-383.399,344.71
903.23,-385.199,342.77
907.449,-386.999,340.827
911.662,-388.799,338.889
915.905,-390.599,336.941
920.238,-392.399,334.949
924.541,-394.199,332.967
928.783,-395.999,331.013
933.038,-397.799,329.051
937.26,-399.599,327.106
941.474,-401.399,325.185
945.693,-403.199,323.262
949.915,-404.999,321.335
954.13,-406.799,319.678
958.351,-408.599,318.019
962.567,-410.399,316.361
966.789,-412.199,314.7
971.004,-413.999,312.992
975.219,-415.799,311.282
979.442,-417.599,309.57
983.659,-419.399,307.861
987.884,-421.199,306.105
992.096,-422.999,304.355
996.314,-424.799,302.602
1000.54,-426.599,300.88
1004.75,-428.399,299.159
1008.97,-430.199,297.437
1013.19,-431.999,295.716
1017.41,-433.799,293.892
1021.63,-435.599,292.07
1025.85,-437.399,290.249
1030.07,-439.199,288.408
1034.32,-440.999,286.556
1038.54,-442.799,284.715
1042.76,-444.599,282.875
1046.98,-446.399,281.047
1051.19,-448.199,279.22
1055.41,-449.999,277.393
1059.63,-451.799,275.567
1063.84,-453.599,273.743
1068.07,-455.399,271.916
1072.28,-457.199,270.092
1076.5,-458.999,268.342
1080.72,-460.799,266.591
1084.94,-462.599,264.838
1089.16,-464.399,263.158
1093.38,-466.199,261.478
1097.59,-467.999,259.797
1101.81,-469.799,258.118
1106.03,-471.599,256.451
1110.25,-473.399,254.784
1114.47,-475.199,253.119
1118.69,-476.999,251.451
1122.91,-478.799,249.784
1127.13,-480.599,248.117
1131.34,-482.399,246.454
1135.59,-484.199,244.793
1139.81,-485.999,243.138
1144.03,-487.799,241.487
1148.25,-489.599,239.789
1152.46,-491.399,238.092
1156.68,-493.199,236.395
1160.9,-494.999,234.695
1165.11,-496.799,233.118
1169.33,-498.599,231.541
1173.55,-500.399,229.964
1177.77,-502.199,228.385
1181.98,-503.999,226.748
1186.2,-505.799,225.109
1190.42,-507.599,223.468
1194.64,-509.399,221.823
1198.86,-511.199,220.178
1203.08,-512.999,218.535
1207.3,-514.799,216.888
1211.52,-516.599,215.203
1215.74,-518.399,213.514
1219.96,-520.199,211.827
1224.18,-521.999,210.141
1228.4,-523.799,208.386
1232.62,-525.599,206.631
1236.86,-527.398,204.864
1241.08,-529.198,202.998
1245.3,-530.998,201.131
1249.52,-532.798,199.263
1253.74,-534.598,197.396
1257.96,-536.398,195.563
1262.17,-538.198,193.734
1266.39,-539.998,191.904
1270.61,-541.798,190.12
1274.82,-543.598,188.336
1279.05,-545.398,186.551
1283.26,-547.198,184.769
1287.48,-548.998,182.98
1291.7,-550.798,181.192
1295.91,-552.598,179.403
1300.13,-554.398,177.618
1304.35,-556.198,175.835
1308.57,-557.998,174.049
1312.78,-559.798,172.266
1317.01,-561.598,170.467
1321.22,-563.398,168.673
1325.44,-565.198,166.877
1329.66,-566.998,165.07
1333.88,-568.798,163.264
1338.12,-570.598,161.446
1342.34,-572.398,159.642
1346.55,-574.198,157.819
1350.78,-575.998,155.994
1354.99,-577.798,154.171
1359.21,-579.598,152.348
1363.43,-581.398,150.517
1367.65,-583.198,148.686
1371.87,-584.998,146.858
1376.08,-586.798,145.028
1380.3,-588.598,143.196
1384.52,-590.398,141.367
1388.74,-592.198,139.614
1392.96,-593.998,137.862
1397.18,-595.798,136.108
1401.39,-597.598,134.357
1405.61,-599.398,132.581
1409.83,-601.198,130.804
1414.05,-602.998,129.027
1418.27,-604.798,127.248
1422.49,-606.598,125.446
1426.75,-608.398,123.626
1430.97,-610.198,121.823
1435.18,-611.998,119.99
1439.43,-613.798,118.145
1443.65,-615.598,116.313
1447.87,-617.398,114.478
1452.08,-619.198,112.657
1456.29,-620.998,110.835
1460.52,-622.798,109.01
1464.74,-624.598,107.201
1468.96,-626.398,105.393
1473.17,-628.198,103.585
1477.39,-629.998,101.777
1481.61,-631.798,99.9646
1485.82,-633.598,98.1491
1490.05,-635.398,96.3324
1494.33,-637.198,94.4915
1498.55,-638.998,92.6554
1502.77,-640.798,90.8228
1506.99,-642.598,88.9874
1511.2,-644.398,87.1419
1515.42,-646.198,85.2941
1519.64,-647.998,83.4437
1523.86,-649.798,81.5965
1528.08,-651.598,79.7537
1532.29,-653.398,77.9125
1536.51,-655.198,76.0708
1540.75,-656.998,74.2324
1544.97,-658.798,72.4067
1549.2,-660.598,70.5776
1553.41,-662.398,68.7513
1557.64,-664.198,66.9119
1561.85,-665.998,65.0771
1566.07,-667.798,63.2406
1570.29,-669.598,61.3998
1574.51,-671.398,59.5616
1578.73,-673.198,57.7225
1582.95,-674.997,55.8828
1587.17,-676.797,54.0293
1591.38,-678.597,52.1791
1595.6,-680.397,50.3279
1599.82,-682.197,48.486
1604.04,-683.997,46.6469
1608.26,-685.797,44.8063
1612.47,-687.597,42.9691
1616.72,-689.397,41.09
1620.95,-691.197,39.2182
1625.16,-692.997,37.3528
1629.38,-694.797,35.4852
1633.6,-696.597,33.5774
1637.82,-698.397,31.6654
1642.07,-700.197,29.7434
1646.29,-701.997,27.8237
1650.51,-703.797,25.9007
1654.72,-705.597,23.9821
1658.95,-707.397,22.0425
1663.16,-709.197,20.1064
1667.38,-710.997,18.1688
1671.6,-712.797,16.2345
1675.81,-714.597,14.3011
1680.04,-716.397,12.3668
1684.25,-718.197,10.4362
1688.47,-719.997,8.50532
1692.69,-721.797,6.57102
1696.91,-723.597,4.64104
1701.12,-725.397,2.73146
1705.33,-727.197,0.951202
1709.55,-728.997,1.35564
1713.76,-730.797,3.20289
1717.98,-732.597,5.11851
1722.19,-734.397,7.0394
1726.41,-736.197,8.96463
1730.62,-737.997,10.8949
1734.84,-739.797,12.8351
1739.06,-741.597,14.7789
1743.3,-743.397,16.732
1747.52,-745.197,18.6772
1751.74,-746.997,20.6114
1755.95,-748.797,22.5463
1760.17,-750.597,24.4832
1764.39,-752.397,26.4188
1768.61,-754.197,28.3663
1772.83,-755.997,30.3127
1777.05,-757.797,32.2614
1781.27,-759.597,34.1888
1785.48,-761.397,36.117
1789.7,-763.197,38.047
1793.92,-764.997,39.9767
1798.14,-766.797,41.6544
1802.36,-768.597,43.33
1806.57,-770.397,45.0074
1810.79,-772.197,46.6902
1815.01,-773.997,48.3722
1819.23,-775.797,50.0564
1823.45,-777.597,51.7383
1827.67,-779.397,53.4742
1831.89,-781.197,55.2082
1836.1,-782.997,56.9418
1840.32,-784.797,58.6423
1844.57,-786.597,60.3507
1848.79,-788.397,62.0516
1853.01,-790.197,63.7495
1857.23,-791.997,65.506
1861.44,-793.797,67.2615
1865.66,-795.597,69.0164
1869.88,-797.397,70.8244
1874.1,-799.197,72.628
1878.32,-800.997,74.4348
1882.57,-802.797,76.2383
1886.79,-804.597,78.0522
1891,-806.397,79.8501
1895.22,-808.197,81.6477
1899.44,-809.997,83.4562
1903.66,-811.797,85.2621
1907.88,-813.597,87.0702
1912.09,-815.397,88.8752
1916.31,-817.197,90.6472
1920.53,-818.997,92.4194
1924.75,-820.797,94.1901
1928.97,-822.596,95.9617
1933.19,-824.396,97.6061
1937.41,-826.196,99.2511
1941.62,-827.996,100.893
1945.87,-829.796,102.47
1950.09,-831.596,104.038
1954.3,-833.396,105.603
1958.52,-835.196,107.171
1962.74,-836.996,108.745
1966.96,-838.796,110.319
1971.18,-840.596,111.893
1975.39,-842.396,113.464
1979.61,-844.196,115.036
1983.83,-845.996,116.608
1988.05,-847.796,118.18
1992.26,-849.596,119.758
1996.48,-851.396,121.337
2000.7,-853.196,122.919
2004.92,-854.996,124.499
2009.14,-856.796,126.098
2013.36,-858.596,127.695
2017.58,-860.396,129.294
2021.79,-862.196,130.946
2026.01,-863.996,132.6
2030.23,-865.796,134.254
2034.45,-867.596,136.143
2038.67,-869.396,138.033
2042.89,-871.196,139.922
2047.13,-872.996,141.823
2051.35,-874.796,143.715
2055.56,-876.596,145.608
2059.78,-878.396,147.502
2064,-880.196,149.395
2068.22,-881.996,151.21
2072.43,-883.796,153.023
2076.65,-885.596,154.836
2080.87,-887.396,156.619
2085.09,-889.196,158.399
2089.31,-890.996,160.182
2093.53,-892.796,161.962
2097.75,-894.596,163.757
2101.96,-896.396,165.548
2106.18,-898.196,167.341
2110.4,-899.996,169.138
2114.62,-901.796,170.933
2118.84,-903.596,172.732
2123.05,-905.396,174.528
2127.27,-907.196,176.314
2131.49,-908.996,178.096
2135.7,-910.796,179.88
2139.92,-912.596,181.691
2144.14,-914.396,183.5
2148.38,-916.196,185.321
2152.6,-917.996,187.132
2156.83,-919.796,188.945
2161.04,-921.596,190.753
2165.26,-923.396,192.562
2169.48,-925.196,194.384
2173.69,-926.996,196.205
2177.92,-928.796,198.03
2182.13,-930.596,199.85
2186.34,-932.396,201.661
2190.61,-934.196,203.493
2194.83,-935.996,205.308
2199.05,-937.796,207.123
2203.27,-939.596,208.927
2207.49,-941.396,210.732
2211.7,-943.196,212.534
2215.92,-944.996,214.33
2220.14,-946.796,216.129
2224.36,-948.596,217.924
2228.58,-950.396,219.721
2232.79,-952.196,221.465
2237.01,-953.996,223.21
2241.23,-955.796,224.952
2245.44,-957.596,226.766
2249.69,-959.396,228.593
2253.91,-961.196,230.408
2258.13,-962.996,232.225
2262.34,-964.796,234.03
2266.56,-966.596,235.836
2270.78,-968.396,237.643
2275,-970.195,239.436
2279.22,-971.995,241.23
2283.44,-973.795,243.024
2287.66,-975.595,244.819
2291.87,-977.395,246.709
2296.09,-979.195,248.599
2300.31,-980.995,250.492
2304.53,-982.795,252.382
2308.75,-984.595,254.245
2312.96,-986.395,256.104
2317.19,-988.195,257.968
2321.41,-989.995,259.784
2325.62,-991.795,261.6
2329.84,-993.595,263.418
2334.06,-995.395,265.233
2338.28,-997.195,267.05
2342.49,-998.995,268.864
2346.77,-1000.8,270.707
2351.02,-1002.6,272.527
2355.24,-1004.4,274.335
2359.45,-1006.2,276.145
2363.67,-1008,277.953
2367.9,-1009.8,279.754
2372.11,-1011.6,281.551
2376.33,-1013.4,283.349
2380.55,-1015.2,285.149
2384.76,-1017,286.948
2388.98,-1018.8,288.749
2393.2,-1020.6,290.548
2397.42,-1022.4,292.35
2401.63,-1024.2,294.15
2405.85,-1026,295.95
2410.07,-1027.8,297.765
2414.29,-1029.6,299.576
2418.55,-1031.4,301.405
2422.87,-1033.2,303.261
2427.11,-1035,305.091
2431.32,-1036.8,306.909
2435.54,-1038.6,308.727
2439.76,-1040.4,310.548
2443.98,-1042.2,312.381
2448.2,-1044,314.217
2452.46,-1045.8,316.069
2456.68,-1047.6,317.895
2460.9,-1049.4,319.723
2465.12,-1051.2,321.547
2469.34,-1053,323.391
2473.56,-1054.8,325.234
2477.78,-1056.6,327.079
2481.99,-1058.4,328.92
2486.21,-1060.2,330.757
2490.43,-1062,332.597
2494.65,-1063.8,334.436
2498.87,-1065.6,336.277
2503.09,-1067.4,338.121
2507.31,-1069.2,339.968
2511.52,-1071,341.811
2515.74,-1072.8,343.66
2519.96,-1074.6,345.509
2524.18,-1076.4,347.354
2528.4,-1078.2,349.198
2532.62,-1080,351.035
2536.85,-1081.8,352.864
2541.06,-1083.6,354.674
2545.28,-1085.4,356.437
2549.5,-1087.2,358.036
2553.74,-1089,358.596
2557.96,-1090.8,357.343
2562.18,-1092.6,355.629
2566.4,-1094.4,353.827
2570.62,-1096.2,351.995
2574.83,-1098,350.151
2579.05,-1099.8,348.342
2583.27,-1101.6,346.528
2587.49,-1103.4,344.709
2591.71,-1105.2,342.873
2595.92,-1107,341.037
2600.15,-1108.8,339.197
2604.36,-1110.6,337.361
2608.58,-1112.4,335.556
2612.8,-1114.2,333.751
2617.02,-1116,331.944
2621.24,-1117.8,330.173
2625.46,-1119.6,328.402
2629.68,-1121.4,326.629
2633.9,-1123.2,324.858
2638.12,-1125,323.097
2642.33,-1126.8,321.339
2646.55,-1128.6,319.578
2650.77,-1130.4,318.087
2655.01,-1132.2,316.588
2659.23,-1134,315.096
2663.45,-1135.8,313.604
2667.67,-1137.6,312.084
2671.88,-1139.4,310.566
2676.1,-1141.2,309.049
2680.32,-1143,307.529
2684.54,-1144.8,305.824
2688.76,-1146.6,304.118
2692.97,-1148.4,302.414
2697.2,-1150.2,300.557
2701.41,-1152,298.703
2705.63,-1153.8,296.849
2709.85,-1155.6,294.942
2714.07,-1157.4,293.035
2718.3,-1159.2,291.126
2722.51,-1161,289.221
2726.78,-1162.8,287.336
2730.99,-1164.6,285.47
2735.21,-1166.4,283.606
2739.43,-1168.2,281.739
2743.65,-1170,279.926
2747.87,-1171.8,278.112
2752.08,-1173.6,276.301
2756.32,-1175.4,274.506
2760.54,-1177.2,272.72
2764.76,-1179,270.936
2768.98,-1180.8,269.15
2773.2,-1182.6,267.432
2777.42,-1184.4,265.711
2781.63,-1186.2,263.992
2785.85,-1188,262.338
2790.07,-1189.8,260.681
2794.29,-1191.6,259.025
2798.51,-1193.4,257.369
2802.73,-1195.2,255.583
2806.95,-1197,253.794
2811.16,-1198.8,252.008
2815.38,-1200.6,250.221
2819.61,-1202.4,248.438
2823.83,-1204.2,246.656
2828.05,-1206,244.875
2832.26,-1207.8,243.035
2836.48,-1209.6,241.196
2840.7,-1211.4,239.353
2844.92,-1213.2,237.511
2849.14,-1215,235.598
2853.35,-1216.8,233.687
2857.6,-1218.6,231.761
2861.82,-1220.4,230.015
2866.04,-1222.2,228.268
2870.26,-1224,226.521
2874.47,-1225.8,224.777
2878.7,-1227.6,222.957
2882.91,-1229.4,221.139
2887.14,-1231.2,219.32
2891.35,-1233,217.525
2895.57,-1234.8,215.727
2899.79,-1236.6,213.93
2904.01,-1238.4,212.133
2908.23,-1240.2,210.318
2912.44,-1242,208.505
2916.66,-1243.8,206.69
2920.95,-1245.6,204.832
2925.17,-1247.4,203.004
2929.39,-1249.2,201.176
2933.6,-1251,199.349
2937.83,-1252.8,197.569
2942.04,-1254.6,195.794
2946.26,-1256.4,194.017
2950.47,-1258.2,192.24
2954.7,-1260,190.45
2958.92,-1261.8,188.661
2963.13,-1263.6,186.874
2967.35,-1265.4,185.064
2971.57,-1267.2,183.256
2975.78,-1269,181.447
2980,-1270.8,179.619
2984.22,-1272.6,177.793
2988.44,-1274.4,175.963
2992.65,-1276.2,174.137
2996.88,-1278,172.315
3001.09,-1279.8,170.496
3005.3,-1281.6,168.675
3009.52,-1283.4,166.854
3013.74,-1285.2,165.038
3017.96,-1287,163.221
3022.18,-1288.8,161.407
3026.39,-1290.6,159.609
3030.61,-1292.4,157.81
3034.83,-1294.2,156.013
3039.05,-1296,154.213
3043.26,-1297.8,152.423
3047.48,-1299.6,150.632
3051.69,-1301.4,148.843
3055.91,-1303.2,147.042
3060.16,-1305,145.229
3064.37,-1306.8,143.427
3068.59,-1308.6,141.625
3072.81,-1310.4,139.838
3077.03,-1312.2,138.051
3081.25,-1314,136.266
3085.46,-1315.8,134.491
3089.68,-1317.6,132.714
3093.9,-1319.4,130.938
3098.12,-1321.2,129.161
3102.33,-1323,127.339
3106.55,-1324.8,125.515
3110.77,-1326.6,123.688
3114.99,-1328.4,121.864
3119.21,-1330.2,120.007
3123.43,-1332,118.152
3127.65,-1333.8,116.296
3131.86,-1335.6,114.444
3136.08,-1337.4,112.594
3140.3,-1339.2,110.742
3144.51,-1341,108.891
3148.73,-1342.8,107.066
3152.95,-1344.6,105.243
3157.17,-1346.4,103.419
3161.41,-1348.2,101.593
3165.62,-1350,99.7773
3169.84,-1351.8,97.9608
3174.06,-1353.6,96.1452
3178.28,-1355.4,94.3548
3182.49,-1357.2,92.5669
3186.74,-1359,90.7631
3190.96,-1360.8,88.9633
3195.18,-1362.6,87.1641
3199.4,-1364.4,85.3646
3203.62,-1366.2,83.5658
3207.84,-1368,81.7831
3212.06,-1369.8,80.0013
3216.27,-1371.6,78.2202
3220.49,-1373.4,76.4079
3224.71,-1375.2,74.5993
3228.93,-1377,72.7864
3233.15,-1378.8,70.9775
3237.37,-1380.6,69.1622
3241.58,-1382.4,67.3496
3245.8,-1384.2,65.5361
3250.02,-1386.01,63.7198
3254.24,-1387.81,61.8878
3258.45,-1389.61,60.054
3262.7,-1391.41,58.2108
3266.92,-1393.21,56.376
3271.14,-1395.01,54.5458
3275.36,-1396.81,52.7153
3279.58,-1398.61,50.8826
3283.79,-1400.41,49.0694
3288.01,-1402.21,47.2548
3292.23,-1404.01,45.4436
3296.44,-1405.81,43.6472
3300.66,-1407.61,41.8499
3304.88,-1409.41,40.0537
3309.1,-1411.21,38.2576
3313.32,-1413.01,36.4627
3317.54,-1414.81,34.665
3321.76,-1416.61,32.8689
3325.97,-1418.41,31.0749
3330.19,-1420.21,29.2619
3334.41,-1422.01,27.4518
3338.63,-1423.81,25.6399
3342.85,-1425.61,23.8393
3347.07,-1427.41,22.0368
3351.28,-1429.21,20.2376
3355.5,-1431.01,18.4288
3359.71,-1432.81,16.6195
3363.96,-1434.61,14.8012
3368.18,-1436.41,12.9935
3372.4,-1438.21,11.1881
3376.61,-1440.01,9.3863
3380.83,-1441.81,7.58884
3385.04,-1443.61,5.80828
3389.26,-1445.41,4.03891
3393.48,-1447.21,2.37886
3397.69,-1449.01,1.31579
3401.91,-1450.81,2.13762
3406.13,-1452.61,3.7636
3410.34,-1454.41,5.52473
3414.56,-1456.21,7.32413
3418.78,-1458.01,9.13981
3422.99,-1459.81,10.961
3427.21,-1461.61,12.7884
3431.43,-1463.41,14.6147
3435.64,-1465.21,16.4425
3439.86,-1467.01,18.2736
3444.08,-1468.81,20.1037
3448.3,-1470.61,21.9237
3452.51,-1472.41,23.7427
3456.77,-1474.21,25.5771
3460.98,-1476.01,27.3968
3465.22,-1477.81,29.2241
3469.45,-1479.61,31.0436
3473.66,-1481.41,32.8608
3477.88,-1483.21,34.661
3482.1,-1485.01,36.4578
3486.31,-1486.81,38.2565
3490.53,-1488.61,40.0007
3494.75,-1490.41,41.7444
3498.97,-1492.21,43.4888
3503.19,-1494.01,45.2337
3507.41,-1495.81,46.7888
3511.62,-1497.61,48.3422
3515.84,-1499.41,49.8955
3520.06,-1501.21,51.4522
3524.28,-1503.01,53.3142
3528.5,-1504.81,55.1759
3532.72,-1506.61,57.0354
3536.94,-1508.41,58.8745
3541.15,-1510.21,60.7096
3545.37,-1512.01,62.546
3549.59,-1513.81,64.3835
3553.81,-1515.61,66.22
3558.03,-1517.41,68.0563
3562.25,-1519.21,69.89
3566.49,-1521.01,71.7444
3570.71,-1522.81,73.5913
3574.93,-1524.61,75.437
3579.15,-1526.41,77.2829
3583.37,-1528.21,79.0775
3587.59,-1530.01,80.8733
3591.8,-1531.81,82.6685
3596.02,-1533.61,84.461
3600.24,-1535.41,86.2544
3604.45,-1537.21,88.0459
3608.68,-1539.01,89.8409
3612.9,-1540.81,91.6146
3617.12,-1542.61,93.389
3621.33,-1544.41,95.1613
3625.55,-1546.21,96.935
3629.77,-1548.01,98.6455
3633.99,-1549.81,100.354
3638.25,-1551.61,102.082
3642.47,-1553.41,103.845
3646.68,-1555.21,105.608
3650.91,-1557.01,107.375
3655.12,-1558.81,109.139
3659.34,-1560.61,111.009
3663.56,-1562.41,112.878
3667.81,-1564.21,114.762
3672.02,-1566.01,116.589
3676.24,-1567.81,118.416
3680.46,-1569.61,120.245
3684.68,-1571.41,122.075
3688.9,-1573.21,123.913
3693.11,-1575.01,125.748
3697.33,-1576.81,127.585
3701.54,-1578.61,129.246
3705.76,-1580.41,130.909
3709.98,-1582.21,132.573
3714.19,-1584.01,134.235
3718.42,-1585.81,136.089
3722.64,-1587.61,137.941
3726.86,-1589.41,139.795
3731.07,-1591.21,141.633
3735.29,-1593.01,143.472
3739.5,-1594.81,145.313
3743.72,-1596.61,147.152
3747.94,-1598.41,148.948
3752.16,-1600.21,150.741
3756.37,-1602.01,152.533
3760.59,-1603.81,154.327
3764.81,-1605.61,156.104
3769.06,-1607.41,157.891
3773.27,-1609.21,159.666
3777.49,-1611.01,161.521
3781.71,-1612.81,163.373
3785.93,-1614.61,165.228
3790.15,-1616.41,167.081
3794.36,-1618.21,168.93
3798.58,-1620.01,170.781
3802.8,-1621.81,172.633
3807.02,-1623.61,174.472
3811.24,-1625.41,176.307
3815.45,-1627.21,178.144
3819.68,-1629.01,179.986
3823.9,-1630.81,181.778
3828.12,-1632.61,183.57
3832.33,-1634.41,185.361
3836.54,-1636.21,187.145
3840.77,-1638.01,188.933
3844.98,-1639.81,190.717
3849.2,-1641.61,192.503
3853.42,-1643.41,194.291
3857.64,-1645.21,196.082
3861.85,-1647.01,197.87
3866.07,-1648.81,199.66
3870.32,-1650.61,201.468
3874.53,-1652.41,203.264
3878.75,-1654.21,205.061
3882.97,-1656.01,206.834
3887.19,-1657.81,208.61
3891.4,-1659.61,210.383
3895.62,-1661.41,212.157
3899.84,-1663.21,213.942
3904.06,-1665.01,215.727
3908.28,-1666.81,217.513
3912.49,-1668.61,219.32
3916.75,-1670.41,221.145
3921.06,-1672.21,222.994
3925.37,-1674.01,224.843
3929.6,-1675.81,226.688
3933.82,-1677.61,228.53
3938.04,-1679.41,230.374
3942.25,-1681.21,232.19
3946.47,-1683.01,234.007
3950.69,-1684.81,235.827
3954.91,-1686.61,237.644
3959.13,-1688.41,239.468
3963.35,-1690.21,241.289
3967.57,-1692.01,243.112
3971.82,-1693.81,244.94
3976.04,-1695.61,246.752
3980.26,-1697.41,248.566
3984.48,-1699.21,250.377
3988.7,-1701.01,252.204
3992.92,-1702.81,254.028
3997.15,-1704.61,255.859
4002.46,-1706.41,258.137
4006.72,-1708.21,259.961
4011.13,-1710.01,261.855
4015.53,-1711.81,263.737
4020.09,-1713.61,265.57
4024.52,-1715.41,267.342
4029.01,-1717.21,269.138
4033.46,-1719.01,270.895
4038.12,-1720.81,272.746
4042.5,-1722.61,274.486
4046.96,-1724.41,276.254
4051.28,-1726.21,278.026
4055.51,-1728.01,279.756
4059.74,-1729.81,281.483
4063.95,-1731.61,283.248
4068.18,-1733.41,285.014
4072.43,-1735.21,286.793
4076.65,-1737.01,288.635
4080.87,-1738.81,290.48
4085.08,-1740.61,292.32
4089.3,-1742.41,294.163
4093.52,-1744.21,295.943
4097.74,-1746.01,297.726
4101.96,-1747.81,299.505
4106.17,-1749.61,301.285
4110.39,-1751.41,303.084
4114.61,-1753.21,304.879
4118.83,-1755.02,306.678
4123.08,-1756.82,308.473
4127.3,-1758.62,310.258
4131.52,-1760.42,312.037
4135.73,-1762.22,313.818
4139.95,-1764.02,315.574
4144.17,-1765.82,317.328
4148.39,-1767.62,319.084
4152.61,-1769.42,320.906
4156.83,-1771.22,322.728
4161.04,-1773.02,324.547
4165.26,-1774.82,326.366
4169.48,-1776.62,328.201
4173.73,-1778.42,330.045
4177.95,-1780.22,331.881
4182.17,-1782.02,333.717
4186.38,-1783.82,335.551
4190.6,-1785.62,337.386
4194.82,-1787.42,339.221
4199.04,-1789.22,341.036
4203.26,-1791.02,342.848
4207.48,-1792.82,344.658
4211.69,-1794.62,346.453
4215.91,-1796.42,348.245
4220.13,-1798.22,350.034
4224.38,-1800.02,351.824
4228.6,-1801.82,353.576
4232.82,-1803.62,355.292
4237.04,-1805.42,356.916
4241.25,-1807.22,358.177
4245.46,-1809.02,358.103
4249.68,-1810.82,356.778
4253.9,-1812.62,355.136
4258.12,-1814.42,353.413
4262.33,-1816.22,351.661
4266.55,-1818.02,349.892
4270.77,-1819.82,348.113
4275.01,-1821.62,346.31
4279.23,-1823.42,344.511
4283.45,-1825.22,342.712
4287.67,-1827.02,340.907
4291.88,-1828.82,339.103
4296.1,-1830.62,337.3
4300.32,-1832.42,335.492
4304.54,-1834.22,333.672
4308.76,-1836.02,331.851
4312.98,-1837.82,330.032
4317.2,-1839.62,328.22
4321.44,-1841.42,326.397
4325.66,-1843.22,324.586
4329.88,-1845.02,322.773
4334.1,-1846.82,320.997
4338.38,-1848.62,319.191
4342.6,-1850.42,317.411
4346.82,-1852.22,315.631
4351.04,-1854.02,314.205
4355.25,-1855.82,312.778
4359.47,-1857.62,311.351
4363.69,-1859.42,309.452
4367.91,-1861.22,307.551
4372.13,-1863.02,305.654
4376.37,-1864.82,303.749
4380.59,-1866.62,301.854
4384.81,-1868.42,299.96
4389.03,-1870.22,298.063
4393.25,-1872.02,296.37
4397.47,-1873.82,294.676
4401.68,-1875.62,292.983
4405.9,-1877.42,291.291
4410.12,-1879.22,289.397
4414.34,-1881.02,287.507
4418.62,-1882.82,285.584
4422.87,-1884.62,283.688
4427.09,-1886.42,281.801
4431.31,-1888.22,279.917
4435.52,-1890.02,278.032
4439.74,-1891.82,276.221
4443.96,-1893.62,274.412
4448.18,-1895.42,272.6
4452.4,-1897.22,270.816
4456.62,-1899.02,269.03
4460.83,-1900.82,267.241
4465.05,-1902.62,265.453
4469.27,-1904.42,263.783
4473.49,-1906.22,262.115
4477.74,-1908.02,260.434
4481.95,-1909.82,258.766
4486.17,-1911.62,257.064
4490.39,-1913.42,255.362
4494.61,-1915.22,253.662
4498.83,-1917.02,251.837
4503.04,-1918.82,250.013
4507.27,-1920.62,248.189
4511.48,-1922.42,246.456
4515.69,-1924.22,244.724
4519.92,-1926.02,242.987
4524.16,-1927.82,241.242
4528.39,-1929.62,239.51
4532.6,-1931.42,237.78
4536.82,-1933.22,236.049
4541.04,-1935.02,234.32
4545.26,-1936.82,232.505
4549.48,-1938.62,230.69
4553.69,-1940.42,228.875
4557.92,-1942.22,227.086
4562.13,-1944.02,225.301
4566.35,-1945.82,223.515
4570.57,-1947.62,221.727
4574.78,-1949.42,219.868
4579.03,-1951.22,217.997
4583.24,-1953.02,216.138
4587.46,-1954.82,214.308
4591.68,-1956.62,212.479
4595.89,-1958.42,210.649
4600.11,-1960.22,208.819
4604.32,-1962.02,207.01
4608.54,-1963.82,205.198
4612.76,-1965.62,203.388
4616.98,-1967.42,201.576
4621.22,-1969.22,199.735
4625.44,-1971.02,197.904
4629.66,-1972.82,196.072
4633.88,-1974.62,194.298
4638.1,-1976.42,192.525
4642.31,-1978.22,190.753
4646.53,-1980.02,188.981
4650.75,-1981.82,187.199
4654.96,-1983.62,185.421
4659.19,-1985.42,183.639
4663.4,-1987.22,181.858
4667.62,-1989.02,180.075
4671.83,-1990.82,178.295
4676.05,-1992.62,176.513
4680.3,-1994.42,174.698
4684.51,-1996.22,172.895
4688.73,-1998.02,171.091
4692.95,-1999.82,169.28
4697.17,-2001.62,167.467
4701.38,-2003.42,165.656
4705.59,-2005.22,163.846
4709.81,-2007.02,162.014
4714.03,-2008.82,160.184
4718.25,-2010.62,158.352
4722.49,-2012.42,156.496
4726.75,-2014.22,154.633
4730.97,-2016.02,152.787
4735.18,-2017.82,150.942
4739.41,-2019.62,149.126
4743.62,-2021.42,147.312
4747.84,-2023.22,145.498
4752.05,-2025.02,143.656
4756.27,-2026.82,141.815
4760.49,-2028.62,139.971
4764.7,-2030.42,138.13
4768.93,-2032.22,136.367
4773.14,-2034.02,134.607
4777.36,-2035.82,132.845
4781.6,-2037.62,131.075
4785.82,-2039.42,129.284
4790.04,-2041.22,127.492
4794.26,-2043.02,125.703
4798.48,-2044.82,123.903
4802.69,-2046.62,122.104
4806.92,-2048.42,120.302
4811.13,-2050.22,118.504
4815.34,-2052.02,116.664
4819.56,-2053.82,114.819
4823.81,-2055.62,112.962
4828.03,-2057.42,111.141
4832.25,-2059.22,109.323
4836.46,-2061.02,107.505
4840.68,-2062.82,105.684
4844.9,-2064.62,103.886
4849.12,-2066.42,102.086
4853.33,-2068.22,100.289
4857.55,-2070.02,98.4509
4861.77,-2071.82,96.6154
4865.98,-2073.62,94.7805
4870.2,-2075.42,92.9426
4874.42,-2077.22,91.0152
4878.64,-2079.02,89.086
4882.88,-2080.82,87.1478
4887.1,-2082.62,85.1666
4891.31,-2084.42,83.1888
4895.53,-2086.22,81.2107
4899.75,-2088.02,79.2299
4903.96,-2089.82,77.4545
4908.19,-2091.62,75.6766
4912.4,-2093.42,73.9017
4916.61,-2095.22,72.1268
4920.84,-2097.02,70.3322
4925.08,-2098.82,68.5268
4929.3,-2100.62,66.7321
4933.52,-2102.42,64.9537
4937.75,-2104.22,63.1729
4941.96,-2106.02,61.3972
4946.18,-2107.82,59.6192
4950.4,-2109.62,57.8321
4954.61,-2111.42,56.047
4958.83,-2113.22,54.2602
4963.05,-2115.02,52.4614
4967.27,-2116.82,50.6613
4971.48,-2118.62,48.8635
4975.7,-2120.42,47.0647
4979.92,-2122.22,45.2479
4984.17,-2124.02,43.422
4988.39,-2125.82,41.6059
4992.61,-2127.62,39.7571
4996.83,-2129.43,37.9078
5001.04,-2131.23,36.063
5005.26,-2133.03,34.2178
5009.48,-2134.83,32.4025
5013.69,-2136.63,30.59
5017.92,-2138.43,28.7731
5022.16,-2140.23,26.9604
5026.38,-2142.03,25.1597
5030.6,-2143.83,23.3597
5034.86,-2145.63,21.5412
5039.08,-2147.43,19.7676
5043.3,-2149.23,17.9964
5047.52,-2151.03,16.2277
5051.74,-2152.83,14.4631
5055.95,-2154.63,12.6924
5060.18,-2156.43,10.9266
5064.39,-2158.23,9.17583
5068.61,-2160.03,7.44778
5072.82,-2161.83,5.75927
5077.04,-2163.63,4.15169
5081.25,-2165.43,2.77919
5085.46,-2167.23,2.14749
5089.68,-2169.03,2.8139
5093.89,-2170.83,4.20006
5098.11,-2172.63,5.8247
5102.32,-2174.43,7.52915
5106.53,-2176.23,9.27089
5110.75,-2178.03,11.0342
5114.96,-2179.83,12.8223
5119.19,-2181.63,14.6221
5123.43,-2183.43,16.4364
5127.65,-2185.23,18.244
5131.87,-2187.03,20.0648
5136.08,-2188.83,21.8873
5140.31,-2190.63,23.7142
5144.52,-2192.43,25.5225
5148.74,-2194.23,27.3347
5152.96,-2196.03,29.1445
5157.18,-2197.83,30.9544
5161.39,-2199.63,32.7605
5165.61,-2201.43,34.5675
5169.83,-2203.23,36.3776
5174.04,-2205.03,38.1762
5178.26,-2206.83,39.9773
5182.48,-2208.63,41.7757
5186.76,-2210.43,43.6041
5190.98,-2212.23,45.2174
5195.2,-2214.03,46.8291
5199.42,-2215.83,48.4434
5203.63,-2217.63,50.1731
5207.85,-2219.43,51.9038
5212.07,-2221.23,53.632
5216.28,-2223.03,55.3609
5220.5,-2224.83,57.2908
5224.75,-2226.63,59.2331
5228.97,-2228.43,61.1637
5233.19,-2230.23,62.8705
5237.41,-2232.03,64.5792
5241.62,-2233.83,66.2846
5245.84,-2235.63,67.9906
5250.06,-2237.43,69.8224
5254.28,-2239.23,71.6499
5258.5,-2241.03,73.4803
5262.71,-2242.83,75.3798
5266.94,-2244.63,77.2855
5271.15,-2246.43,79.1848
5275.37,-2248.23,81.0848
5279.59,-2250.03,82.85
5283.8,-2251.83,84.6143
5288.05,-2253.63,86.392
5292.27,-2255.43,88.1539
5296.48,-2257.23,89.9156
5300.7,-2259.03,91.6795
5304.92,-2260.83,93.4418
5309.15,-2262.63,95.1562
5313.36,-2264.43,96.8683
5317.58,-2266.23,98.5809
5321.8,-2268.03,100.295
5326.04,-2269.83,102.058
5330.26,-2271.63,103.811
5334.48,-2273.43,105.562
5338.7,-2275.23,107.356
5342.92,-2277.03,109.147
5347.14,-2278.83,110.941
5351.35,-2280.63,112.731
5355.57,-2282.43,114.447
5359.79,-2284.23,116.166
5364,-2286.03,117.882
5368.22,-2287.83,119.6
5372.44,-2289.63,121.377
5376.65,-2291.43,123.155
5380.88,-2293.23,124.934
5385.09,-2295.03,126.828
5389.34,-2296.83,128.736
5393.56,-2298.63,130.63
5397.78,-2300.43,132.382
5401.99,-2302.23,134.13
5406.2,-2304.03,135.878
5410.43,-2305.83,137.632
5414.64,-2307.63,139.499
5418.89,-2309.43,141.377
5423.27,-2311.23,143.316
5427.57,-2313.03,145.221
5431.79,-2314.83,147.017
5436,-2316.63,148.812
5440.23,-2318.43,150.607
5444.44,-2320.23,152.409
5448.66,-2322.03,154.212
5452.88,-2323.83,156.015
5457.1,-2325.63,157.844
5461.31,-2327.43,159.669
5465.53,-2329.23,161.495
5469.75,-2331.03,163.324
5473.97,-2332.83,165.111
5478.19,-2334.63,166.9
5482.4,-2336.43,168.687
5486.62,-2338.23,170.475
5490.83,-2340.03,172.251
5495.05,-2341.83,174.029
5499.27,-2343.63,175.807
5503.49,-2345.43,177.622
5507.7,-2347.23,179.438
5511.92,-2349.03,181.254
5516.13,-2350.83,183.069
5520.47,-2352.63,184.947
5524.71,-2354.43,186.787
5528.94,-2356.23,188.618
5533.15,-2358.03,190.432
5537.37,-2359.83,192.246
5541.58,-2361.63,194.058
5545.81,-2363.43,195.873
5550.03,-2365.23,197.694
5554.25,-2367.03,199.512
5558.47,-2368.83,201.332
5562.68,-2370.63,203.143
5566.9,-2372.43,204.954
5571.12,-2374.23,206.763
5575.33,-2376.03,208.572
5579.55,-2377.83,210.356
5583.77,-2379.63,212.138
5588.02,-2381.43,213.933
5592.23,-2383.23,215.714
5596.45,-2385.03,217.506
5600.67,-2386.83,219.3
5604.89,-2388.63,221.092
5609.11,-2390.43,222.88
5613.32,-2392.23,224.665
5617.54,-2394.03,226.452
5621.75,-2395.83,228.237
5626,-2397.63,230.061
5630.22,-2399.43,231.873
5634.44,-2401.23,233.684
5638.66,-2403.03,235.498
5642.88,-2404.83,237.31
5647.1,-2406.63,239.122
5651.31,-2408.43,240.933
5655.53,-2410.23,242.753
5659.75,-2412.03,244.575
5663.96,-2413.83,246.394
5668.18,-2415.63,248.217
5672.4,-2417.43,250.083
5676.62,-2419.23,251.949
5680.83,-2421.03,253.817
5685.05,-2422.83,255.663
5689.3,-2424.63,257.521
5693.51,-2426.43,259.367
5697.74,-2428.23,261.191
5701.95,-2430.03,263.013
5706.17,-2431.83,264.834
5710.38,-2433.63,266.658
5714.6,-2435.43,268.437
5718.82,-2437.23,270.221
5723.07,-2439.03,272.015
5727.29,-2440.83,273.797
5731.51,-2442.63,275.594
5735.79,-2444.43,277.417
5740.01,-2446.23,279.216
5744.23,-2448.03,280.981
5748.44,-2449.83,282.747
5752.66,-2451.63,284.513
5756.89,-2453.43,286.281
5761.1,-2455.23,288.093
5765.31,-2457.03,289.905
5769.53,-2458.83,291.72
5773.75,-2460.63,293.699
5777.97,-2462.43,295.68
5782.18,-2464.23,297.657
5786.4,-2466.03,299.635
5790.64,-2467.83,301.453
5794.86,-2469.63,303.26
5799.08,-2471.43,305.067
5803.3,-2473.23,306.943
5807.52,-2475.03,308.819
5811.74,-2476.83,310.694
5815.95,-2478.63,312.569
5820.18,-2480.43,314.483
5824.42,-2482.23,316.408
5828.65,-2484.03,318.322
5832.86,-2485.83,320.231
5837.08,-2487.63,322.02
5841.3,-2489.43,323.807
5845.51,-2491.23,325.594
5849.74,-2493.03,327.382
5853.95,-2494.83,329.165
5858.17,-2496.64,330.95
5862.39,-2498.44,332.733
5866.6,-2500.24,334.471
5870.82,-2502.04,336.21
5875.04,-2503.84,337.946
5879.25,-2505.64,339.683
5883.47,-2507.44,341.417
5887.69,-2509.24,343.153
5891.94,-2511.04,344.896
5896.15,-2512.84,346.664
5900.37,-2514.64,348.43
5904.59,-2516.44,350.187
5908.81,-2518.24,351.91
5913.03,-2520.04,353.615
5917.25,-2521.84,355.29
5921.47,-2523.64,356.887
5925.72,-2525.44,358.193
5929.94,-2527.24,358.2
5934.16,-2529.04,356.91
5938.38,-2530.84,355.255
5942.6,-2532.64,353.511
5946.82,-2534.44,351.735
5951.03,-2536.24,349.945
5955.25,-2538.04,348.145
5959.47,-2539.84,346.34
5963.69,-2541.64,344.531
5967.91,-2543.44,342.719
5972.12,-2545.24,340.911
5976.34,-2547.04,339.102
5980.56,-2548.84,337.289
5984.77,-2550.64,335.513
5989,-2552.44,333.733
5993.24,-2554.24,331.944
5997.46,-2556.04,330.147
6001.68,-2557.84,328.352
6005.89,-2559.64,326.555
6010.11,-2561.44,324.758
6014.32,-2563.24,322.951
6018.54,-2565.04,321.141
6022.77,-2566.84,319.33
6027.02,-2568.64,317.506
6031.23,-2570.44,315.799
6035.45,-2572.24,314.091
6039.67,-2574.04,312.382
6043.89,-2575.84,310.722
6048.11,-2577.64,309.061
6052.32,-2579.44,307.404
6056.54,-2581.24,305.745
6060.76,-2583.04,303.786
6064.97,-2584.84,301.831
6069.19,-2586.64,299.872
6073.41,-2588.44,298.063
6077.69,-2590.24,296.223
6081.92,-2592.04,294.411
6086.13,-2593.84,292.601
6090.35,-2595.64,290.745
6094.6,-2597.44,288.879
6098.82,-2599.24,287.02
6103.04,-2601.04,285.164
6107.26,-2602.84,283.308
6111.48,-2604.64,281.456
6115.69,-2606.44,279.604
6119.92,-2608.24,277.82
6124.16,-2610.04,276.027
6128.38,-2611.84,274.243
6132.6,-2613.64,272.46
6136.82,-2615.44,270.678
6141.04,-2617.24,268.898
6145.25,-2619.04,267.117
6149.47,-2620.84,265.348
6153.69,-2622.64,263.58
6157.91,-2624.44,261.81
6162.12,-2626.24,260.043
6166.34,-2628.04,258.375
6170.56,-2629.84,256.703
6174.78,-2631.64,255.034
6179,-2633.44,253.209
6183.22,-2635.24,251.388
6187.44,-2637.04,249.564
6191.65,-2638.84,247.743
6195.9,-2640.64,245.906
6200.12,-2642.44,244.078
6204.34,-2644.24,242.254
6208.56,-2646.04,240.375
6212.77,-2647.84,238.499
6217,-2649.64,236.621
6221.21,-2651.44,234.744
6225.46,-2653.24,232.823
6229.68,-2655.04,230.912
6233.9,-2656.84,229.002
6238.12,-2658.64,227.092
6242.33,-2660.44,225.435
6246.55,-2662.24,223.775
6250.77,-2664.04,222.115
6254.99,-2665.84,220.296
6259.21,-2667.64,218.476
6263.42,-2669.44,216.656
6267.64,-2671.24,214.836
6271.86,-2673.04,212.993
6276.07,-2674.84,211.15
6280.3,-2676.64,209.306
6284.51,-2678.44,207.49
6288.74,-2680.24,205.673
6292.95,-2682.04,203.858
6297.17,-2683.84,202.042
6301.39,-2685.64,200.212
6305.6,-2687.44,198.383
6309.82,-2689.24,196.552
6314.04,-2691.04,194.738
6318.26,-2692.84,192.924
6322.47,-2694.64,191.112
6326.76,-2696.44,189.27
6330.98,-2698.24,187.459
6335.19,-2700.04,185.65
6339.41,-2701.84,183.84
6343.63,-2703.64,182.021
6347.85,-2705.44,180.201
6352.06,-2707.24,178.382
6356.28,-2709.04,176.564
6360.5,-2710.84,174.74
6364.71,-2712.64,172.919
6368.93,-2714.44,171.096
6373.15,-2716.24,169.303
6377.37,-2718.04,167.509
6381.58,-2719.84,165.718
6385.8,-2721.64,163.923
6390.02,-2723.44,162.138
6394.24,-2725.24,160.353
6398.48,-2727.04,158.557
6402.7,-2728.84,156.772
6406.92,-2730.64,154.98
6411.14,-2732.44,153.193
6415.35,-2734.24,151.405
6419.57,-2736.04,149.615
6423.79,-2737.84,147.825
6428.04,-2739.64,146.019
6432.26,-2741.44,144.231
6436.52,-2743.24,142.409
6440.75,-2745.04,140.604
6444.96,-2746.84,138.802
6449.18,-2748.64,136.987
6453.4,-2750.44,135.174
6457.62,-2752.24,133.359
6461.83,-2754.04,131.548
6466.05,-2755.84,129.666
6470.27,-2757.64,127.783
6474.48,-2759.44,125.902
6478.7,-2761.24,124.011
6482.93,-2763.04,122.117
6487.15,-2764.84,120.225
6491.36,-2766.64,118.335
6495.57,-2768.44,116.491
6499.82,-2770.24,114.632
6504.04,-2772.04,112.787
6508.26,-2773.84,110.94
6512.47,-2775.64,109.134
6516.69,-2777.44,107.328
6520.91,-2779.24,105.517
6525.16,-2781.04,103.714
6529.38,-2782.84,101.922
6533.6,-2784.64,100.132
6537.82,-2786.44,98.3387
6542.03,-2788.24,96.5076
6546.25,-2790.04,94.6772
6550.47,-2791.84,92.8448
6554.69,-2793.64,91.0164
6558.91,-2795.44,89.1893
6563.13,-2797.24,87.3638
6567.35,-2799.04,85.5372
6571.56,-2800.84,83.7186
6575.78,-2802.64,81.9
6580,-2804.44,80.0784
6584.22,-2806.24,78.2785
6588.44,-2808.04,76.4761
6592.66,-2809.84,74.6747
6596.88,-2811.64,72.871
6601.12,-2813.44,71.0393
6605.34,-2815.24,69.2195
6609.56,-2817.04,67.3971
6613.77,-2818.84,65.5717
6618,-2820.64,63.7438
6622.23,-2822.44,61.9095
6626.48,-2824.24,60.0717
6630.7,-2826.04,58.2505
6634.92,-2827.84,56.4309
6639.14,-2829.64,54.61
6643.35,-2831.44,52.8552
6647.57,-2833.24,51.0982
6651.79,-2835.04,49.3433
6656,-2836.84,47.5883
6660.22,-2838.64,45.7999
6664.44,-2840.44,44.0129
6668.66,-2842.24,42.2251
6672.88,-2844.04,40.4381
6677.09,-2845.84,38.5745
6681.31,-2847.64,36.7123
6685.53,-2849.44,34.8505
6689.75,-2851.24,33.0884
6693.96,-2853.04,31.3288
6698.18,-2854.84,29.5667
6702.42,-2856.64,27.7978
6706.64,-2858.44,25.9659
6710.86,-2860.24,24.1336
6715.07,-2862.04,22.3045
6719.29,-2863.84,20.5309
6723.51,-2865.65,18.7588
6727.75,-2867.45,16.9736
6731.97,-2869.25,15.2041
6736.19,-2871.05,13.3376
6740.41,-2872.85,11.4725
6744.65,-2874.65,9.60163
6748.88,-2876.45,7.7122
6753.09,-2878.25,5.83947
6757.3,-2880.05,3.99173
6761.52,-2881.85,2.242
6765.74,-2883.65,1.16431
6769.95,-2885.45,2.02209
6774.17,-2887.25,3.63666
6778.38,-2889.05,5.40481
6782.6,-2890.85,7.20413
6786.82,-2892.65,9.01404
6791.03,-2894.45,10.8296
6795.25,-2896.25,12.6431
6799.47,-2898.05,14.4603
6803.71,-2899.85,16.2881
6807.93,-2901.65,18.1104
6812.15,-2903.45,19.8819
6816.36,-2905.25,21.6533
6820.58,-2907.05,23.4277
6824.83,-2908.85,25.2022
6829.05,-2910.65,26.9679
6833.27,-2912.45,28.7311
6837.49,-2914.25,30.4951
6841.7,-2916.05,32.2867
6845.92,-2917.85,34.0825
6850.14,-2919.65,35.8782
6854.36,-2921.45,37.6863
6858.57,-2923.25,39.4969
6862.79,-2925.05,41.3061
6867.01,-2926.85,43.1175
6871.22,-2928.65,44.8892
6875.44,-2930.45,46.6623
6879.66,-2932.25,48.4366
6883.88,-2934.05,50.0521
6888.1,-2935.85,51.6684
6892.31,-2937.65,53.2828
6896.53,-2939.45,54.8974
6900.75,-2941.25,56.7721
6904.99,-2943.05,58.6562
6909.21,-2944.85,60.5305
6913.42,-2946.65,62.4036
6917.65,-2948.45,64.2055
6921.92,-2950.25,66.0224
6926.27,-2952.05,67.8845
6930.51,-2953.85,69.6243
6934.73,-2955.65,71.3584
6938.94,-2957.45,73.0918
6943.16,-2959.25,74.9186
6947.38,-2961.05,76.7464
6951.6,-2962.85,78.5722
6955.82,-2964.65,80.3989
6960.04,-2966.45,82.1938
6964.26,-2968.25,83.9873
6968.48,-2970.05,85.7821
6972.69,-2971.85,87.5736
6976.92,-2973.65,89.3625
6981.13,-2975.45,91.1472
6985.35,-2977.25,92.9313
6989.57,-2979.05,94.7373
6993.78,-2980.85,96.5415
6998,-2982.65,98.3464
7002.22,-2984.45,100.148
7006.48,-2986.25,101.887
7010.7,-2988.05,103.61
7014.92,-2989.85,105.334
7019.14,-2991.65,107.056
7023.36,-2993.45,108.791
7027.61,-2995.25,110.539
7031.82,-2997.05,112.272
7036.04,-2998.85,114.103
7040.26,-3000.65,115.936
7044.47,-3002.45,117.767
7048.69,-3004.25,119.599
7052.91,-3006.05,121.391
7057.13,-3007.85,123.184
7061.34,-3009.65,124.972
7065.56,-3011.45,126.777
7069.78,-3013.25,128.582
7074,-3015.05,130.387
7078.22,-3016.85,132.192
7082.43,-3018.65,133.866
7086.65,-3020.45,135.541
7090.87,-3022.25,137.219
7095.08,-3024.05,139.03
7099.31,-3025.85,140.844
7103.52,-3027.65,142.655
7107.77,-3029.45,144.482
7111.99,-3031.25,146.292
7116.2,-3033.05,148.102
7120.42,-3034.85,149.914
7124.64,-3036.65,151.718
7128.89,-3038.45,153.534
7133.17,-3040.25,155.363
7137.4,-3042.05,157.166
7141.61,-3043.85,158.971
7145.83,-3045.65,160.778
7150.05,-3047.45,162.586
7154.26,-3049.25,164.391
7158.48,-3051.05,166.268
7162.7,-3052.85,168.145
7166.92,-3054.65,170.023
7171.14,-3056.45,171.845
7175.35,-3058.25,173.666
7179.57,-3060.05,175.49
7183.79,-3061.85,177.305
7188.01,-3063.65,179.121
7192.22,-3065.45,180.935
7196.43,-3067.25,182.75
7200.65,-3069.05,184.523
7204.87,-3070.85,186.296
7209.12,-3072.65,188.081
7213.33,-3074.45,189.852
7217.55,-3076.25,191.627
7221.77,-3078.05,193.401
7226.02,-3079.85,195.187
7230.24,-3081.65,196.961
7234.45,-3083.45,198.731
7238.67,-3085.25,200.503
7242.89,-3087.05,202.276
7247.11,-3088.85,204.067
7251.32,-3090.65,205.855
7255.54,-3092.45,207.644
7259.76,-3094.25,209.472
7263.98,-3096.05,211.298
7268.19,-3097.85,213.127
7272.41,-3099.65,214.953
7276.62,-3101.45,216.788
7280.85,-3103.25,218.624
7285.06,-3105.05,220.459
7289.28,-3106.85,222.294
7293.5,-3108.65,224.147
7297.72,-3110.45,226
7301.93,-3112.25,227.852
7306.15,-3114.05,229.666
7310.39,-3115.85,231.493
7314.61,-3117.65,233.307
7318.83,-3119.45,235.108
7323.05,-3121.25,236.908
7327.3,-3123.05,238.721
7331.52,-3124.85,240.52
7335.73,-3126.65,242.303
7339.95,-3128.45,244.086
7344.17,-3130.25,245.868
7348.39,-3132.05,247.652
7352.61,-3133.85,249.449
7356.83,-3135.65,251.245
7361.04,-3137.45,253.04
7365.26,-3139.25,254.832
7369.48,-3141.05,256.625
7373.69,-3142.85,258.415
7377.92,-3144.65,260.211
7382.13,-3146.45,262.007
7386.35,-3148.25,263.805
7390.57,-3150.05,265.604
7394.78,-3151.85,267.433
7399.01,-3153.65,269.266
7403.22,-3155.45,271.096
7407.44,-3157.25,272.926
7411.68,-3159.05,274.759
7415.9,-3160.85,276.581
7420.12,-3162.65,278.404
7424.34,-3164.45,280.226
7428.59,-3166.25,282.08
7432.81,-3168.05,283.92
7437.03,-3169.85,285.762
7441.24,-3171.65,287.585
7445.46,-3173.45,289.408
7449.68,-3175.25,291.233
7453.9,-3177.05,293.066
7458.12,-3178.85,294.9
7462.33,-3180.65,296.732
7466.55,-3182.45,298.565
7470.77,-3184.25,300.359
7474.98,-3186.05,302.152
7479.2,-3187.85,303.946
7483.42,-3189.65,305.74
7487.64,-3191.45,307.544
7491.86,-3193.25,309.345
7496.07,-3195.05,311.146
7500.29,-3196.85,312.932
7504.51,-3198.65,314.717
7508.73,-3200.45,316.503
7512.97,-3202.25,318.297
7517.19,-3204.05,320.075
7521.4,-3205.85,321.851
7525.62,-3207.65,323.63
7529.87,-3209.45,325.409
7534.09,-3211.25,327.174
7538.31,-3213.05,328.941
7542.53,-3214.85,330.704
7546.82,-3216.65,332.572
7551.04,-3218.45,334.405
7555.25,-3220.25,336.239
7559.48,-3222.05,338.061
7563.69,-3223.85,339.88
7567.91,-3225.65,341.702
7572.13,-3227.45,343.52
7576.34,-3229.25,345.338
7580.56,-3231.05,347.159
7584.78,-3232.85,348.976
7589,-3234.66,350.793
7593.22,-3236.46,352.602
7597.44,-3238.26,354.407
7601.65,-3240.06,356.195
7605.87,-3241.86,357.901
7610.09,-3243.66,359.163
7614.33,-3245.46,358.159
7618.55,-3247.26,356.474
7622.77,-3249.06,354.725
7627.02,-3250.86,352.947
7631.24,-3252.66,351.178
7635.45,-3254.46,349.411
7639.68,-3256.26,347.64
7643.89,-3258.06,345.87
7648.11,-3259.86,344.098
7652.33,-3261.66,342.31
7656.55,-3263.46,340.52
7660.77,-3265.26,338.727
7664.99,-3267.06,336.904
7669.2,-3268.86,335.081
7673.42,-3270.66,333.258
7677.64,-3272.46,331.434
7681.86,-3274.26,329.616
7686.07,-3276.06,327.797
7690.29,-3277.86,325.975
7694.51,-3279.66,324.132
7698.73,-3281.46,322.285
7702.94,-3283.26,320.443
7707.16,-3285.06,318.598
7711.38,-3286.86,316.791
7715.61,-3288.66,314.973
7719.83,-3290.46,313.164
7724.12,-3292.26,311.327
7728.37,-3294.06,309.559
7732.59,-3295.86,307.803
7736.81,-3297.66,306.047
7741.03,-3299.46,304.265
7745.24,-3301.26,302.482
7749.46,-3303.06,300.698
7753.67,-3304.86,298.915
7757.9,-3306.66,297.11
7762.11,-3308.46,295.31
7766.32,-3310.26,293.508
7770.54,-3312.06,291.713
7774.76,-3313.86,289.921
7778.98,-3315.66,288.126
7783.19,-3317.46,286.334
7787.42,-3319.26,284.546
7791.63,-3321.06,282.763
7795.84,-3322.86,280.979
7800.06,-3324.66,279.162
7804.28,-3326.46,277.348
7808.5,-3328.26,275.531
7812.72,-3330.06,273.718
7816.97,-3331.86,271.892
7821.18,-3333.66,270.084
7825.4,-3335.46,268.272
7829.69,-3337.26,266.413
7833.91,-3339.06,264.584
7838.13,-3340.86,262.755
7842.34,-3342.66,260.93
7846.56,-3344.46,259.124
7850.78,-3346.26,257.317
7854.99,-3348.06,255.511
7859.21,-3349.86,253.705
7863.43,-3351.66,251.89
7867.65,-3353.46,250.073
7871.86,-3355.26,248.259
7876.08,-3357.06,246.471
7880.3,-3358.86,244.68
7884.52,-3360.66,242.89
7888.74,-3362.46,241.096
7892.96,-3364.26,239.332
7897.18,-3366.06,237.564
7901.39,-3367.86,235.801
7905.61,-3369.66,234.035
7909.83,-3371.46,232.268
7914.05,-3373.26,230.501
7918.29,-3375.06,228.724
7922.51,-3376.86,226.959
7926.81,-3378.66,225.161
7931.02,-3380.46,223.396
7935.24,-3382.26,221.688
7939.46,-3384.06,219.978
7943.67,-3385.86,218.27
7947.89,-3387.66,216.559
7952.11,-3389.46,214.741
7956.32,-3391.26,212.923
7960.54,-3393.06,211.103
7964.76,-3394.86,209.222
7968.98,-3396.66,207.34
7973.2,-3398.46,205.46
7977.42,-3400.26,203.578
7981.63,-3402.06,201.718
7985.85,-3403.86,199.857
7990.07,-3405.66,197.994
7994.29,-3407.46,196.196
7998.51,-3409.26,194.398
8002.73,-3411.06,192.599
8006.94,-3412.86,190.8
8011.16,-3414.66,189.054
8015.37,-3416.46,187.305
8019.62,-3418.26,185.545
8023.84,-3420.06,183.796
8028.09,-3421.86,182.033
8032.3,-3423.66,180.285
8036.52,-3425.46,178.538
8040.74,-3427.26,176.779
8044.96,-3429.06,175.025
8049.18,-3430.86,173.268
8053.39,-3432.66,171.514
8057.61,-3434.46,169.726
8061.82,-3436.26,167.941
8066.04,-3438.06,166.154
8070.26,-3439.86,164.317
8074.47,-3441.66,162.482
8078.69,-3443.46,160.645
8082.91,-3445.26,158.81
8087.13,-3447.06,156.955
8091.34,-3448.86,155.105
8095.56,-3450.66,153.251
8099.78,-3452.46,151.369
8103.99,-3454.26,149.488
8108.21,-3456.06,147.607
8112.42,-3457.86,145.726
8116.64,-3459.66,143.907
8120.89,-3461.46,142.074
8125.1,-3463.26,140.255
8129.35,-3465.06,138.42
8133.57,-3466.86,136.639
8137.8,-3468.66,134.853
8142.01,-3470.46,133.073
8146.23,-3472.26,131.344
8150.45,-3474.06,129.615
8154.67,-3475.86,127.884
8158.89,-3477.66,126.153
8163.1,-3479.46,124.378
8167.32,-3481.26,122.602
8171.53,-3483.06,120.827
8175.75,-3484.86,119.066
8179.97,-3486.66,117.304
8184.18,-3488.46,115.544
8188.41,-3490.26,113.781
8192.62,-3492.06,112.002
8196.84,-3493.86,110.223
8201.06,-3495.66,108.444
8205.27,-3497.46,106.616
8209.49,-3499.26,104.787
8213.71,-3501.06,102.96
8217.93,-3502.86,101.129
8222.17,-3504.66,99.2891
8226.39,-3506.46,97.4573
8230.64,-3508.26,95.6116
8234.86,-3510.06,93.7794
8239.08,-3511.86,91.9352
8243.3,-3513.66,90.0928
8247.52,-3515.46,88.2486
8251.73,-3517.26,86.4096
8255.95,-3519.06,84.5709
8260.17,-3520.86,82.7298
8264.39,-3522.66,80.9135
8268.61,-3524.46,79.0953
8272.82,-3526.26,77.2795
8277.04,-3528.06,75.4604
8281.26,-3529.86,73.6819
8285.47,-3531.66,71.9018
8289.69,-3533.46,70.1205
8294.04,-3535.26,68.2851
8298.27,-3537.06,66.523
8302.48,-3538.86,64.7657
8306.74,-3540.66,62.9939
8310.96,-3542.46,61.2643
8315.17,-3544.26,59.5376
8319.39,-3546.06,57.8088
8323.61,-3547.86,56.081
8327.86,-3549.66,54.2878
8332.07,-3551.46,52.5095
8336.29,-3553.26,50.7297
8340.51,-3555.06,48.8983
8344.73,-3556.86,47.0669
8348.95,-3558.66,45.236
8353.16,-3560.46,43.4064
8357.38,-3562.26,41.5947
8361.6,-3564.06,39.7865
8365.81,-3565.86,37.9773
8370.04,-3567.66,36.1017
8374.25,-3569.46,34.2303
8378.48,-3571.26,32.3565
8382.69,-3573.06,30.486
8386.92,-3574.86,28.6483
8391.13,-3576.66,26.8143
8395.35,-3578.46,24.9805
8399.57,-3580.26,23.1457
8403.78,-3582.06,21.2985
8408,-3583.86,19.4491
8412.22,-3585.66,17.6037
8416.43,-3587.46,15.7821
8420.69,-3589.26,13.9472
8425.08,-3591.06,12.054
8429.39,-3592.86,10.1929
8433.61,-3594.66,8.40917
8437.83,-3596.46,6.63377
8442.04,-3598.26,4.87727
8446.26,-3600.06,3.21338
