4.28035,-1.8,0.387653
8.81837,-3.6,0.391671
13.0527,-5.4,0.395647
17.2672,-7.2,0.399584
21.4834,-9,0.403482
25.6932,-10.8,1.40776
29.9059,-12.6,2.62209
34.1144,-14.4,3.85139
38.3221,-16.2,5.08598
42.5353,-18,7.26896
46.744,-19.8,9.45309
50.958,-21.6,11.6403
55.1704,-23.4,13.716
59.3813,-25.2,15.7928
63.5971,-27,17.8713
67.8092,-28.8,19.9483
72.0254,-30.6,21.9732
76.2359,-32.4,23.9956
80.4534,-34.2,26.0212
84.6636,-36,28.0045
88.8762,-37.8,29.9888
93.0928,-39.6,31.9753
97.3733,-41.4,33.9916
101.594,-43.2,35.9564
105.808,-45,37.9188
110.023,-46.8,39.882
114.238,-48.6,41.6354
118.497,-50.4,43.3893
122.713,-52.2,45.1644
126.925,-54,46.9188
131.175,-55.8,48.6285
135.511,-57.6,50.3831
139.753,-59.4,52.097
143.964,-61.2,53.8235
148.177,-63,55.5504
152.395,-64.8,57.2801
156.607,-66.6,59.007
160.824,-68.4,60.6932
165.034,-70.2,62.3772
169.245,-72,64.0617
173.462,-73.8,65.7481
177.674,-75.6,67.507
181.89,-77.4,69.2674
186.104,-79.2,71.0265
190.32,-81,72.8977
194.529,-82.8,74.7657
198.778,-84.6,76.6513
202.995,-86.4,78.5229
207.208,-88.2,80.4136
211.423,-90,82.3052
215.642,-91.8,84.1974
219.858,-93.6,86.0024
224.069,-95.4,87.8041
228.28,-97.2,89.6067
232.497,-99,91.4106
236.708,-100.8,93.1831
240.923,-102.6,94.9566
245.131,-104.4,96.7277
249.343,-106.2,98.2474
253.558,-108,99.769
257.769,-109.8,101.289
261.983,-111.6,102.81
266.193,-113.4,104.38
270.407,-115.2,105.953
274.615,-117,107.523
278.826,-118.8,109.288
283.04,-120.6,111.053
287.248,-122.4,112.817
291.463,-124.2,114.583
295.673,-126,116.391
299.914,-127.8,118.212
304.124,-129.6,120.02
308.337,-131.4,121.948
312.551,-133.2,123.879
316.765,-135,125.809
320.98,-136.8,127.74
325.189,-138.6,129.411
329.438,-140.4,131.098
333.652,-142.2,132.771
337.863,-144,134.443
342.079,-145.8,136.313
346.29,-147.6,138.181
350.505,-149.4,140.05
354.713,-151.2,141.915
358.923,-153,143.781
363.137,-154.8,145.649
367.352,-156.6,147.518
371.567,-158.4,149.328
375.778,-160.2,151.136
379.992,-162,152.946
384.203,-163.8,154.739
388.413,-165.6,156.533
392.628,-167.4,158.328
396.838,-169.2,160.122
401.053,-171,161.952
405.287,-172.8,163.79
409.504,-174.6,165.621
413.712,-176.4,167.448
417.926,-178.2,169.298
422.14,-180,171.148
426.35,-181.8,172.997
430.564,-183.6,174.812
434.772,-185.4,176.624
438.982,-187.2,178.437
443.196,-189,180.248
447.406,-190.8,182.056
451.619,-192.6,183.867
455.83,-194.4,185.675
460.046,-196.2,187.477
464.255,-198,189.275
468.465,-199.8,191.074
472.68,-201.6,192.874
476.891,-203.4,194.669
481.106,-205.2,196.467
485.319,-207,198.263
489.534,-208.8,200.056
493.742,-210.6,201.847
497.951,-212.4,203.637
502.19,-214.2,205.441
506.402,-216,207.23
510.618,-217.8,209.021
514.83,-219.6,210.81
519.042,-221.4,212.611
523.257,-223.2,214.413
527.468,-225,216.213
531.684,-226.8,218.016
535.896,-228.6,219.827
540.112,-230.4,221.64
544.322,-232.2,223.45
548.533,-234,225.262
552.75,-235.8,227.096
556.962,-237.6,228.93
561.178,-239.4,230.764
565.389,-241.2,232.585
569.605,-243,234.408
573.814,-244.8,236.229
578.025,-246.6,238.049
582.24,-248.4,239.868
586.452,-250.2,241.685
590.667,-252,243.504
594.876,-253.8,245.336
599.087,-255.6,247.169
603.329,-257.4,249.015
607.541,-259.2,250.849
611.755,-261,252.675
615.97,-262.8,254.502
620.188,-264.6,256.328
624.397,-266.4,258.143
628.608,-268.2,259.957
632.823,-270,261.772
637.034,-271.8,263.586
641.249,-273.6,265.391
645.46,-275.4,267.194
649.675,-277.2,268.998
653.886,-279,270.814
658.098,-280.8,272.63
662.313,-282.6,274.448
666.524,-284.4,276.264
670.743,-286.2,278.088
674.953,-288,279.911
679.166,-289.8,281.734
683.382,-291.6,283.557
687.593,-293.4,285.4
691.808,-295.2,287.245
696.019,-297,289.088
700.235,-298.8,290.943
704.468,-300.6,292.806
708.679,-302.4,294.66
712.894,-304.2,296.515
717.11,-306,298.378
721.327,-307.8,300.241
725.539,-309.6,302.102
729.754,-311.4,303.971
733.964,-313.2,305.837
738.175,-315,307.704
742.391,-316.8,309.572
746.603,-318.6,311.442
750.819,-320.4,313.314
755.029,-322.2,315.184
759.242,-324,317.069
763.458,-325.8,318.956
767.67,-327.6,320.841
771.886,-329.4,322.729
776.097,-331.2,324.609
780.314,-333,326.491
784.524,-334.8,328.371
788.802,-336.6,330.299
793.021,-338.4,332.2
797.232,-340.2,334.099
801.448,-342,335.999
805.661,-343.8,337.927
809.877,-345.6,339.856
814.087,-347.4,341.782
818.302,-349.2,343.71
822.519,-351,345.678
826.732,-352.8,347.644
830.947,-354.6,349.611
835.158,-356.4,351.596
839.369,-358.2,353.582
843.585,-360,355.566
847.799,-361.8,357.538
852.015,-363.6,359.403
856.227,-365.4,358.362
860.443,-367.2,356.389
864.654,-369,354.395
868.866,-370.8,352.395
873.082,-372.6,350.391
877.293,-374.4,348.389
881.51,-376.199,346.398
885.722,-377.999,344.407
889.939,-379.799,342.416
894.148,-381.599,340.426
898.361,-383.399,338.444
902.579,-385.199,336.459
906.816,-386.999,334.464
911.034,-388.799,332.492
915.28,-390.599,330.522
919.497,-392.399,328.535
923.708,-394.199,326.553
927.92,-395.999,324.569
932.136,-397.799,322.584
936.348,-399.599,320.601
940.564,-401.399,318.729
944.775,-403.199,316.859
948.986,-404.999,314.988
953.203,-406.799,313.115
957.414,-408.599,311.429
961.63,-410.399,309.742
965.841,-412.199,308.057
970.057,-413.999,306.31
974.266,-415.799,304.566
978.477,-417.599,302.822
982.692,-419.399,301.075
986.904,-421.199,299.318
991.119,-422.999,297.56
995.331,-424.799,295.802
999.547,-426.599,294.041
1003.76,-428.399,292.283
1007.97,-430.199,290.523
1012.19,-431.999,288.762
1016.4,-433.799,286.941
1020.62,-435.599,285.12
1024.83,-437.399,283.301
1029.04,-439.199,281.481
1033.26,-440.999,279.616
1037.47,-442.799,277.752
1041.69,-444.599,275.887
1045.9,-446.399,274.145
1050.11,-448.199,272.402
1054.32,-449.999,270.661
1058.54,-451.799,268.92
1062.75,-453.599,267.212
1066.97,-455.399,265.505
1071.18,-457.199,263.797
1075.4,-458.999,262.195
1079.61,-460.799,260.592
1083.82,-462.599,258.992
1088.03,-464.399,257.391
1092.25,-466.199,255.832
1096.46,-467.999,254.275
1100.68,-469.799,252.716
1104.89,-471.599,251.098
1109.13,-473.399,249.47
1113.34,-475.199,247.849
1117.56,-476.999,246.228
1121.78,-478.799,244.663
1125.99,-480.599,243.099
1130.21,-482.399,241.533
1134.42,-484.199,239.97
1138.63,-485.999,238.349
1142.85,-487.799,236.727
1147.06,-489.599,235.106
1151.28,-491.399,233.435
1155.49,-493.199,231.767
1159.71,-494.999,230.096
1163.92,-496.799,228.429
1168.13,-498.599,226.868
1172.35,-500.399,225.307
1176.56,-502.199,223.747
1180.78,-503.999,222.186
1184.99,-505.799,220.627
1189.2,-507.599,219.067
1193.42,-509.399,217.505
1197.63,-511.199,215.899
1201.84,-512.999,214.29
1206.06,-514.799,212.684
1210.3,-516.599,210.993
1214.51,-518.399,209.315
1218.73,-520.199,207.636
1222.95,-521.999,205.956
1227.16,-523.799,204.158
1231.38,-525.599,202.359
1235.59,-527.398,200.561
1239.81,-529.198,198.762
1244.02,-530.998,196.908
1248.23,-532.798,195.054
1252.45,-534.598,193.198
1256.66,-536.398,191.378
1260.88,-538.198,189.557
1265.09,-539.998,187.738
1269.3,-541.798,185.918
1273.52,-543.598,184.11
1277.73,-545.398,182.303
1281.94,-547.198,180.496
1286.16,-548.998,178.695
1290.37,-550.798,176.891
1294.58,-552.598,175.09
1298.8,-554.398,173.289
1303.01,-556.198,171.49
1307.22,-557.998,169.693
1311.46,-559.798,167.884
1315.68,-561.598,166.089
1319.9,-563.398,164.294
1324.11,-565.198,162.503
1328.32,-566.998,160.71
1332.54,-568.798,158.917
1336.75,-570.598,157.126
1340.97,-572.398,155.334
1345.18,-574.198,153.528
1349.39,-575.998,151.721
1353.61,-577.798,149.912
1357.82,-579.598,148.104
1362.04,-581.398,146.287
1366.25,-583.198,144.471
1370.47,-584.998,142.654
1374.68,-586.798,140.839
1378.89,-588.598,139.008
1383.11,-590.398,137.176
1387.32,-592.198,135.346
1391.53,-593.998,133.53
1395.75,-595.798,131.717
1399.96,-597.598,129.901
1404.17,-599.398,128.089
1408.38,-601.198,126.292
1412.63,-602.998,124.483
1416.84,-604.798,122.684
1421.06,-606.598,120.879
1425.28,-608.398,119.075
1429.5,-610.198,117.271
1433.7,-611.998,115.47
1437.92,-613.798,113.638
1442.13,-615.598,111.805
1446.34,-617.398,109.972
1450.56,-619.198,108.139
1454.77,-620.998,106.307
1458.98,-622.798,104.475
1463.2,-624.598,102.642
1467.41,-626.398,100.832
1471.63,-628.198,99.0203
1475.84,-629.998,97.2105
1480.06,-631.798,95.3999
1484.27,-633.598,93.5923
1488.48,-635.398,91.7833
1492.73,-637.198,89.9568
1496.95,-638.998,88.1438
1501.16,-640.798,86.3289
1505.38,-642.598,84.5162
1509.59,-644.398,82.6825
1513.8,-646.198,80.8512
1518.02,-647.998,79.0179
1522.24,-649.798,77.1845
1526.45,-651.598,75.3533
1530.67,-653.398,73.5207
1534.88,-655.198,71.6909
1539.09,-656.998,69.8602
1543.31,-658.798,68.0197
1547.52,-660.598,66.1806
1551.74,-662.398,64.3402
1555.95,-664.198,62.5047
1560.17,-665.998,60.6679
1564.38,-667.798,58.8335
1568.59,-669.598,56.9985
1572.81,-671.398,55.1542
1577.02,-673.198,53.312
1581.23,-674.997,51.4683
1585.45,-676.797,49.6097
1589.66,-678.597,47.7495
1593.87,-680.397,45.8919
1598.08,-682.197,44.0339
1602.3,-683.997,42.169
1606.51,-685.797,40.3063
1610.73,-687.597,38.4415
1614.94,-689.397,36.5796
1619.16,-691.197,34.6903
1623.37,-692.997,32.8003
1627.59,-694.797,30.9127
1631.82,-696.597,28.993
1636.15,-698.397,27.0254
1640.47,-700.197,25.0615
1644.68,-701.997,23.11
1648.89,-703.797,21.1584
1653.11,-705.597,19.2054
1657.33,-707.397,17.2556
1661.54,-709.197,15.2705
1665.76,-710.997,13.2875
1669.97,-712.797,11.305
1674.18,-714.597,9.32617
1678.39,-716.397,7.32178
1682.61,-718.197,5.32219
1686.82,-719.997,3.34374
1691.03,-721.797,1.47509
1695.24,-723.597,1.10782
1699.49,-725.397,2.90101
1703.7,-727.197,4.86022
1707.91,-728.997,6.83907
1712.18,-730.797,8.82901
1716.39,-732.597,10.8507
1720.61,-734.397,12.8417
1724.82,-736.197,14.8308
1729.03,-737.997,16.8218
1733.25,-739.797,18.8154
1737.46,-741.597,20.801
1741.68,-743.397,22.7883
1745.89,-745.197,24.7744
1750.11,-746.997,26.767
1754.32,-748.797,28.7565
1758.53,-750.597,30.7477
1762.75,-752.397,32.7405
1766.96,-754.197,34.7285
1771.18,-755.997,36.7187
1775.39,-757.797,38.7073
1779.61,-759.597,40.6974
1783.82,-761.397,42.5779
1788.03,-763.197,44.4595
1792.25,-764.997,46.3436
1796.46,-766.797,47.9997
1800.68,-768.597,49.6577
1804.89,-770.397,51.3134
1809.1,-772.197,52.969
1813.32,-773.997,54.7158
1817.54,-775.797,56.4635
1821.75,-777.597,58.2115
1825.97,-779.397,59.9267
1830.18,-781.197,61.6437
1834.4,-782.997,63.3581
1838.61,-784.797,65.0733
1842.83,-786.597,66.7921
1847.04,-788.397,68.5093
1851.26,-790.197,70.2279
1855.47,-791.997,72.0747
1859.69,-793.797,73.9232
1863.9,-795.597,75.7704
1868.12,-797.397,77.6178
1872.34,-799.197,79.4467
1876.55,-800.997,81.2719
1880.77,-802.797,83.0993
1884.98,-804.597,84.924
1889.19,-806.397,86.7276
1893.41,-808.197,88.5333
1897.62,-809.997,90.3373
1901.84,-811.797,92.1313
1906.05,-813.597,93.9236
1910.27,-815.397,95.7182
1914.48,-817.197,97.5102
1918.7,-818.997,99.2085
1922.92,-820.797,100.907
1927.13,-822.596,102.603
1931.35,-824.396,104.138
1935.56,-826.196,105.672
1939.78,-827.996,107.207
1943.99,-829.796,108.74
1948.2,-831.596,110.338
1952.41,-833.396,111.938
1956.63,-835.196,113.535
1960.84,-836.996,115.135
1965.05,-838.796,116.71
1969.27,-840.596,118.286
1973.48,-842.396,119.864
1977.7,-844.196,121.413
1981.91,-845.996,122.963
1986.12,-847.796,124.512
1990.34,-849.596,126.128
1994.55,-851.396,127.742
1998.77,-853.196,129.357
2002.98,-854.996,130.973
2007.19,-856.796,132.479
2011.41,-858.596,133.987
2015.62,-860.396,135.493
2019.84,-862.196,137.002
2024.05,-863.996,138.567
2028.27,-865.796,140.133
2032.48,-867.596,141.701
2036.69,-869.396,143.304
2040.91,-871.196,144.909
2045.12,-872.996,146.511
2049.33,-874.796,148.115
2053.55,-876.596,149.933
2057.76,-878.396,151.749
2061.98,-880.196,153.568
2066.19,-881.996,155.459
2070.41,-883.796,157.353
2074.62,-885.596,159.244
2078.83,-887.396,161.136
2083.05,-889.196,162.975
2087.26,-890.996,164.813
2091.48,-892.796,166.652
2095.69,-894.596,168.49
2099.91,-896.396,170.294
2104.12,-898.196,172.095
2108.33,-899.996,173.896
2112.55,-901.796,175.683
2116.76,-903.596,177.47
2120.98,-905.396,179.257
2125.19,-907.196,181.043
2129.44,-908.996,182.844
2133.65,-910.796,184.632
2137.87,-912.596,186.418
2142.08,-914.396,188.198
2146.3,-916.196,189.976
2150.51,-917.996,191.756
2154.72,-919.796,193.533
2158.94,-921.596,195.336
2163.16,-923.396,197.142
2167.37,-925.196,198.947
2171.59,-926.996,200.754
2175.8,-928.796,202.559
2180.02,-930.596,204.365
2184.23,-932.396,206.169
2188.5,-934.196,208.019
2192.72,-935.996,209.845
2196.93,-937.796,211.669
2201.15,-939.596,213.499
2205.36,-941.396,215.327
2209.58,-943.196,217.157
2213.79,-944.996,218.985
2218.01,-946.796,220.817
2222.22,-948.596,222.65
2226.44,-950.396,224.481
2230.65,-952.196,226.313
2234.86,-953.996,228.108
2239.08,-955.796,229.904
2243.29,-957.596,231.701
2247.51,-959.396,233.495
2251.72,-961.196,235.29
2255.94,-962.996,237.083
2260.15,-964.796,238.887
2264.36,-966.596,240.688
2268.58,-968.396,242.49
2272.79,-970.195,244.293
2277.01,-971.995,246.115
2281.22,-973.795,247.939
2285.44,-975.595,249.761
2289.65,-977.395,251.584
2293.86,-979.195,253.406
2298.08,-980.995,255.229
2302.3,-982.795,257.054
2306.51,-984.595,258.864
2310.73,-986.395,260.674
2314.94,-988.195,262.482
2319.15,-989.995,264.292
2323.37,-991.795,266.108
2327.58,-993.595,267.922
2331.8,-995.395,269.739
2336.01,-997.195,271.567
2340.23,-998.995,273.398
2344.44,-1000.8,275.225
2348.65,-1002.6,277.053
2352.87,-1004.4,278.88
2357.08,-1006.2,280.705
2361.3,-1008,282.532
2365.51,-1009.8,284.358
2369.73,-1011.6,286.195
2373.94,-1013.4,288.03
2378.15,-1015.2,289.865
2382.37,-1017,291.688
2386.58,-1018.8,293.51
2390.8,-1020.6,295.333
2395.01,-1022.4,297.153
2399.22,-1024.2,298.98
2403.44,-1026,300.808
2407.65,-1027.8,302.635
2411.87,-1029.6,304.454
2416.08,-1031.4,306.271
2420.3,-1033.2,308.09
2424.51,-1035,309.906
2428.72,-1036.8,311.726
2432.94,-1038.6,313.547
2437.15,-1040.4,315.367
2441.37,-1042.2,317.195
2445.58,-1044,319.022
2449.8,-1045.8,320.851
2454.01,-1047.6,322.676
2458.22,-1049.4,324.531
2462.44,-1051.2,326.387
2466.65,-1053,328.241
2470.87,-1054.8,330.128
2475.08,-1056.6,332.011
2479.29,-1058.4,333.894
2483.51,-1060.2,335.779
2487.72,-1062,337.665
2491.93,-1063.8,339.553
2496.15,-1065.6,341.437
2500.36,-1067.4,343.322
2504.57,-1069.2,345.209
2508.78,-1071,347.094
2513.03,-1072.8,348.988
2517.24,-1074.6,350.857
2521.46,-1076.4,352.718
2525.68,-1078.2,354.55
2529.89,-1080,356.324
2534.1,-1081.8,357.884
2538.32,-1083.6,358.371
2542.53,-1085.4,357.159
2546.74,-1087.2,355.452
2550.96,-1089,353.631
2555.17,-1090.8,351.777
2559.38,-1092.6,349.904
2563.6,-1094.4,348.008
2567.81,-1096.2,346.108
2572.03,-1098,344.202
2576.24,-1099.8,342.289
2580.46,-1101.6,340.373
2584.67,-1103.4,338.458
2588.88,-1105.2,336.542
2593.1,-1107,334.621
2597.31,-1108.8,332.701
2601.53,-1110.6,330.779
2605.74,-1112.4,328.851
2609.96,-1114.2,326.921
2614.17,-1116,324.993
2618.39,-1117.8,323.061
2622.61,-1119.6,321.143
2626.82,-1121.4,319.228
2631.03,-1123.2,317.31
2635.24,-1125,315.395
2639.49,-1126.8,313.558
2643.7,-1128.6,311.736
2647.92,-1130.4,309.914
2652.13,-1132.2,308.244
2656.35,-1134,306.575
2660.56,-1135.8,304.904
2664.78,-1137.6,303.236
2668.99,-1139.4,301.487
2673.2,-1141.2,299.737
2677.42,-1143,297.988
2681.64,-1144.8,296.26
2685.85,-1146.6,294.534
2690.07,-1148.4,292.806
2694.28,-1150.2,291.08
2698.49,-1152,289.321
2702.71,-1153.8,287.558
2706.92,-1155.6,285.798
2711.14,-1157.4,284.002
2715.38,-1159.2,282.197
2719.6,-1161,280.398
2723.81,-1162.8,278.604
2728.02,-1164.6,276.793
2732.24,-1166.4,274.981
2736.45,-1168.2,273.17
2740.67,-1170,271.341
2744.88,-1171.8,269.515
2749.09,-1173.6,267.687
2753.31,-1175.4,265.858
2757.52,-1177.2,264.079
2761.74,-1179,262.298
2765.95,-1180.8,260.518
2770.17,-1182.6,258.738
2774.38,-1184.4,257.131
2778.59,-1186.2,255.524
2782.81,-1188,253.915
2787.02,-1189.8,252.336
2791.24,-1191.6,250.756
2795.45,-1193.4,249.177
2799.67,-1195.2,247.597
2803.88,-1197,246.025
2808.1,-1198.8,244.453
2812.31,-1200.6,242.879
2816.53,-1202.4,241.357
2820.75,-1204.2,239.831
2824.96,-1206,238.309
2829.17,-1207.8,236.787
2833.39,-1209.6,235.218
2837.6,-1211.4,233.65
2841.82,-1213.2,232.081
2846.03,-1215,230.333
2850.24,-1216.8,228.584
2854.45,-1218.6,226.838
2858.67,-1220.4,225.091
2862.88,-1222.2,223.266
2867.1,-1224,221.444
2871.31,-1225.8,219.62
2875.53,-1227.6,217.797
2879.74,-1229.4,215.92
2883.95,-1231.2,214.046
2888.16,-1233,212.172
2892.38,-1234.8,210.375
2896.59,-1236.6,208.581
2900.81,-1238.4,206.784
2905.02,-1240.2,204.99
2909.23,-1242,203.196
2913.45,-1243.8,201.4
2917.69,-1245.6,199.591
2921.91,-1247.4,197.749
2926.13,-1249.2,195.91
2930.34,-1251,194.069
2934.55,-1252.8,192.231
2938.76,-1254.6,190.421
2942.98,-1256.4,188.608
2947.19,-1258.2,186.797
2951.41,-1260,185.01
2955.62,-1261.8,183.224
2959.83,-1263.6,181.437
2964.04,-1265.4,179.653
2968.26,-1267.2,177.869
2972.47,-1269,176.083
2976.68,-1270.8,174.299
2980.9,-1272.6,172.493
2985.11,-1274.4,170.689
2989.32,-1276.2,168.885
2993.54,-1278,167.079
2997.75,-1279.8,165.271
3001.97,-1281.6,163.461
3006.18,-1283.4,161.653
3010.39,-1285.2,159.843
3014.6,-1287,158.017
3018.82,-1288.8,156.189
3023.04,-1290.6,154.361
3027.25,-1292.4,152.538
3031.47,-1294.2,150.714
3035.68,-1296,148.892
3039.89,-1297.8,147.069
3044.1,-1299.6,145.255
3048.32,-1301.4,143.44
3052.53,-1303.2,141.623
3056.74,-1305,139.799
3060.96,-1306.8,137.973
3065.17,-1308.6,136.149
3069.38,-1310.4,134.325
3073.6,-1312.2,132.545
3077.81,-1314,130.767
3082.03,-1315.8,128.987
3086.24,-1317.6,127.191
3090.46,-1319.4,125.393
3094.67,-1321.2,123.599
3098.88,-1323,121.803
3103.09,-1324.8,120.005
3107.31,-1326.6,118.21
3111.52,-1328.4,116.413
3115.73,-1330.2,114.574
3119.95,-1332,112.733
3124.16,-1333.8,110.895
3128.37,-1335.6,109.057
3132.62,-1337.4,107.22
3136.97,-1339.2,105.33
3141.27,-1341,103.46
3145.48,-1342.8,101.629
3149.7,-1344.6,99.831
3153.91,-1346.4,98.036
3158.13,-1348.2,96.2403
3162.34,-1350,94.4187
3166.56,-1351.8,92.5988
3170.78,-1353.6,90.7776
3174.99,-1355.4,88.958
3179.2,-1357.2,87.1363
3183.42,-1359,85.3132
3187.63,-1360.8,83.4916
3191.85,-1362.6,81.6717
3196.06,-1364.4,79.8542
3200.28,-1366.2,78.0357
3204.49,-1368,76.2195
3208.7,-1369.8,74.4067
3212.92,-1371.6,72.5925
3217.13,-1373.4,70.7791
3221.35,-1375.2,68.9629
3225.57,-1377,67.1369
3229.79,-1378.8,65.3094
3234,-1380.6,63.4843
3238.21,-1382.4,61.6653
3242.43,-1384.2,59.8454
3246.64,-1386.01,58.0267
3250.86,-1387.81,56.1903
3255.07,-1389.61,54.3576
3259.28,-1391.41,52.5243
3263.5,-1393.21,50.689
3267.71,-1395.01,48.8469
3271.93,-1396.81,47.0033
3276.14,-1398.61,45.1612
3280.36,-1400.41,43.3174
3284.57,-1402.21,41.4423
3288.79,-1404.01,39.566
3293,-1405.81,37.6889
3297.22,-1407.61,35.7974
3301.43,-1409.41,33.9044
3305.65,-1411.21,32.0128
3309.87,-1413.01,30.121
3314.08,-1414.81,28.2322
3318.29,-1416.61,26.3437
3322.51,-1418.41,24.4529
3326.72,-1420.21,22.5634
3330.94,-1422.01,20.6732
3335.15,-1423.81,18.7885
3339.36,-1425.61,16.9046
3343.58,-1427.41,15.0273
3347.79,-1429.21,13.1568
3352.01,-1431.01,11.2918
3356.22,-1432.81,9.43949
3360.44,-1434.61,7.58595
3364.65,-1436.41,5.77245
3368.85,-1438.21,4.0453
3373.07,-1440.01,2.58027
3377.28,-1441.81,2.06119
3381.49,-1443.61,3.02154
3385.7,-1445.41,4.61482
3389.91,-1447.21,6.41141
3394.12,-1449.01,8.26911
3398.33,-1450.81,10.1569
3402.55,-1452.61,12.0705
3406.76,-1454.41,13.9915
3410.98,-1456.21,15.9197
3415.19,-1458.01,17.8495
3419.48,-1459.81,19.8303
3423.7,-1461.61,21.7821
3427.91,-1463.41,23.7324
3432.13,-1465.21,25.6826
3436.34,-1467.01,27.6326
3440.56,-1468.81,29.5848
3444.77,-1470.61,31.5349
3448.98,-1472.41,33.4841
3453.2,-1474.21,35.4363
3457.41,-1476.01,37.3872
3461.63,-1477.81,39.3291
3465.84,-1479.61,41.2687
3470.06,-1481.41,43.2107
3474.26,-1483.21,45.1492
3478.48,-1485.01,46.9259
3482.7,-1486.81,48.7057
3486.91,-1488.61,50.4825
3491.12,-1490.41,52.2613
3495.34,-1492.21,53.9134
3499.55,-1494.01,55.5681
3503.76,-1495.81,57.2202
3507.98,-1497.61,58.9739
3512.19,-1499.41,60.7296
3516.41,-1501.21,62.4838
3520.63,-1503.01,64.2409
3524.84,-1504.81,65.9403
3529.05,-1506.61,67.6402
3533.26,-1508.41,69.3424
3537.48,-1510.21,71.1139
3541.69,-1512.01,72.8869
3545.91,-1513.81,74.6582
3550.12,-1515.61,76.4314
3554.33,-1517.41,78.2792
3558.54,-1519.21,80.1283
3562.76,-1521.01,81.9789
3566.97,-1522.81,83.8157
3571.19,-1524.61,85.6546
3575.4,-1526.41,87.4912
3579.62,-1528.21,89.3293
3583.83,-1530.01,91.144
3588.04,-1531.81,92.9596
3592.26,-1533.61,94.7771
3596.47,-1535.41,96.5933
3600.69,-1537.21,98.3759
3604.9,-1539.01,100.156
3609.11,-1540.81,101.936
3613.33,-1542.61,103.562
3617.54,-1544.41,105.188
3621.76,-1546.21,106.815
3625.97,-1548.01,108.44
3630.25,-1549.81,110.063
3634.46,-1551.61,111.66
3638.68,-1553.41,113.258
3642.89,-1555.21,114.838
3647.1,-1557.01,116.416
3651.32,-1558.81,117.996
3655.53,-1560.61,119.575
3659.75,-1562.41,121.141
3663.96,-1564.21,122.705
3668.17,-1566.01,124.269
3672.39,-1567.81,125.857
3676.61,-1569.61,127.445
3680.82,-1571.41,129.033
3685.03,-1573.21,130.619
3689.25,-1575.01,132.249
3693.46,-1576.81,133.88
3697.68,-1578.61,135.51
3701.89,-1580.41,137.154
3706.1,-1582.21,138.796
3710.32,-1584.01,140.439
3714.53,-1585.81,142.08
3718.75,-1587.61,143.725
3722.97,-1589.41,145.374
3727.18,-1591.21,147.019
3731.4,-1593.01,148.781
3735.61,-1594.81,150.541
3739.83,-1596.61,152.303
3744.04,-1598.41,154.062
3748.25,-1600.21,155.897
3752.47,-1602.01,157.735
3756.68,-1603.81,159.571
3760.89,-1605.61,161.408
3765.1,-1607.41,163.229
3769.32,-1609.21,165.051
3773.53,-1611.01,166.874
3777.75,-1612.81,168.678
3781.96,-1614.61,170.483
3786.17,-1616.41,172.287
3790.39,-1618.21,174.093
3794.6,-1620.01,175.874
3798.81,-1621.81,177.657
3803.03,-1623.61,179.441
3807.24,-1625.41,181.236
3811.45,-1627.21,183.034
3815.67,-1629.01,184.829
3819.89,-1630.81,186.629
3824.1,-1632.61,188.436
3828.31,-1634.41,190.243
3832.52,-1636.21,192.053
3836.73,-1638.01,193.871
3840.95,-1639.81,195.692
3845.16,-1641.61,197.511
3849.37,-1643.41,199.329
3853.59,-1645.21,201.14
3857.8,-1647.01,202.949
3862.02,-1648.81,204.758
3866.23,-1650.61,206.567
3870.45,-1652.41,208.377
3874.66,-1654.21,210.184
3878.87,-1656.01,211.992
3883.08,-1657.81,213.788
3887.3,-1659.61,215.583
3891.51,-1661.41,217.379
3895.72,-1663.21,219.174
3899.94,-1665.01,220.982
3904.15,-1666.81,222.788
3908.36,-1668.61,224.594
3912.58,-1670.41,226.398
3916.82,-1672.21,228.211
3921.04,-1674.01,230.017
3925.29,-1675.81,231.818
3929.51,-1677.61,233.613
3933.72,-1679.41,235.39
3937.93,-1681.21,237.167
3942.15,-1683.01,238.977
3946.36,-1684.81,240.784
3950.58,-1686.61,242.594
3954.79,-1688.41,244.4
3959,-1690.21,246.22
3963.22,-1692.01,248.041
3967.43,-1693.81,249.86
3971.65,-1695.61,251.722
3975.86,-1697.41,253.582
3980.08,-1699.21,255.444
3984.29,-1701.01,257.302
3988.5,-1702.81,259.124
3992.72,-1704.61,260.947
3996.93,-1706.41,262.769
4001.15,-1708.21,264.596
4006.05,-1710.01,266.697
4010.76,-1711.81,268.721
4015.18,-1713.61,270.624
4019.63,-1715.41,272.426
4024.05,-1717.21,274.216
4028.57,-1719.01,276.046
4033.06,-1720.81,277.862
4037.57,-1722.61,279.688
4042.26,-1724.41,281.601
4046.66,-1726.21,283.372
4051.06,-1728.01,285.146
4055.39,-1729.81,286.894
4059.61,-1731.61,288.596
4063.83,-1733.41,290.33
4068.04,-1735.21,292.065
4072.26,-1737.01,293.801
4076.48,-1738.81,295.536
4080.7,-1740.61,297.389
4084.91,-1742.41,299.238
4089.13,-1744.21,301.088
4093.35,-1746.01,302.931
4097.56,-1747.81,304.772
4101.78,-1749.61,306.615
4106,-1751.41,308.455
4110.21,-1753.21,310.303
4114.43,-1755.02,312.148
4118.68,-1756.82,314.012
4122.91,-1758.62,315.858
4127.13,-1760.42,317.705
4131.35,-1762.22,319.55
4135.56,-1764.02,321.393
4139.78,-1765.82,323.237
4143.99,-1767.62,325.079
4148.21,-1769.42,326.921
4152.43,-1771.22,328.78
4156.64,-1773.02,330.636
4160.86,-1774.82,332.494
4165.07,-1776.62,334.349
4169.29,-1778.42,336.196
4173.51,-1780.22,338.044
4177.72,-1782.02,339.889
4181.94,-1783.82,341.734
4186.16,-1785.62,343.592
4190.38,-1787.42,345.449
4194.59,-1789.22,347.299
4198.8,-1791.02,349.158
4203.02,-1792.82,351.008
4207.23,-1794.62,352.834
4211.45,-1796.42,354.618
4215.67,-1798.22,356.323
4219.91,-1800.02,357.67
4224.13,-1801.82,357.809
4228.35,-1803.62,356.589
4232.56,-1805.42,354.906
4236.78,-1807.22,353.092
4241,-1809.02,351.224
4245.21,-1810.82,349.33
4249.46,-1812.62,347.402
4253.68,-1814.42,345.484
4257.89,-1816.22,343.572
4262.11,-1818.02,341.653
4266.32,-1819.82,339.733
4270.54,-1821.62,337.81
4274.75,-1823.42,335.898
4278.97,-1825.22,333.984
4283.19,-1827.02,332.066
4287.4,-1828.82,330.151
4291.62,-1830.62,328.243
4295.83,-1832.42,326.336
4300.05,-1834.22,324.427
4304.26,-1836.02,322.54
4308.48,-1837.82,320.652
4312.7,-1839.62,318.762
4316.91,-1841.42,316.873
4321.13,-1843.22,315.082
4325.35,-1845.02,313.292
4329.57,-1846.82,311.501
4333.85,-1848.62,309.794
4338.06,-1850.42,308.111
4342.28,-1852.22,306.427
4346.49,-1854.02,304.744
4350.71,-1855.82,303.027
4354.92,-1857.62,301.311
4359.14,-1859.42,299.596
4363.36,-1861.22,297.876
4367.57,-1863.02,296.157
4371.79,-1864.82,294.437
4376.01,-1866.62,292.718
4380.23,-1868.42,291.034
4384.44,-1870.22,289.354
4388.65,-1872.02,287.672
4392.87,-1873.82,285.878
4397.09,-1875.62,284.085
4401.31,-1877.42,282.291
4405.53,-1879.22,280.499
4409.74,-1881.02,278.704
4413.96,-1882.82,276.913
4418.17,-1884.62,275.12
4422.39,-1886.42,273.326
4426.61,-1888.22,271.508
4430.83,-1890.02,269.69
4435.04,-1891.82,267.874
4439.25,-1893.62,266.097
4443.47,-1895.42,264.319
4447.69,-1897.22,262.542
4451.91,-1899.02,260.802
4456.12,-1900.82,259.065
4460.34,-1902.62,257.325
4464.55,-1904.42,255.588
4468.77,-1906.22,253.971
4472.98,-1908.02,252.352
4477.2,-1909.82,250.735
4481.42,-1911.62,249.116
4485.63,-1913.42,247.547
4489.85,-1915.22,245.977
4494.06,-1917.02,244.408
4498.28,-1918.82,242.862
4502.5,-1920.62,241.314
4506.71,-1922.42,239.768
4510.93,-1924.22,238.22
4515.14,-1926.02,236.593
4519.36,-1927.82,234.967
4523.57,-1929.62,233.34
4527.78,-1931.42,231.526
4532.01,-1933.22,229.71
4536.22,-1935.02,227.896
4540.43,-1936.82,226.084
4544.64,-1938.62,224.353
4548.85,-1940.42,222.618
4553.07,-1942.22,220.879
4557.29,-1944.02,219.144
4561.51,-1945.82,217.281
4565.72,-1947.62,215.42
4569.94,-1949.42,213.557
4574.15,-1951.22,211.754
4578.37,-1953.02,209.952
4582.58,-1954.82,208.147
4586.8,-1956.62,206.335
4591.02,-1958.42,204.521
4595.23,-1960.22,202.711
4599.48,-1962.02,200.884
4603.69,-1963.82,199.082
4607.9,-1965.62,197.279
4612.12,-1967.42,195.476
4616.33,-1969.22,193.674
4620.55,-1971.02,191.84
4624.76,-1972.82,190.009
4628.98,-1974.62,188.176
4633.22,-1976.42,186.343
4637.53,-1978.22,184.473
4641.82,-1980.02,182.611
4646.03,-1981.82,180.782
4650.24,-1983.62,178.997
4654.45,-1985.42,177.214
4658.66,-1987.22,175.427
4662.89,-1989.02,173.617
4667.1,-1990.82,171.811
4671.31,-1992.62,170.007
4675.52,-1994.42,168.203
4679.74,-1996.22,166.404
4683.95,-1998.02,164.607
4688.17,-1999.82,162.811
4692.39,-2001.62,161.012
4696.6,-2003.42,159.222
4700.82,-2005.22,157.431
4705.03,-2007.02,155.643
4709.24,-2008.82,153.858
4713.46,-2010.62,152.071
4717.67,-2012.42,150.286
4721.89,-2014.22,148.483
4726.11,-2016.02,146.68
4730.33,-2017.82,144.878
4734.54,-2019.62,143.077
4738.76,-2021.42,141.269
4742.97,-2023.22,139.458
4747.19,-2025.02,137.65
4751.41,-2026.82,135.84
4755.62,-2028.62,134.015
4759.84,-2030.42,132.187
4764.05,-2032.22,130.362
4768.26,-2034.02,128.538
4772.48,-2035.82,126.713
4776.69,-2037.62,124.889
4780.91,-2039.42,123.063
4785.13,-2041.22,121.239
4789.34,-2043.02,119.416
4793.56,-2044.82,117.591
4797.77,-2046.62,115.782
4801.99,-2048.42,113.972
4806.2,-2050.22,112.163
4810.42,-2052.02,110.354
4814.63,-2053.82,108.543
4818.85,-2055.62,106.732
4823.07,-2057.42,104.918
4827.28,-2059.22,103.105
4831.5,-2061.02,101.279
4835.72,-2062.82,99.4546
4839.94,-2064.62,97.6276
4844.15,-2066.42,95.8169
4848.36,-2068.22,94.0059
4852.58,-2070.02,92.1934
4856.8,-2071.82,90.3827
4861.02,-2073.62,88.5771
4865.23,-2075.42,86.7737
4869.48,-2077.22,84.9538
4873.69,-2079.02,83.146
4877.91,-2080.82,81.338
4882.13,-2082.62,79.5269
4886.35,-2084.42,77.7188
4890.56,-2086.22,75.8943
4894.78,-2088.02,74.0722
4898.99,-2089.82,72.2495
4903.21,-2091.62,70.4127
4907.43,-2093.42,68.578
4911.65,-2095.22,66.7414
4915.87,-2097.02,64.9065
4920.09,-2098.82,63.0643
4924.3,-2100.62,61.2281
4928.52,-2102.42,59.3905
4932.74,-2104.22,57.5487
4936.95,-2106.02,55.7092
4941.17,-2107.82,53.8683
4945.38,-2109.62,52.0293
4949.6,-2111.42,50.1958
4953.82,-2113.22,48.3651
4958.03,-2115.02,46.5331
4962.25,-2116.82,44.7002
4966.47,-2118.62,42.8592
4970.68,-2120.42,41.0162
4974.9,-2122.22,39.1764
4979.11,-2124.02,37.3473
4983.33,-2125.82,35.5171
4987.54,-2127.62,33.6893
4991.76,-2129.43,31.8595
4995.98,-2131.23,30.026
5000.2,-2133.03,28.1914
5004.41,-2134.83,26.3602
5008.62,-2136.63,24.5226
5012.84,-2138.43,22.6844
5017.05,-2140.23,20.8501
5021.27,-2142.03,19.0171
5025.49,-2143.83,17.1606
5029.77,-2145.63,15.2778
5033.98,-2147.43,13.4333
5038.2,-2149.23,11.5787
5042.42,-2151.03,9.73946
5046.63,-2152.83,7.9323
5050.84,-2154.63,6.17753
5055.05,-2156.43,4.53179
5059.27,-2158.23,3.19285
5063.48,-2160.03,2.67207
5067.69,-2161.83,3.37334
5071.91,-2163.63,4.79045
5076.12,-2165.43,6.46748
5080.33,-2167.23,8.24995
5084.54,-2169.03,10.072
5088.76,-2170.83,11.9222
5092.98,-2172.63,13.7901
5097.19,-2174.43,15.6658
5101.41,-2176.23,17.5521
5105.62,-2178.03,19.4403
5109.84,-2179.83,21.3342
5114.05,-2181.63,23.2153
5118.27,-2183.43,25.0996
5122.48,-2185.23,26.987
5126.7,-2187.03,28.8761
5130.92,-2188.83,30.764
5135.13,-2190.63,32.6502
5139.35,-2192.43,34.5375
5143.56,-2194.23,36.4134
5147.78,-2196.03,38.2878
5152,-2197.83,40.1645
5156.21,-2199.63,42.04
5160.43,-2201.43,43.9146
5164.64,-2203.23,45.7865
5168.86,-2205.03,47.6597
5173.07,-2206.83,49.4494
5177.29,-2208.63,51.238
5181.51,-2210.43,53.0285
5185.72,-2212.23,54.8181
5189.94,-2214.03,56.5348
5194.15,-2215.83,58.2488
5198.36,-2217.63,59.9639
5202.58,-2219.43,61.6808
5206.8,-2221.23,63.4243
5211.01,-2223.03,65.1692
5215.23,-2224.83,66.912
5219.49,-2226.63,68.6117
5223.7,-2228.43,70.2935
5227.92,-2230.23,71.9777
5232.14,-2232.03,73.6622
5236.35,-2233.83,75.3829
5240.57,-2235.63,77.1057
5244.78,-2237.43,78.8256
5249,-2239.23,80.5861
5253.22,-2241.03,82.3476
5257.43,-2242.83,84.1085
5261.65,-2244.63,85.8707
5265.86,-2246.43,87.6386
5270.09,-2248.23,89.408
5274.3,-2250.03,91.1753
5278.51,-2251.83,92.9356
5282.73,-2253.63,94.6976
5286.95,-2255.43,96.4573
5291.16,-2257.23,98.2191
5295.38,-2259.03,99.9695
5299.6,-2260.83,101.721
5303.81,-2262.63,103.471
5308.02,-2264.43,105.127
5312.24,-2266.23,106.786
5316.45,-2268.03,108.443
5320.67,-2269.83,110.101
5324.88,-2271.63,111.649
5329.1,-2273.43,113.2
5333.32,-2275.23,114.751
5337.54,-2277.03,116.3
5341.75,-2278.83,117.88
5345.97,-2280.63,119.458
5350.19,-2282.43,121.037
5354.4,-2284.23,122.619
5358.61,-2286.03,124.201
5362.83,-2287.83,125.784
5367.04,-2289.63,127.366
5371.26,-2291.43,129.193
5375.48,-2293.23,131.019
5379.69,-2295.03,132.846
5383.91,-2296.83,134.678
5388.12,-2298.63,136.51
5392.34,-2300.43,138.344
5396.55,-2302.23,140.177
5400.77,-2304.03,141.948
5404.98,-2305.83,143.717
5409.2,-2307.63,145.486
5413.42,-2309.43,147.301
5417.63,-2311.23,149.114
5421.85,-2313.03,150.929
5426.06,-2314.83,152.742
5430.29,-2316.63,154.565
5434.5,-2318.43,156.383
5438.71,-2320.23,158.202
5442.93,-2322.03,160.044
5447.15,-2323.83,161.884
5451.36,-2325.63,163.726
5455.58,-2327.43,165.566
5459.8,-2329.23,167.391
5464.01,-2331.03,169.213
5468.22,-2332.83,171.036
5472.44,-2334.63,172.861
5476.65,-2336.43,174.671
5480.87,-2338.23,176.483
5485.08,-2340.03,178.292
5489.29,-2341.83,180.089
5493.51,-2343.63,181.888
5497.72,-2345.43,183.685
5501.94,-2347.23,185.484
5506.15,-2349.03,187.281
5510.37,-2350.83,189.081
5514.58,-2352.63,190.878
5518.79,-2354.43,192.66
5523.01,-2356.23,194.445
5527.23,-2358.03,196.229
5531.45,-2359.83,198.013
5535.66,-2361.63,199.803
5539.88,-2363.43,201.593
5544.09,-2365.23,203.381
5548.31,-2367.03,205.194
5552.52,-2368.83,207.009
5556.74,-2370.63,208.821
5560.95,-2372.43,210.635
5565.17,-2374.23,212.458
5569.38,-2376.03,214.281
5573.6,-2377.83,216.106
5577.81,-2379.63,217.93
5582.03,-2381.43,219.768
5586.25,-2383.23,221.605
5590.46,-2385.03,223.445
5594.68,-2386.83,225.267
5598.89,-2388.63,227.09
5603.11,-2390.43,228.914
5607.32,-2392.23,230.737
5611.54,-2394.03,232.482
5615.76,-2395.83,234.225
5619.98,-2397.63,235.97
5624.19,-2399.43,237.735
5628.41,-2401.23,239.502
5632.63,-2403.03,241.269
5636.84,-2404.83,243.035
5641.06,-2406.63,244.849
5645.28,-2408.43,246.662
5649.5,-2410.23,248.476
5653.71,-2412.03,250.326
5657.92,-2413.83,252.179
5662.14,-2415.63,254.032
5666.36,-2417.43,255.884
5670.58,-2419.23,257.703
5674.79,-2421.03,259.519
5679,-2422.83,261.336
5683.22,-2424.63,263.155
5687.43,-2426.43,264.954
5691.65,-2428.23,266.755
5695.86,-2430.03,268.555
5700.08,-2431.83,270.365
5704.29,-2433.63,272.173
5708.51,-2435.43,273.981
5712.73,-2437.23,275.806
5716.94,-2439.03,277.628
5721.16,-2440.83,279.453
5725.41,-2442.63,281.292
5729.63,-2444.43,283.123
5733.85,-2446.23,284.949
5738.06,-2448.03,286.776
5742.28,-2449.83,288.604
5746.49,-2451.63,290.424
5750.71,-2453.43,292.246
5754.93,-2455.23,294.064
5759.14,-2457.03,295.875
5763.36,-2458.83,297.689
5767.57,-2460.63,299.5
5771.79,-2462.43,301.312
5776.01,-2464.23,303.12
5780.22,-2466.03,304.93
5784.44,-2467.83,306.737
5788.65,-2469.63,308.548
5792.87,-2471.43,310.362
5797.08,-2473.23,312.173
5801.3,-2475.03,313.986
5805.52,-2476.83,315.788
5809.73,-2478.63,317.592
5813.95,-2480.43,319.393
5818.16,-2482.23,321.193
5822.38,-2484.03,322.995
5826.59,-2485.83,324.793
5830.82,-2487.63,326.594
5835.03,-2489.43,328.407
5839.24,-2491.23,330.219
5843.46,-2493.03,332.031
5847.68,-2494.83,333.842
5851.9,-2496.64,335.688
5856.11,-2498.44,337.531
5860.33,-2500.24,339.372
5864.54,-2502.04,341.224
5868.75,-2503.84,343.073
5872.97,-2505.64,344.917
5877.19,-2507.44,346.751
5881.41,-2509.24,348.581
5885.62,-2511.04,350.388
5889.84,-2512.84,352.162
5894.05,-2514.64,353.87
5898.27,-2516.44,355.439
5902.49,-2518.24,356.664
5906.7,-2520.04,357.074
5910.92,-2521.84,356.375
5915.13,-2523.64,355.014
5919.35,-2525.44,353.386
5923.56,-2527.24,351.646
5927.78,-2529.04,349.845
5932,-2530.84,348.013
5936.21,-2532.64,346.166
5940.43,-2534.44,344.306
5944.65,-2536.24,342.44
5948.86,-2538.04,340.567
5953.08,-2539.84,338.688
5957.29,-2541.64,336.797
5961.51,-2543.44,334.902
5965.73,-2545.24,333.006
5969.94,-2547.04,331.107
5974.16,-2548.84,329.209
5978.37,-2550.64,327.31
5982.59,-2552.44,325.407
5986.81,-2554.24,323.5
5991.02,-2556.04,321.589
5995.24,-2557.84,319.682
5999.53,-2559.64,317.743
6003.74,-2561.44,315.84
6007.96,-2563.24,313.936
6012.18,-2565.04,312.03
6016.39,-2566.84,310.177
6020.61,-2568.64,308.322
6024.82,-2570.44,306.469
6029.04,-2572.24,304.823
6033.25,-2574.04,303.177
6037.47,-2575.84,301.532
6041.69,-2577.64,299.886
6045.9,-2579.44,298.13
6050.12,-2581.24,296.372
6054.33,-2583.04,294.617
6058.54,-2584.84,292.86
6062.76,-2586.64,291.103
6066.98,-2588.44,289.348
6071.2,-2590.24,287.59
6075.41,-2592.04,285.84
6079.63,-2593.84,284.089
6083.84,-2595.64,282.34
6088.05,-2597.44,280.59
6092.27,-2599.24,278.787
6096.49,-2601.04,276.986
6100.7,-2602.84,275.184
6104.92,-2604.64,273.385
6109.13,-2606.44,271.586
6113.35,-2608.24,269.785
6117.56,-2610.04,267.985
6121.78,-2611.84,266.182
6125.99,-2613.64,264.381
6130.22,-2615.44,262.577
6134.45,-2617.24,260.77
6138.78,-2619.04,258.919
6143.07,-2620.84,257.081
6147.29,-2622.64,255.278
6151.5,-2624.44,253.655
6155.71,-2626.24,252.033
6159.93,-2628.04,250.406
6164.15,-2629.84,248.814
6168.36,-2631.64,247.223
6172.57,-2633.44,245.631
6176.78,-2635.24,244.041
6181,-2637.04,242.4
6185.22,-2638.84,240.762
6189.46,-2640.64,239.111
6193.68,-2642.44,237.474
6197.89,-2644.24,235.882
6202.11,-2646.04,234.289
6206.33,-2647.84,232.697
6210.55,-2649.64,231.015
6214.76,-2651.44,229.335
6218.97,-2653.24,227.655
6223.19,-2655.04,225.973
6227.41,-2656.84,224.246
6231.63,-2658.64,222.515
6235.84,-2660.44,220.788
6240.06,-2662.24,218.955
6244.27,-2664.04,217.126
6248.49,-2665.84,215.295
6252.71,-2667.64,213.463
6256.92,-2669.44,211.606
6261.14,-2671.24,209.748
6265.35,-2673.04,207.892
6269.57,-2674.84,206.034
6273.78,-2676.64,204.195
6278,-2678.44,202.355
6282.22,-2680.24,200.513
6286.43,-2682.04,198.698
6290.65,-2683.84,196.882
6294.86,-2685.64,195.069
6299.08,-2687.44,193.276
6303.29,-2689.24,191.481
6307.51,-2691.04,189.689
6311.73,-2692.84,187.895
6315.94,-2694.64,186.105
6320.16,-2696.44,184.314
6324.37,-2698.24,182.526
6328.59,-2700.04,180.735
6332.8,-2701.84,178.936
6337.02,-2703.64,177.139
6341.23,-2705.44,175.339
6345.45,-2707.24,173.554
6349.66,-2709.04,171.767
6353.88,-2710.84,169.982
6358.09,-2712.64,168.197
6362.31,-2714.44,166.393
6366.52,-2716.24,164.589
6370.74,-2718.04,162.784
6374.95,-2719.84,160.971
6379.16,-2721.64,159.157
6383.38,-2723.44,157.341
6387.6,-2725.24,155.526
6391.81,-2727.04,153.704
6396.03,-2728.84,151.884
6400.25,-2730.64,150.062
6404.46,-2732.44,148.238
6408.67,-2734.24,146.412
6412.89,-2736.04,144.585
6417.1,-2737.84,142.76
6421.32,-2739.64,140.947
6425.59,-2741.44,139.11
6429.82,-2743.24,137.294
6434.03,-2745.04,135.483
6438.24,-2746.84,133.695
6442.46,-2748.64,131.905
6446.68,-2750.44,130.117
6450.9,-2752.24,128.37
6455.11,-2754.04,126.624
6459.32,-2755.84,124.879
6463.54,-2757.64,123.132
6467.75,-2759.44,121.322
6471.97,-2761.24,119.511
6476.19,-2763.04,117.701
6480.4,-2764.84,115.888
6484.62,-2766.64,114.078
6488.83,-2768.44,112.267
6493.05,-2770.24,110.454
6497.26,-2772.04,108.636
6501.48,-2773.84,106.816
6505.69,-2775.64,104.999
6509.91,-2777.44,103.163
6514.12,-2779.24,101.33
6518.34,-2781.04,99.4971
6522.55,-2782.84,97.662
6526.77,-2784.64,95.8533
6530.99,-2786.44,94.0406
6535.2,-2788.24,92.233
6539.45,-2790.04,90.4102
6543.67,-2791.84,88.5803
6547.88,-2793.64,86.7528
6552.1,-2795.44,84.9234
6556.32,-2797.24,83.1111
6560.54,-2799.04,81.2968
6564.75,-2800.84,79.4853
6568.96,-2802.64,77.6737
6573.18,-2804.44,75.8661
6577.4,-2806.24,74.0595
6581.62,-2808.04,72.2515
6585.83,-2809.84,70.4491
6590.05,-2811.64,68.6449
6594.26,-2813.44,66.8434
6598.48,-2815.24,65.0417
6602.7,-2817.04,63.2415
6606.91,-2818.84,61.4451
6611.13,-2820.64,59.6468
6615.34,-2822.44,57.8509
6619.56,-2824.24,56.0536
6623.77,-2826.04,54.2596
6627.99,-2827.84,52.4655
6632.21,-2829.64,50.6703
6636.42,-2831.44,48.8792
6640.64,-2833.24,47.087
6644.86,-2835.04,45.2903
6649.07,-2836.84,43.4933
6653.29,-2838.64,41.695
6657.5,-2840.44,39.8987
6661.72,-2842.24,38.0843
6665.93,-2844.04,36.2723
6670.15,-2845.84,34.4599
6674.37,-2847.64,32.6225
6678.58,-2849.44,30.7861
6682.8,-2851.24,28.9498
6687.01,-2853.04,27.1174
6691.23,-2854.84,25.3064
6695.44,-2856.64,23.4993
6699.66,-2858.44,21.6942
6703.88,-2860.24,19.8955
6708.09,-2862.04,18.133
6712.31,-2863.84,16.3761
6716.52,-2865.65,14.63
6720.74,-2867.45,12.8839
6724.98,-2869.25,11.1487
6729.2,-2871.05,9.45243
6733.42,-2872.85,7.80709
6737.63,-2874.65,6.23732
6741.84,-2876.45,4.85442
6746.06,-2878.25,3.86984
6750.27,-2880.05,3.61095
6754.48,-2881.85,4.21216
6758.69,-2883.65,5.39277
6762.91,-2885.45,6.86136
6767.12,-2887.25,8.41085
6771.33,-2889.05,10.036
6775.54,-2890.85,11.704
6779.76,-2892.65,13.4259
6783.98,-2894.45,15.1628
6788.19,-2896.25,16.9122
6792.41,-2898.05,18.6717
6796.62,-2899.85,20.5294
6800.84,-2901.65,22.3927
6805.05,-2903.45,24.2571
6809.27,-2905.25,26.0766
6813.48,-2907.05,27.9007
6817.7,-2908.85,29.7246
6821.91,-2910.65,31.5524
6826.13,-2912.45,33.366
6830.35,-2914.25,35.1849
6834.56,-2916.05,37.0006
6838.78,-2917.85,38.8174
6843,-2919.65,40.5672
6847.21,-2921.45,42.3164
6851.43,-2923.25,44.0675
6855.64,-2925.05,45.8737
6859.86,-2926.85,47.6816
6864.07,-2928.65,49.4872
6868.29,-2930.45,51.294
6872.5,-2932.25,52.9894
6876.72,-2934.05,54.683
6880.93,-2935.85,56.3793
6885.15,-2937.65,58.0264
6889.36,-2939.45,59.6747
6893.58,-2941.25,61.3245
6897.79,-2943.05,62.9731
6902.01,-2944.85,64.6993
6906.23,-2946.65,66.4241
6910.45,-2948.45,68.1503
6914.66,-2950.25,69.9372
6918.87,-2952.05,71.7259
6923.09,-2953.85,73.5153
6927.36,-2955.65,75.327
6931.59,-2957.45,77.2742
6935.8,-2959.25,79.218
6940.03,-2961.05,81.1622
6944.24,-2962.85,83.0789
6948.45,-2964.65,84.9936
6952.66,-2966.45,86.9081
6956.87,-2968.25,88.8219
6961.09,-2970.05,90.6181
6965.31,-2971.85,92.4136
6969.52,-2973.65,94.2093
6973.73,-2975.45,96.0024
6977.95,-2977.25,97.7448
6982.17,-2979.05,99.4883
6986.38,-2980.85,101.23
6990.59,-2982.65,103.043
6994.8,-2984.45,104.854
6999.02,-2986.25,106.665
7003.23,-2988.05,108.478
7007.44,-2989.85,110.274
7011.66,-2991.65,112.071
7015.87,-2993.45,113.867
7020.09,-2995.25,115.593
7024.3,-2997.05,117.317
7028.51,-2998.85,119.041
7032.73,-3000.65,120.769
7036.94,-3002.45,122.491
7041.16,-3004.25,124.215
7045.37,-3006.05,125.937
7049.59,-3007.85,127.81
7053.8,-3009.65,129.68
7058.01,-3011.45,131.552
7062.22,-3013.25,133.424
7066.44,-3015.05,135.287
7070.65,-3016.85,137.152
7074.86,-3018.65,139.013
7079.07,-3020.45,140.816
7083.29,-3022.25,142.62
7087.5,-3024.05,144.423
7091.72,-3025.85,146.227
7095.93,-3027.65,148.078
7100.15,-3029.45,149.93
7104.36,-3031.25,151.778
7108.57,-3033.05,153.629
7112.79,-3034.85,155.452
7117,-3036.65,157.274
7121.25,-3038.45,159.113
7125.47,-3040.25,160.901
7129.68,-3042.05,162.691
7133.9,-3043.85,164.48
7138.11,-3045.65,166.267
7142.33,-3047.45,168.057
7146.54,-3049.25,169.844
7150.75,-3051.05,171.633
7154.96,-3052.85,173.428
7159.18,-3054.65,175.224
7163.39,-3056.45,177.022
7167.6,-3058.25,178.817
7171.82,-3060.05,180.604
7176.03,-3061.85,182.389
7180.25,-3063.65,184.176
7184.46,-3065.45,185.96
7188.67,-3067.25,187.757
7192.88,-3069.05,189.557
7197.09,-3070.85,191.355
7201.31,-3072.65,193.168
7205.52,-3074.45,194.979
7209.74,-3076.25,196.792
7213.95,-3078.05,198.616
7218.16,-3079.85,200.439
7222.38,-3081.65,202.265
7226.59,-3083.45,204.088
7230.81,-3085.25,205.91
7235.02,-3087.05,207.727
7239.23,-3088.85,209.545
7243.45,-3090.65,211.365
7247.66,-3092.45,213.178
7251.88,-3094.25,214.993
7256.09,-3096.05,216.806
7260.31,-3097.85,218.604
7264.52,-3099.65,220.399
7268.73,-3101.45,222.195
7272.95,-3103.25,223.993
7277.16,-3105.05,225.787
7281.38,-3106.85,227.583
7285.59,-3108.65,229.377
7289.81,-3110.45,231.185
7294.02,-3112.25,232.99
7298.23,-3114.05,234.797
7302.45,-3115.85,236.604
7306.66,-3117.65,238.393
7310.88,-3119.45,240.183
7315.09,-3121.25,241.971
7319.3,-3123.05,243.759
7323.52,-3124.85,245.542
7327.73,-3126.65,247.324
7331.95,-3128.45,249.109
7336.16,-3130.25,250.928
7340.38,-3132.05,252.748
7344.59,-3133.85,254.565
7348.8,-3135.65,256.383
7353.02,-3137.45,258.249
7357.23,-3139.25,260.114
7361.45,-3141.05,261.981
7365.66,-3142.85,263.835
7369.88,-3144.65,265.692
7374.09,-3146.45,267.546
7378.31,-3148.25,269.401
7382.52,-3150.05,271.218
7386.74,-3151.85,273.033
7390.95,-3153.65,274.85
7395.17,-3155.45,276.664
7399.38,-3157.25,278.479
7403.6,-3159.05,280.296
7407.81,-3160.85,282.11
7412.02,-3162.65,283.92
7416.24,-3164.45,285.728
7420.46,-3166.25,287.538
7424.67,-3168.05,289.347
7428.88,-3169.85,291.156
7433.1,-3171.65,292.968
7437.31,-3173.45,294.777
7441.53,-3175.25,296.583
7445.74,-3177.05,298.388
7449.96,-3178.85,300.194
7454.17,-3180.65,301.997
7458.38,-3182.45,303.82
7462.6,-3184.25,305.643
7466.81,-3186.05,307.465
7471.03,-3187.85,309.295
7475.24,-3189.65,311.122
7479.49,-3191.45,312.968
7483.71,-3193.25,314.794
7487.92,-3195.05,316.642
7492.14,-3196.85,318.491
7496.35,-3198.65,320.337
7500.57,-3200.45,322.201
7504.78,-3202.25,324.06
7508.99,-3204.05,325.919
7513.21,-3205.85,327.78
7517.42,-3207.65,329.641
7521.64,-3209.45,331.502
7525.85,-3211.25,333.359
7530.07,-3213.05,335.215
7534.28,-3214.85,337.067
7538.5,-3216.65,338.913
7542.72,-3218.45,340.756
7546.93,-3220.25,342.583
7551.15,-3222.05,344.403
7555.36,-3223.85,346.207
7559.58,-3225.65,347.993
7563.79,-3227.45,349.75
7568,-3229.25,351.458
7572.22,-3231.05,353.084
7576.43,-3232.85,354.547
7580.65,-3234.66,355.689
7584.86,-3236.46,356.203
7589.07,-3238.26,355.852
7593.29,-3240.06,354.807
7597.5,-3241.86,353.387
7601.72,-3243.66,351.785
7605.93,-3245.46,350.095
7610.15,-3247.26,348.351
7614.36,-3249.06,346.576
7618.57,-3250.86,344.78
7622.79,-3252.66,342.964
7627,-3254.46,341.139
7631.22,-3256.26,339.304
7635.47,-3258.06,337.494
7639.82,-3259.86,335.629
7644.12,-3261.66,333.777
7648.33,-3263.46,331.962
7652.55,-3265.26,330.144
7656.76,-3267.06,328.324
7660.98,-3268.86,326.499
7665.2,-3270.66,324.643
7669.43,-3272.46,322.778
7673.64,-3274.26,320.919
7677.85,-3276.06,319.062
7682.07,-3277.86,317.249
7686.29,-3279.66,315.438
7690.51,-3281.46,313.625
7694.72,-3283.26,311.896
7698.93,-3285.06,310.167
7703.15,-3286.86,308.434
7707.37,-3288.66,306.703
7711.59,-3290.46,305.219
7715.8,-3292.26,303.736
7720.02,-3294.06,302.251
7724.23,-3295.86,300.768
7728.44,-3297.66,299.155
7732.67,-3299.46,297.539
7736.88,-3301.26,295.926
7741.1,-3303.06,294.325
7745.31,-3304.86,292.725
7749.53,-3306.66,291.125
7753.74,-3308.46,289.525
7757.95,-3310.26,287.831
7762.17,-3312.06,286.134
7766.38,-3313.86,284.44
7770.6,-3315.66,282.677
7774.81,-3317.46,280.919
7779.03,-3319.26,279.158
7783.25,-3321.06,277.396
7787.46,-3322.86,275.491
7791.68,-3324.66,273.585
7795.89,-3326.46,271.681
7800.11,-3328.26,269.865
7804.32,-3330.06,268.052
7808.53,-3331.86,266.239
7812.75,-3333.66,264.424
7817.03,-3335.46,262.624
7821.24,-3337.26,260.847
7825.46,-3339.06,259.072
7829.68,-3340.86,257.296
7833.89,-3342.66,255.611
7838.1,-3344.46,253.927
7842.32,-3346.26,252.242
7846.54,-3348.06,250.576
7850.76,-3349.86,248.909
7854.97,-3351.66,247.244
7859.18,-3353.46,245.579
7863.4,-3355.26,243.835
7867.61,-3357.06,242.092
7871.83,-3358.86,240.348
7876.04,-3360.66,238.546
7880.26,-3362.46,236.743
7884.47,-3364.26,234.943
7888.68,-3366.06,233.141
7892.9,-3367.86,231.271
7897.11,-3369.66,229.402
7901.33,-3371.46,227.531
7905.54,-3373.26,225.662
7909.76,-3375.06,223.801
7913.97,-3376.86,221.943
7918.18,-3378.66,220.083
7922.4,-3380.46,218.337
7926.61,-3382.26,216.591
7930.83,-3384.06,214.844
7935.04,-3385.86,212.942
7939.26,-3387.66,211.041
7943.47,-3389.46,209.139
7947.69,-3391.26,207.237
7951.91,-3393.06,205.465
7956.12,-3394.86,203.695
7960.34,-3396.66,201.924
7964.55,-3398.46,200.155
7968.76,-3400.26,198.475
7972.98,-3402.06,196.793
7977.19,-3403.86,195.113
7981.41,-3405.66,193.308
7985.62,-3407.46,191.505
7989.84,-3409.26,189.7
7994.05,-3411.06,187.898
7998.26,-3412.86,186.103
8002.48,-3414.66,184.306
8006.69,-3416.46,182.51
8010.91,-3418.26,180.682
8015.12,-3420.06,178.857
8019.33,-3421.86,177.031
8023.54,-3423.66,175.203
8027.76,-3425.46,173.401
8031.98,-3427.26,171.597
8036.19,-3429.06,169.795
8040.4,-3430.86,167.992
8044.61,-3432.66,166.059
8048.83,-3434.46,164.127
8053.04,-3436.26,162.191
8057.26,-3438.06,160.42
8061.47,-3439.86,158.648
8065.69,-3441.66,156.877
8069.9,-3443.46,155.102
8074.11,-3445.26,153.331
8078.32,-3447.06,151.559
8082.54,-3448.86,149.785
8086.75,-3450.66,147.954
8090.97,-3452.46,146.121
8095.18,-3454.26,144.29
8099.39,-3456.06,142.459
8103.61,-3457.86,140.625
8107.83,-3459.66,138.794
8112.04,-3461.46,136.961
8116.26,-3463.26,135.201
8120.47,-3465.06,133.44
8124.68,-3466.86,131.68
8128.9,-3468.66,129.921
8133.12,-3470.46,128.209
8137.36,-3472.26,126.492
8141.57,-3474.06,124.782
8145.79,-3475.86,122.91
8150.01,-3477.66,121.035
8154.22,-3479.46,119.165
8158.43,-3481.26,117.292
8162.65,-3483.06,115.403
8166.86,-3484.86,113.517
8171.08,-3486.66,111.628
8175.29,-3488.46,109.74
8179.51,-3490.26,107.876
8183.72,-3492.06,106.016
8187.93,-3493.86,104.154
8192.15,-3495.66,102.379
8196.36,-3497.46,100.606
8200.58,-3499.26,98.8313
8204.79,-3501.06,97.0526
8209,-3502.86,95.2722
8213.22,-3504.66,93.4911
8217.43,-3506.46,91.7104
8221.65,-3508.26,89.8481
8225.86,-3510.06,87.9876
8230.08,-3511.86,86.125
8234.3,-3513.66,84.2638
8238.51,-3515.46,82.3892
8242.73,-3517.26,80.5139
8246.94,-3519.06,78.64
8251.16,-3520.86,76.8333
8255.37,-3522.66,75.0291
8259.59,-3524.46,73.223
8263.81,-3526.26,71.4186
8268.02,-3528.06,69.6679
8272.24,-3529.86,67.9148
8276.45,-3531.66,66.1635
8280.67,-3533.46,64.391
8284.88,-3535.26,62.6218
8289.09,-3537.06,60.8524
8293.31,-3538.86,59.0807
8297.52,-3540.66,57.2313
8301.74,-3542.46,55.3797
8305.95,-3544.26,53.5309
8310.17,-3546.06,51.6798
8314.38,-3547.86,49.7952
8318.59,-3549.66,47.9101
8322.81,-3551.46,46.024
8327.03,-3553.26,44.1908
8331.24,-3555.06,42.356
8335.46,-3556.86,40.5226
8339.68,-3558.66,38.6895
8343.89,-3560.46,36.8487
8348.1,-3562.26,35.009
8352.32,-3564.06,33.1673
8356.53,-3565.86,31.3741
8360.75,-3567.66,29.5801
8364.96,-3569.46,27.7896
8369.18,-3571.26,26.0004
8373.4,-3573.06,24.1782
8377.61,-3574.86,22.3626
8381.83,-3576.66,20.5502
8386.04,-3578.46,18.7438
8390.26,-3580.26,16.9384
8394.47,-3582.06,15.1445
8398.68,-3583.86,13.3633
8402.9,-3585.66,11.6116
8407.11,-3587.46,9.89084
8411.33,-3589.26,8.21388
8415.54,-3591.06,6.61544
8419.75,-3592.86,5.16799
8423.96,-3594.66,4.03988
8428.17,-3596.46,3.54598
8432.39,-3598.26,3.94716
8436.6,-3600.06,5.03539
8440.81,-3601.86,6.47558
8445.02,-3603.67,8.07801
8449.23,-3605.47,9.80514
8453.45,-3607.27,11.5804
8457.66,-3609.07,13.3839
8461.88,-3610.87,15.203
8466.09,-3612.67,17.0336
8470.31,-3614.47,18.8742
8474.52,-3616.27,20.7188
8478.73,-3618.07,22.5583
8482.95,-3619.87,24.4035
8487.16,-3621.67,26.2501
8491.38,-3623.47,28.0943
8495.59,-3625.27,29.9395
8499.81,-3627.07,31.7885
8504.02,-3628.87,33.6356
8508.24,-3630.67,35.4734
8512.45,-3632.47,37.3135
8516.7,-3634.27,39.1698
8520.92,-3636.07,41.012
8525.13,-3637.87,42.8506
8529.35,-3639.67,44.6909
8533.57,-3641.47,46.5343
8537.78,-3643.27,48.3502
8542,-3645.07,50.1682
8546.21,-3646.87,51.9845
8550.43,-3648.67,53.6946
8554.64,-3650.47,55.4023
8558.85,-3652.27,57.1115
8563.07,-3654.07,58.8225
8567.28,-3655.87,60.4635
8571.5,-3657.67,62.1053
8575.71,-3659.47,63.7458
8579.93,-3661.27,65.3886
8584.14,-3663.07,67.051
8588.35,-3664.87,68.7141
8592.57,-3666.67,70.3791
8596.79,-3668.47,71.9972
8601,-3670.27,73.6176
8605.21,-3672.07,75.2344
8609.47,-3673.87,76.869
8613.68,-3675.67,78.5795
8617.89,-3677.47,80.2909
8622.11,-3679.27,82.0039
8626.33,-3681.07,83.8579
8630.58,-3682.87,85.7271
8634.79,-3684.67,87.5825
8639.01,-3686.47,89.4362
8643.22,-3688.27,91.2558
8647.44,-3690.07,93.0755
8651.66,-3691.87,94.8956
8655.87,-3693.67,96.7145
8660.09,-3695.47,98.4909
8664.3,-3697.27,100.265
8668.51,-3699.07,102.04
8672.73,-3700.87,103.795
8676.94,-3702.67,105.549
8681.16,-3704.47,107.304
8685.37,-3706.27,108.977
8689.59,-3708.07,110.652
8693.8,-3709.87,112.324
8698.01,-3711.67,113.997
8702.23,-3713.47,115.759
8706.44,-3715.27,117.52
8710.66,-3717.07,119.283
8714.87,-3718.87,121.043
8719.08,-3720.67,122.95
8723.3,-3722.47,124.86
8727.51,-3724.27,126.767
8731.73,-3726.07,128.594
8735.95,-3727.87,130.421
8740.16,-3729.67,132.247
8744.38,-3731.47,134.071
8748.59,-3733.27,135.96
8752.81,-3735.07,137.851
8757.02,-3736.87,139.74
8761.24,-3738.67,141.427
8765.45,-3740.47,143.111
8769.67,-3742.27,144.798
8773.88,-3744.07,146.482
8778.09,-3745.87,148.398
8782.31,-3747.67,150.315
8786.52,-3749.47,152.231
8790.74,-3751.27,154.149
8794.95,-3753.07,156.013
8799.16,-3754.87,157.878
8803.38,-3756.67,159.745
8807.59,-3758.47,161.47
8811.81,-3760.27,163.196
8816.02,-3762.07,164.92
8820.24,-3763.87,166.647
8824.45,-3765.67,168.448
8828.69,-3767.47,170.262
8832.91,-3769.27,172.067
8837.12,-3771.07,173.977
8841.34,-3772.87,175.888
8845.56,-3774.67,177.796
8849.77,-3776.47,179.705
8853.98,-3778.27,181.436
8858.2,-3780.07,183.168
8862.41,-3781.87,184.9
8866.63,-3783.67,186.825
8870.84,-3785.47,188.751
8875.06,-3787.27,190.675
8879.27,-3789.07,192.599
8883.49,-3790.87,194.405
8887.7,-3792.67,196.21
8891.92,-3794.47,198.016
8896.13,-3796.27,199.783
8900.34,-3798.07,201.552
8904.56,-3799.87,203.319
8908.77,-3801.67,205.086
8912.99,-3803.47,206.877
8917.2,-3805.27,208.666
8921.42,-3807.07,210.457
8925.63,-3808.87,212.246
8929.85,-3810.67,214.057
8934.06,-3812.47,215.867
8938.28,-3814.27,217.675
8942.49,-3816.07,219.485
8946.71,-3817.87,221.293
8950.92,-3819.67,223.103
8955.14,-3821.47,224.911
8959.35,-3823.27,226.683
8963.57,-3825.07,228.458
8967.78,-3826.87,230.23
8972,-3828.67,232.021
8976.21,-3830.47,233.81
8980.43,-3832.27,235.601
8984.64,-3834.07,237.389
8988.85,-3835.87,239.242
8993.07,-3837.67,241.097
8997.28,-3839.47,242.95
9001.51,-3841.27,244.827
9015.2,-3843.07,250.892
9019.74,-3844.87,252.771
9024.2,-3846.67,254.616
9028.59,-3848.47,256.432
9033.11,-3850.27,257.317
9037.59,-3852.07,258.194
9042.64,-3853.87,259.182
9047.12,-3855.67,260.831
9051.51,-3857.47,262.441
9055.89,-3859.27,264.052
9060.2,-3861.07,265.633
9064.42,-3862.87,267.31
9068.64,-3864.67,268.989
9072.89,-3866.47,270.677
9077.13,-3868.27,272.526
9081.37,-3870.07,274.375
9085.59,-3871.87,276.217
9089.84,-3873.67,278.068
9094.06,-3875.47,279.915
9098.28,-3877.27,281.763
9102.51,-3879.07,283.614
9106.75,-3880.87,285.42
9110.99,-3882.67,287.224
9115.21,-3884.47,289.02
9119.49,-3886.27,290.84
9123.73,-3888.07,292.569
9127.96,-3889.87,294.298
9132.23,-3891.67,296.041
9136.48,-3893.47,297.811
9140.95,-3895.27,299.683
9145.21,-3897.07,301.469
9149.48,-3898.87,303.255
9153.71,-3900.67,305.068
9157.95,-3902.47,306.887
9162.18,-3904.27,308.703
9166.4,-3906.07,310.511
9170.63,-3907.87,312.339
9174.88,-3909.67,314.171
9179.11,-3911.47,315.998
9183.34,-3913.27,317.836
9187.56,-3915.07,319.674
9191.8,-3916.87,321.515
9196.02,-3918.67,323.327
9200.25,-3920.47,325.141
9204.48,-3922.27,326.958
9208.7,-3924.07,328.769
9212.94,-3925.87,330.619
9217.16,-3927.67,332.462
9221.38,-3929.47,334.305
9225.68,-3931.27,336.178
9229.92,-3933.07,337.97
9234.19,-3934.87,339.772
9238.41,-3936.67,341.552
9242.69,-3938.47,343.366
9246.92,-3940.27,345.154
9251.14,-3942.07,346.925
9255.36,-3943.87,348.68
9259.59,-3945.67,350.377
9263.82,-3947.47,352.041
9268.05,-3949.27,353.646
9272.28,-3951.07,355.149
9276.51,-3952.87,356.374
9280.75,-3954.67,356.955
9285,-3956.47,356.545
9289.22,-3958.27,355.351
9293.44,-3960.07,353.818
9297.67,-3961.87,352.143
9301.91,-3963.67,350.433
9306.13,-3965.47,348.68
9310.37,-3967.27,346.905
9314.59,-3969.07,345.123
9318.82,-3970.88,343.387
9323.05,-3972.68,341.65
9327.26,-3974.48,339.908
9331.49,-3976.28,338.157
9335.77,-3978.08,336.385
9340.05,-3979.88,334.605
9344.26,-3981.68,332.851
9348.54,-3983.48,331.028
9352.79,-3985.28,329.227
9357.01,-3987.08,327.42
9361.23,-3988.88,325.615
9365.46,-3990.68,323.8
9369.69,-3992.48,321.984
9373.92,-3994.28,320.167
9378.14,-3996.08,318.387
9382.37,-3997.88,316.598
9386.59,-3999.68,314.816
9390.85,-4001.48,313.02
9395.07,-4003.28,311.293
9399.3,-4005.08,309.562
9403.52,-4006.88,307.834
9407.76,-4008.68,306.092
9412,-4010.48,304.353
9416.24,-4012.28,302.613
9420.46,-4014.08,300.879
9424.7,-4015.88,299.274
9428.92,-4017.68,297.678
9433.14,-4019.48,296.081
9437.47,-4021.28,294.224
9441.73,-4023.08,292.397
9445.96,-4024.88,290.579
9450.2,-4026.68,288.758
9454.42,-4028.48,287.035
9458.67,-4030.28,285.309
9462.89,-4032.08,283.572
9467.13,-4033.88,281.66
9471.35,-4035.68,279.752
9475.59,-4037.48,277.839
9479.83,-4039.28,275.926
9484.06,-4041.08,274.154
9488.28,-4042.88,272.385
9492.51,-4044.68,270.615
9496.75,-4046.48,268.841
9500.99,-4048.28,267.037
9505.2,-4050.08,265.248
9509.58,-4051.88,263.386
9513.82,-4053.68,261.62
9518.05,-4055.48,259.857
9522.28,-4057.28,258.097
9526.49,-4059.08,256.339
9530.74,-4060.88,254.587
9534.97,-4062.68,252.838
9539.19,-4064.48,251.096
9543.46,-4066.28,249.328
9547.69,-4068.08,247.579
9551.93,-4069.88,245.825
9556.15,-4071.68,244.007
9560.38,-4073.48,242.18
9564.6,-4075.28,240.361
9568.84,-4077.08,238.536
9573.08,-4078.88,236.601
9577.31,-4080.68,234.669
9581.54,-4082.48,232.74
9585.76,-4084.28,230.811
9590,-4086.08,228.994
9594.22,-4087.88,227.183
9598.44,-4089.68,225.372
9602.68,-4091.48,223.537
9606.9,-4093.28,221.711
9611.13,-4095.08,219.882
9615.36,-4096.88,218.048
9619.59,-4098.68,216.471
9623.82,-4100.48,214.889
9628.04,-4102.28,213.314
9632.27,-4104.08,211.523
9636.49,-4105.88,209.734
9640.76,-4107.68,207.924
9644.99,-4109.48,206.131
9649.22,-4111.28,204.258
9653.45,-4113.08,202.385
9657.68,-4114.88,200.508
9661.92,-4116.68,198.636
9666.14,-4118.48,196.775
9670.36,-4120.28,194.918
9674.59,-4122.08,193.058
9678.82,-4123.88,191.256
9683.06,-4125.68,189.45
9687.28,-4127.48,187.652
9691.51,-4129.27,185.746
9695.75,-4131.07,183.841
9700,-4132.87,181.933
9704.21,-4134.67,180.036
9708.44,-4136.47,178.211
9712.69,-4138.27,176.379
9716.91,-4140.07,174.555
9721.14,-4141.87,172.732
9725.37,-4143.67,170.85
9729.59,-4145.47,168.97
9733.83,-4147.27,167.086
9738.04,-4149.07,165.372
9742.31,-4150.87,163.638
9746.53,-4152.67,161.923
9750.76,-4154.47,160.205
9754.98,-4156.27,158.388
9759.22,-4158.07,156.565
9763.44,-4159.87,154.747
9767.68,-4161.67,152.948
9771.91,-4163.47,151.156
9776.13,-4165.27,149.365
9780.36,-4167.07,147.57
9784.58,-4168.87,145.752
9788.81,-4170.67,143.929
9793.04,-4172.47,142.108
9797.26,-4174.27,140.241
9801.49,-4176.07,138.373
9805.72,-4177.87,136.5
9809.96,-4179.67,134.626
9814.19,-4181.47,132.793
9818.41,-4183.27,130.966
9822.64,-4185.07,129.132
9826.88,-4186.87,127.294
9831.13,-4188.67,125.453
9835.35,-4190.47,123.624
9839.61,-4192.27,121.779
9843.89,-4194.07,120.011
9848.11,-4195.87,118.266
9852.35,-4197.67,116.514
9856.57,-4199.47,114.61
9860.81,-4201.27,112.695
9865.03,-4203.07,110.793
9869.26,-4204.87,108.881
9873.48,-4206.67,107.088
9877.72,-4208.47,105.292
9881.95,-4210.27,103.495
9886.18,-4212.07,101.701
9890.41,-4213.87,100.012
9894.63,-4215.67,98.3251
9898.87,-4217.47,96.6283
9903.1,-4219.27,94.7997
9907.32,-4221.06,92.9727
9911.54,-4222.86,91.1459
9915.76,-4224.66,89.3174
9920.01,-4226.46,87.5309
9924.25,-4228.26,85.7522
9928.52,-4230.06,83.9547
9932.76,-4231.86,82.1501
9937.01,-4233.66,80.3427
9941.3,-4235.46,78.5124
9945.53,-4237.26,76.715
9949.76,-4239.06,74.8494
9954,-4240.86,72.986
9958.23,-4242.66,71.121
9962.46,-4244.46,69.2215
9966.7,-4246.26,67.3159
9970.95,-4248.06,65.4075
9975.16,-4249.86,63.5126
9979.38,-4251.66,61.6255
9983.62,-4253.46,59.7282
9987.87,-4255.26,57.8299
9992.1,-4257.06,55.9345
9996.32,-4258.86,54.0916
10000.5,-4260.66,52.2485
10004.8,-4262.46,50.4125
10009,-4264.26,48.6108
10013.2,-4266.06,46.8193
10017.5,-4267.86,45.0235
10021.7,-4269.66,43.2283
10025.9,-4271.46,41.4481
10030.1,-4273.26,39.6726
10034.4,-4275.06,37.8942
10038.6,-4276.86,36.0609
10042.9,-4278.66,34.1905
10047.1,-4280.46,32.3579
10051.4,-4282.26,30.5204
10055.6,-4284.06,28.8036
10059.8,-4285.86,27.0808
10064,-4287.66,25.3664
10068.3,-4289.46,23.5722
10072.5,-4291.26,21.7843
10076.7,-4293.06,19.9956
10081,-4294.86,18.2088
10085.2,-4296.66,16.3861
10089.4,-4298.46,14.5748
10093.6,-4300.26,12.7653
10097.9,-4302.06,10.979
10102.1,-4303.86,9.21783
10106.3,-4305.66,7.50174
10110.6,-4307.46,5.85059
10114.8,-4309.26,4.35453
10119,-4311.06,3.21703
10123.2,-4312.85,2.89209
10127.5,-4314.65,3.54929
10131.7,-4316.45,4.80367
10135.9,-4318.25,6.30152
10140.1,-4320.05,7.9156
10144.4,-4321.85,9.6035
10148.6,-4323.65,11.3193
10152.9,-4325.45,13.0598
10157.1,-4327.25,14.805
10161.3,-4329.05,16.5682
10165.6,-4330.85,18.3287
10169.8,-4332.65,20.0996
10174,-4334.45,21.8793
10178.2,-4336.25,23.6628
10182.5,-4338.05,25.4547
10186.7,-4339.85,27.2422
10190.9,-4341.65,29.1066
10195.1,-4343.45,30.9661
10199.4,-4345.25,32.833
10203.6,-4347.05,34.5662
10207.8,-4348.85,36.3061
10212.1,-4350.65,38.0417
10216.3,-4352.45,39.7748
10220.6,-4354.25,41.5867
10224.8,-4356.05,43.3695
10229,-4357.85,45.1466
10233.3,-4359.65,46.9056
10237.5,-4361.45,48.6604
10241.7,-4363.25,50.4363
10246,-4365.05,52.215
10250.2,-4366.85,53.9709
10254.5,-4368.65,55.7312
10258.7,-4370.45,57.4889
10262.9,-4372.25,59.1402
10267.2,-4374.05,60.7851
10271.4,-4375.85,62.4379
10275.6,-4377.65,64.0842
10279.8,-4379.45,65.9109
10284.1,-4381.25,67.7306
10288.3,-4383.05,69.5508
10292.5,-4384.85,71.4329
10296.7,-4386.65,73.3167
10301,-4388.45,75.2014
10305.2,-4390.25,77.0801
10309.4,-4392.05,78.7994
10313.7,-4393.85,80.5141
10317.9,-4395.65,82.2254
10322.1,-4397.45,83.9423
10326.4,-4399.25,85.8918
10330.6,-4401.05,87.8133
10334.9,-4402.85,89.7405
10339.1,-4404.65,91.5922
10343.4,-4406.44,93.4584
10347.6,-4408.24,95.3242
10351.8,-4410.04,97.1343
10356.1,-4411.84,98.9373
10360.3,-4413.64,100.742
10364.5,-4415.44,102.543
10368.7,-4417.24,104.281
10373,-4419.04,106.03
10377.2,-4420.84,107.764
10381.5,-4422.64,109.511
10385.7,-4424.44,111.233
10389.9,-4426.24,112.954
10394.2,-4428.04,114.666
10398.4,-4429.84,116.319
10402.6,-4431.64,117.974
10406.8,-4433.44,119.633
10411.1,-4435.24,121.285
10415.3,-4437.04,123.169
10419.5,-4438.84,125.05
10423.8,-4440.64,126.938
10428,-4442.44,128.614
10432.2,-4444.24,130.294
10436.5,-4446.04,131.964
10440.7,-4447.84,133.642
10445,-4449.64,135.474
10449.2,-4451.44,137.3
10453.4,-4453.24,139.12
10457.7,-4455.04,140.986
10461.9,-4456.84,142.85
10466.1,-4458.64,144.717
10470.4,-4460.44,146.584
10474.6,-4462.24,148.278
10478.8,-4464.04,149.982
10483,-4465.84,151.683
10487.3,-4467.64,153.383
10491.6,-4469.44,155.326
10495.8,-4471.24,157.233
10500,-4473.04,159.132
10504.2,-4474.84,160.935
10508.5,-4476.64,162.739
10512.7,-4478.44,164.554
10516.9,-4480.24,166.357
10521.1,-4482.04,168.215
10525.4,-4483.84,170.074
10529.6,-4485.64,171.932
10533.8,-4487.44,173.746
10538,-4489.24,175.557
10542.3,-4491.04,177.38
10546.5,-4492.84,179.19
10550.8,-4494.64,181.058
10555.1,-4496.44,182.872
10559.3,-4498.23,184.686
10563.5,-4500.03,186.501
10567.7,-4501.83,188.321
10572,-4503.63,190.141
10576.2,-4505.43,191.953
10580.4,-4507.23,193.816
10584.7,-4509.03,195.674
10588.9,-4510.83,197.544
10593.1,-4512.63,199.379
10597.4,-4514.43,201.221
10601.6,-4516.23,203.055
10605.8,-4518.03,204.893
10610,-4519.83,206.7
10614.3,-4521.63,208.51
10618.5,-4523.43,210.315
10622.7,-4525.23,212.123
10626.9,-4527.03,213.933
10631.2,-4528.83,215.763
10635.4,-4530.63,217.571
10639.7,-4532.43,219.356
10644.1,-4534.23,221.196
10648.3,-4536.03,222.96
10652.6,-4537.83,224.749
10656.8,-4539.63,226.488
10661.1,-4541.43,228.232
10665.3,-4543.23,229.965
10669.5,-4545.03,231.783
10673.7,-4546.83,233.604
10678,-4548.63,235.428
10682.2,-4550.43,237.246
10686.4,-4552.23,239.074
10690.7,-4554.03,240.908
10694.9,-4555.83,242.731
10699.1,-4557.63,244.547
10703.4,-4559.43,246.372
10707.6,-4561.23,248.191
10711.8,-4563.03,250.018
10716,-4564.83,251.81
10720.3,-4566.63,253.605
10724.5,-4568.43,255.4
10728.7,-4570.23,257.22
10732.9,-4572.03,259.044
10737.1,-4573.83,260.862
10741.4,-4575.63,262.691
10745.6,-4577.43,264.54
10749.9,-4579.23,266.387
10754.2,-4581.03,268.245
10758.4,-4582.83,270.038
10762.6,-4584.63,271.841
10766.8,-4586.43,273.64
10771.1,-4588.23,275.438
10775.3,-4590.02,277.227
10779.5,-4591.82,279.016
10783.8,-4593.62,280.812
10788,-4595.42,282.624
10792.2,-4597.22,284.424
10796.5,-4599.02,286.229
10800.7,-4600.82,288.032
10804.9,-4602.62,289.827
10809.1,-4604.42,291.617
10813.4,-4606.22,293.414
10817.6,-4608.02,295.207
10821.8,-4609.82,297.006
10826.1,-4611.62,298.801
10830.3,-4613.42,300.596
10834.5,-4615.22,302.381
10838.8,-4617.02,304.173
10843,-4618.82,305.98
10847.3,-4620.62,307.794
10851.5,-4622.42,309.605
10855.8,-4624.22,311.436
10860,-4626.02,313.258
10864.2,-4627.82,315.067
10868.5,-4629.62,316.884
10872.7,-4631.42,318.696
10876.9,-4633.22,320.512
10881.1,-4635.02,322.324
10885.4,-4636.82,324.142
10889.6,-4638.62,325.954
10893.8,-4640.42,327.785
10898.1,-4642.22,329.617
10902.3,-4644.02,331.445
10906.5,-4645.82,333.269
10910.7,-4647.62,335.077
10915,-4649.42,336.882
10919.2,-4651.22,338.681
10923.4,-4653.02,340.487
10927.7,-4654.82,342.265
10931.9,-4656.62,344.052
10936.1,-4658.42,345.828
10940.4,-4660.22,347.603
10944.6,-4662.02,349.381
10948.9,-4663.82,351.147
10953.1,-4665.62,352.89
10957.4,-4667.42,354.622
10961.6,-4669.22,356.254
10965.8,-4671.02,357.631
10970.1,-4672.82,358.079
10974.3,-4674.62,357.116
10978.5,-4676.42,355.591
10982.8,-4678.22,353.91
10987,-4680.02,352.118
10991.3,-4681.81,350.327
10995.5,-4683.61,348.524
10999.7,-4685.41,346.712
11003.9,-4687.21,344.891
11008.2,-4689.01,343.071
11012.4,-4690.81,341.243
11016.6,-4692.61,339.433
11020.8,-4694.41,337.614
11025.1,-4696.21,335.802
11029.3,-4698.01,334.035
11033.5,-4699.81,332.261
11037.7,-4701.61,330.491
11042,-4703.41,328.711
11046.3,-4705.21,326.889
11050.5,-4707.01,325.093
11054.7,-4708.81,323.306
11059,-4710.61,321.484
11063.2,-4712.41,319.68
11067.4,-4714.21,317.876
11071.7,-4716.01,316.068
11075.9,-4717.81,314.237
11080.1,-4719.61,312.398
11084.3,-4721.41,310.567
11088.6,-4723.21,308.771
11092.8,-4725.01,306.968
11097,-4726.81,305.173
11101.2,-4728.61,303.376
11105.5,-4730.41,301.542
11109.7,-4732.21,299.712
11113.9,-4734.01,297.88
11118.1,-4735.81,296.213
11122.4,-4737.61,294.538
11126.6,-4739.41,292.87
11130.8,-4741.21,291.196
11135,-4743.01,289.274
11139.3,-4744.81,287.348
11143.5,-4746.61,285.408
11147.7,-4748.41,283.477
11152,-4750.21,281.679
11156.2,-4752.01,279.895
11160.5,-4753.81,278.098
11164.7,-4755.61,276.194
11168.9,-4757.41,274.29
11173.2,-4759.21,272.383
11177.4,-4761.01,270.562
11181.6,-4762.81,268.732
11185.9,-4764.61,266.897
11190.1,-4766.41,265.069
11194.3,-4768.21,263.211
11198.5,-4770.01,261.354
11202.8,-4771.81,259.492
11207,-4773.6,257.629
11211.2,-4775.4,255.862
11215.5,-4777.2,254.102
11219.7,-4779,252.338
11223.9,-4780.8,250.605
11228.1,-4782.6,248.865
11232.4,-4784.4,247.129
11236.6,-4786.2,245.388
11240.8,-4788,243.523
11245.1,-4789.8,241.655
11249.3,-4791.6,239.8
11253.5,-4793.4,237.983
11257.7,-4795.2,236.162
11262,-4797,234.323
11266.2,-4798.8,232.506
11270.5,-4800.6,230.688
11274.7,-4802.4,228.876
11278.9,-4804.2,227.061
11283.1,-4806,225.12
11287.4,-4807.8,223.17
11291.6,-4809.6,221.226
11295.8,-4811.4,219.279
11300.1,-4813.2,217.451
11304.3,-4815,215.625
11308.5,-4816.8,213.791
11312.7,-4818.6,211.957
11317,-4820.4,210.206
11321.2,-4822.2,208.459
11325.4,-4824,206.711
11329.7,-4825.8,204.95
11333.9,-4827.6,203.18
11338.2,-4829.4,201.386
11342.4,-4831.2,199.624
11346.7,-4833,197.753
11350.9,-4834.8,195.9
11355.1,-4836.6,194.044
11359.3,-4838.4,192.342
11363.6,-4840.2,190.627
11367.8,-4842,188.92
11372,-4843.8,187.214
11376.3,-4845.6,185.398
11380.5,-4847.4,183.576
11384.7,-4849.2,181.759
11388.9,-4851,179.948
11393.2,-4852.8,178.139
11397.4,-4854.6,176.335
11401.6,-4856.4,174.522
11405.9,-4858.2,172.676
11410.1,-4860,170.831
11414.3,-4861.8,168.99
11418.6,-4863.6,167.349
11422.8,-4865.4,165.702
11427,-4867.19,164.061
11431.2,-4868.99,162.418
11435.5,-4870.79,160.464
11439.7,-4872.59,158.51
11444,-4874.39,156.541
11448.2,-4876.19,154.59
11452.4,-4877.99,152.843
11456.6,-4879.79,151.098
11460.9,-4881.59,149.334
11465.2,-4883.39,147.469
11469.4,-4885.19,145.634
11473.6,-4886.99,143.802
11477.9,-4888.79,141.962
11482.1,-4890.59,140.291
11486.3,-4892.39,138.625
11490.6,-4894.19,136.958
11494.8,-4895.99,135.229
11499,-4897.79,133.505
11503.2,-4899.59,131.78
11507.4,-4901.39,130.054
11511.7,-4903.19,128.23
11515.9,-4904.99,126.411
11520.1,-4906.79,124.581
11524.3,-4908.59,122.783
11528.6,-4910.39,120.983
11532.8,-4912.19,119.18
11537,-4913.99,117.378
11541.2,-4915.79,115.588
11545.5,-4917.59,113.781
11549.7,-4919.39,111.986
11554,-4921.19,110.193
11558.2,-4922.99,108.29
11562.4,-4924.79,106.38
11566.7,-4926.59,104.461
11570.9,-4928.39,102.74
11575.1,-4930.19,101.017
11579.4,-4931.99,99.2924
11583.6,-4933.79,97.515
11587.8,-4935.59,95.7331
11592,-4937.39,93.9557
11596.3,-4939.19,92.1779
11600.5,-4940.99,90.3349
11604.7,-4942.79,88.48
11609,-4944.59,86.6319
11613.2,-4946.39,84.786
11617.4,-4948.19,82.9769
11621.7,-4949.99,81.1675
11625.9,-4951.79,79.3522
11630.1,-4953.59,77.5823
11634.3,-4955.39,75.821
11638.6,-4957.19,74.0549
11642.8,-4958.98,72.2859
11647.1,-4960.78,70.4895
11651.3,-4962.58,68.7042
11655.5,-4964.38,66.9178
11659.8,-4966.18,65.0997
11664,-4967.98,63.2745
11668.2,-4969.78,61.452
11672.5,-4971.58,59.635
11676.7,-4973.38,57.8099
11680.9,-4975.18,55.9787
11685.2,-4976.98,54.1565
11689.4,-4978.78,52.3301
11693.6,-4980.58,50.5073
11697.9,-4982.38,48.6717
11702.1,-4984.18,46.849
11706.3,-4985.98,45.0475
11710.5,-4987.78,43.2471
11714.8,-4989.58,41.4425
11719,-4991.38,39.6474
11723.2,-4993.18,37.8498
11727.5,-4994.98,36.0608
11731.7,-4996.78,34.2665
11735.9,-4998.58,32.5403
11740.1,-5000.38,30.8121
11744.4,-5002.18,29.0735
11748.6,-5003.98,27.3318
11752.9,-5005.78,25.5868
11757.1,-5007.58,23.8479
11761.3,-5009.38,22.1121
11765.5,-5011.18,20.2592
11769.8,-5012.98,18.3982
11774,-5014.78,16.5612
11778.2,-5016.58,14.7333
11782.5,-5018.38,12.9606
11786.7,-5020.18,11.2125
11790.9,-5021.98,9.48057
11795.2,-5023.78,7.8102
11799.4,-5025.58,6.21078
11803.6,-5027.38,4.7486
11807.8,-5029.18,3.60987
11812.1,-5030.98,3.15686
11816.3,-5032.78,3.67648
11820.5,-5034.58,4.871
11824.7,-5036.38,6.32237
11829,-5038.18,7.92489
11833.2,-5039.98,9.59183
11837.5,-5041.78,11.2956
11841.7,-5043.58,13.0511
11846,-5045.38,14.8037
11850.2,-5047.18,16.5555
11854.4,-5048.98,18.3375
11858.6,-5050.77,20.1235
11862.9,-5052.57,21.9273
11867.1,-5054.37,23.7267
11871.3,-5056.17,25.5337
11875.6,-5057.97,27.3449
11879.8,-5059.77,29.1594
11884,-5061.57,30.8852
11888.3,-5063.37,32.6074
11892.5,-5065.17,34.3404
11896.7,-5066.97,36.0661
11900.9,-5068.77,37.9108
11905.2,-5070.57,39.7478
11909.4,-5072.37,41.5852
11913.6,-5074.17,43.3427
11917.8,-5075.97,45.0999
11922.1,-5077.77,46.8609
11926.3,-5079.57,48.6153
11930.5,-5081.37,50.4293
11934.8,-5083.17,52.2489
11939,-5084.97,54.0742
11943.2,-5086.77,55.8908
11947.5,-5088.57,57.6683
11951.7,-5090.37,59.4421
11956,-5092.17,61.2092
11960.2,-5093.97,62.9139
11964.4,-5095.77,64.6164
11968.7,-5097.57,66.3389
11972.9,-5099.37,68.0446
11977.1,-5101.17,69.959
11981.4,-5102.97,71.8814
11985.6,-5104.77,73.7971
11989.8,-5106.57,75.5382
11994.1,-5108.37,77.2798
11998.3,-5110.17,79.0119
12002.5,-5111.97,80.7448
12006.7,-5113.77,82.5938
12011,-5115.57,84.4483
12015.2,-5117.37,86.288
12019.5,-5119.17,88.1414
12023.7,-5120.97,89.9825
12027.9,-5122.77,91.8224
12032.1,-5124.57,93.6653
12036.3,-5126.37,95.4889
12040.6,-5128.17,97.3188
12044.8,-5129.97,99.158
12049.1,-5131.77,100.964
12053.3,-5133.57,102.759
12057.6,-5135.37,104.548
12061.8,-5137.17,106.344
12066,-5138.97,108.15
12070.3,-5140.77,109.975
12074.5,-5142.56,111.782
12078.7,-5144.36,113.551
12082.9,-5146.16,115.327
12087.2,-5147.96,117.095
12091.4,-5149.76,118.864
12095.6,-5151.56,120.547
12099.8,-5153.36,122.235
12104.1,-5155.16,123.917
12108.3,-5156.96,125.598
12112.5,-5158.76,127.469
12116.7,-5160.56,129.343
12121,-5162.36,131.217
12125.2,-5164.16,132.961
12129.5,-5165.96,134.713
12133.7,-5167.76,136.457
12137.9,-5169.56,138.2
12142.3,-5171.36,140.127
12146.6,-5173.16,142.05
12150.8,-5174.96,143.939
12155.1,-5176.76,145.621
12159.3,-5178.56,147.297
12163.5,-5180.36,148.978
12167.7,-5182.16,150.661
12172,-5183.96,152.594
12176.2,-5185.76,154.501
12180.5,-5187.56,156.413
12184.7,-5189.36,158.185
12188.9,-5191.16,159.964
12193.2,-5192.96,161.739
12197.4,-5194.76,163.513
12201.6,-5196.56,165.359
12205.8,-5198.36,167.21
12210.1,-5200.16,169.062
12214.3,-5201.96,170.823
12218.5,-5203.76,172.581
12222.8,-5205.56,174.345
12227,-5207.36,176.111
12231.2,-5209.16,177.933
12235.4,-5210.96,179.753
12239.7,-5212.76,181.58
12243.9,-5214.56,183.399
12248.1,-5216.36,185.173
12252.4,-5218.16,186.938
12256.6,-5219.96,188.698
12260.8,-5221.76,190.499
12265.1,-5223.56,192.294
12269.3,-5225.36,194.083
12273.6,-5227.16,195.912
12277.8,-5228.96,197.751
12282.1,-5230.76,199.59
12286.3,-5232.56,201.42
12290.5,-5234.35,203.231
12294.7,-5236.15,205.043
12299,-5237.95,206.856
12303.2,-5239.75,208.667
12307.4,-5241.55,210.48
12311.6,-5243.35,212.293
12315.9,-5245.15,214.114
12320.1,-5246.95,215.913
12324.3,-5248.75,217.715
12328.6,-5250.55,219.512
12332.8,-5252.35,221.317
12337,-5254.15,223.103
12341.2,-5255.95,224.898
12345.5,-5257.75,226.698
12349.7,-5259.55,228.503
12354,-5261.35,230.306
12358.2,-5263.15,232.106
12362.4,-5264.95,233.906
12366.7,-5266.75,235.692
12370.9,-5268.55,237.472
12375.2,-5270.35,239.253
12379.4,-5272.15,241.026
12383.6,-5273.95,242.855
12387.8,-5275.75,244.681
12392.1,-5277.55,246.504
12396.3,-5279.35,248.302
12400.5,-5281.15,250.102
12404.7,-5282.95,251.907
12409,-5284.75,253.713
12413.2,-5286.55,255.514
12417.4,-5288.35,257.317
12421.7,-5290.15,259.124
12425.9,-5291.95,260.918
12430.1,-5293.75,262.714
12434.3,-5295.55,264.508
12438.6,-5297.35,266.301
12442.8,-5299.15,268.142
12447,-5300.95,269.988
12451.3,-5302.75,271.823
12455.5,-5304.55,273.631
12459.7,-5306.35,275.443
12464,-5308.15,277.257
12468.2,-5309.95,279.065
12472.4,-5311.75,280.894
12476.7,-5313.55,282.74
12480.9,-5315.35,284.579
12485.2,-5317.15,286.373
12489.4,-5318.95,288.167
12493.6,-5320.75,289.968
12497.9,-5322.55,291.773
12502.1,-5324.35,293.595
12506.3,-5326.15,295.41
12510.6,-5327.94,297.234
12514.8,-5329.74,299.046
12519,-5331.54,300.853
12523.2,-5333.34,302.662
12527.5,-5335.14,304.475
12531.7,-5336.94,306.301
12535.9,-5338.74,308.13
12540.1,-5340.54,309.955
12544.4,-5342.34,311.739
12548.6,-5344.14,313.533
12552.8,-5345.94,315.32
12557.1,-5347.74,317.1
12561.3,-5349.54,318.948
12565.5,-5351.34,320.796
12569.7,-5353.14,322.648
12574,-5354.94,324.456
12578.2,-5356.74,326.267
12582.4,-5358.54,328.068
12586.7,-5360.34,329.871
12590.9,-5362.14,331.713
12595.2,-5363.94,333.542
12599.4,-5365.74,335.373
12603.6,-5367.54,337.198
12607.8,-5369.34,338.915
12612.1,-5371.14,340.625
12616.3,-5372.94,342.33
12620.5,-5374.74,344.14
12624.7,-5376.54,345.94
12629,-5378.34,347.734
12633.2,-5380.14,349.499
12637.4,-5381.94,351.215
12641.7,-5383.74,352.885
12646,-5385.54,354.451
12650.2,-5387.34,355.756
12654.4,-5389.14,356.584
12658.6,-5390.94,356.571
12662.9,-5392.74,355.718
12667.1,-5394.54,354.388
12671.3,-5396.34,352.847
12675.6,-5398.14,351.206
12679.8,-5399.94,349.536
12684,-5401.74,347.841
12688.2,-5403.54,346.127
12692.5,-5405.34,344.391
12696.7,-5407.14,342.574
12700.9,-5408.94,340.741
12705.1,-5410.74,338.915
12709.4,-5412.54,337.066
12713.6,-5414.34,335.217
12717.8,-5416.14,333.363
12722.1,-5417.94,331.507
12726.3,-5419.73,329.696
12730.5,-5421.53,327.889
12734.8,-5423.33,326.077
12739,-5425.13,324.259
12743.2,-5426.93,322.365
12747.5,-5428.73,320.466
12751.8,-5430.53,318.538
12756,-5432.33,316.665
12760.3,-5434.13,314.8
12764.5,-5435.93,312.945
12768.7,-5437.73,311.083
12773,-5439.53,309.271
12777.2,-5441.33,307.475
12781.5,-5443.13,305.667
12785.7,-5444.93,303.85
12789.9,-5446.73,302.032
12794.2,-5448.53,300.218
12798.4,-5450.33,298.408
12802.6,-5452.13,296.752
12806.9,-5453.93,295.089
12811.1,-5455.73,293.432
12815.3,-5457.53,291.81
12819.6,-5459.33,290.182
12823.8,-5461.13,288.556
12828,-5462.93,286.935
12832.2,-5464.73,285.264
12836.5,-5466.53,283.597
12840.7,-5468.33,281.928
12844.9,-5470.13,280.26
12849.2,-5471.93,278.424
12853.4,-5473.73,276.597
12857.6,-5475.53,274.766
12861.9,-5477.33,272.988
12866.1,-5479.13,271.215
12870.3,-5480.93,269.442
12874.6,-5482.73,267.678
12878.8,-5484.53,265.835
12883,-5486.33,263.985
12887.3,-5488.13,262.148
12891.5,-5489.93,260.353
12895.7,-5491.73,258.561
12899.9,-5493.53,256.763
12904.2,-5495.33,254.973
12908.4,-5497.13,253.243
12912.6,-5498.93,251.51
12916.9,-5500.73,249.765
12921.1,-5502.53,247.979
12925.3,-5504.33,246.194
12929.5,-5506.13,244.41
12933.8,-5507.93,242.626
12938,-5509.73,240.782
12942.2,-5511.52,238.933
12946.5,-5513.32,237.079
12950.7,-5515.12,235.264
12954.9,-5516.92,233.449
12959.2,-5518.72,231.637
12963.4,-5520.52,229.825
12967.6,-5522.32,227.94
12971.9,-5524.12,226.046
12976.1,-5525.92,224.157
12980.3,-5527.72,222.308
12984.6,-5529.52,220.451
12988.8,-5531.32,218.596
12993,-5533.12,216.748
12997.3,-5534.92,214.984
13001.5,-5536.72,213.216
13005.7,-5538.52,211.455
13009.9,-5540.32,209.63
13014.2,-5542.12,207.815
13018.4,-5543.92,205.998
13022.6,-5545.72,204.176
13026.8,-5547.52,202.286
13031.1,-5549.32,200.394
13035.3,-5551.12,198.505
13039.5,-5552.92,196.743
13043.8,-5554.72,194.979
13048,-5556.52,193.201
13052.3,-5558.32,191.432
13056.5,-5560.12,189.653
13060.7,-5561.92,187.865
13064.9,-5563.72,186.081
13069.2,-5565.52,184.297
13073.4,-5567.32,182.509
13077.6,-5569.12,180.722
13081.9,-5570.92,178.922
13086.1,-5572.72,177.051
13090.4,-5574.52,175.194
13094.6,-5576.32,173.335
13098.8,-5578.12,171.476
13103,-5579.92,169.704
13107.3,-5581.72,167.94
13111.5,-5583.52,166.166
13115.7,-5585.32,164.35
13120,-5587.12,162.524
13124.2,-5588.92,160.712
13128.4,-5590.72,158.899
13132.7,-5592.52,157.096
13136.9,-5594.32,155.299
13141.1,-5596.12,153.495
13145.3,-5597.92,151.694
13149.6,-5599.72,149.878
13153.8,-5601.52,148.069
13158.1,-5603.31,146.268
13162.3,-5605.11,144.476
13166.5,-5606.91,142.691
13170.8,-5608.71,140.894
13175,-5610.51,139.105
13179.2,-5612.31,137.324
13183.4,-5614.11,135.549
13187.7,-5615.91,133.766
13191.9,-5617.71,131.937
13196.1,-5619.51,130.112
13200.4,-5621.31,128.281
13204.6,-5623.11,126.453
13208.8,-5624.91,124.62
13213,-5626.71,122.79
13217.3,-5628.51,120.96
13221.5,-5630.31,119.146
13225.7,-5632.11,117.328
13229.9,-5633.91,115.507
13234.2,-5635.71,113.675
13238.4,-5637.51,111.852
13242.7,-5639.31,110.03
13246.9,-5641.11,108.195
13251.2,-5642.91,106.414
13255.4,-5644.71,104.636
13259.6,-5646.51,102.85
13263.9,-5648.31,101.059
13268.1,-5650.11,99.2879
13272.3,-5651.91,97.5086
13276.5,-5653.71,95.738
13280.8,-5655.51,93.9574
13285,-5657.31,92.1636
13289.3,-5659.11,90.3682
13293.5,-5660.91,88.5848
13297.7,-5662.71,86.7573
13302,-5664.51,84.9226
13306.2,-5666.31,83.0922
13310.4,-5668.11,81.1999
13314.6,-5669.91,79.3107
13318.9,-5671.71,77.4072
13323.1,-5673.51,75.5086
13327.3,-5675.31,73.6868
13331.6,-5677.11,71.8559
13335.8,-5678.91,70.0293
13340.1,-5680.71,68.2066
13344.3,-5682.51,66.4297
13348.6,-5684.31,64.6727
13352.8,-5686.11,62.9207
13357,-5687.91,61.0969
13361.2,-5689.71,59.2713
13365.5,-5691.51,57.4429
13369.7,-5693.31,55.5899
13373.9,-5695.1,53.7347
13378.1,-5696.9,51.8857
13382.4,-5698.7,50.0274
13386.6,-5700.5,48.2336
13390.9,-5702.3,46.4144
13395.1,-5704.1,44.6211
13399.3,-5705.9,42.8098
13403.6,-5707.7,41.0277
13407.8,-5709.5,39.2497
13412,-5711.3,37.476
13416.3,-5713.1,35.6679
13420.5,-5714.9,33.8552
13424.7,-5716.7,32.0462
13428.9,-5718.5,30.2342
13433.2,-5720.3,28.4618
13437.4,-5722.1,26.6975
13441.6,-5723.9,24.9284
13445.9,-5725.7,23.1252
13450.1,-5727.5,21.3128
13454.4,-5729.3,19.5116
13458.6,-5731.1,17.7336
13462.9,-5732.9,15.965
13467.1,-5734.7,14.2179
13471.3,-5736.5,12.4856
13475.6,-5738.3,10.7713
13479.8,-5740.1,9.08642
13484,-5741.9,7.47203
13488.2,-5743.7,5.96209
13492.5,-5745.5,4.66275
13496.7,-5747.3,3.83183
13500.9,-5749.1,3.79426
13505.1,-5750.9,4.56227
13509.4,-5752.7,5.84832
13513.6,-5754.5,7.36455
13517.9,-5756.3,9.00291
13522.1,-5758.1,10.7627
13526.3,-5759.9,12.55
13530.6,-5761.7,14.3666
13534.8,-5763.5,16.1234
13539,-5765.3,17.8868
13543.2,-5767.1,19.6668
13547.5,-5768.9,21.4649
13551.8,-5770.7,23.2527
13556,-5772.5,25.042
13560.2,-5774.3,26.8298
13564.4,-5776.1,28.6192
13568.7,-5777.9,30.3153
13572.9,-5779.7,32.0089
13577.1,-5781.5,33.7033
13581.4,-5783.3,35.3392
13585.6,-5785.1,36.973
13589.8,-5786.9,38.62
13594.1,-5788.69,40.2575
13598.3,-5790.49,41.9696
13602.5,-5792.29,43.6814
13606.7,-5794.09,45.3987
13611,-5795.89,47.1149
13615.2,-5797.69,48.8305
13619.5,-5799.49,50.5536
13623.7,-5801.29,52.2637
13627.9,-5803.09,54.0907
13632.1,-5804.89,55.9201
13636.4,-5806.69,57.7488
13640.6,-5808.49,59.6689
13645,-5810.29,61.6381
13649.3,-5812.09,63.5655
13653.5,-5813.89,65.4776
13657.7,-5815.69,67.2324
13662,-5817.49,68.9955
13666.2,-5819.29,70.747
13670.4,-5821.09,72.5783
13674.7,-5822.89,74.4081
13678.9,-5824.69,76.2342
13683.1,-5826.49,78.0656
13687.4,-5828.29,79.7542
13691.7,-5830.09,81.4526
13695.9,-5831.89,83.125
13700.1,-5833.69,84.8056
13704.3,-5835.49,86.6485
13708.6,-5837.29,88.4991
13712.8,-5839.09,90.3498
13717,-5840.89,92.1864
13721.3,-5842.69,94.0197
13725.5,-5844.49,95.8517
13729.7,-5846.29,97.6943
13734,-5848.09,99.4539
13738.2,-5849.89,101.207
13742.4,-5851.69,102.961
13746.6,-5853.49,104.777
13750.9,-5855.29,106.61
13755.1,-5857.09,108.425
13759.3,-5858.89,110.238
13763.6,-5860.69,112.037
13767.8,-5862.49,113.839
13772,-5864.29,115.637
13776.2,-5866.09,117.438
13780.5,-5867.89,119.249
13784.7,-5869.69,121.052
13788.9,-5871.49,122.852
13793.2,-5873.29,124.671
13797.4,-5875.09,126.479
13801.6,-5876.89,128.29
13805.9,-5878.69,130.098
13810.1,-5880.48,131.906
13814.3,-5882.28,133.707
13818.6,-5884.08,135.504
13822.8,-5885.88,137.271
13827,-5887.68,139.031
13831.2,-5889.48,140.798
13835.5,-5891.28,142.563
13839.7,-5893.08,144.363
13844,-5894.88,146.155
13848.2,-5896.68,147.954
13852.5,-5898.48,149.723
13856.7,-5900.28,151.496
13860.9,-5902.08,153.27
13865.1,-5903.88,154.991
13869.4,-5905.68,156.715
13873.6,-5907.48,158.442
13877.8,-5909.28,160.169
13882.1,-5911.08,162.029
13886.3,-5912.88,163.882
13890.5,-5914.68,165.736
13894.8,-5916.48,167.604
13899.1,-5918.28,169.432
13903.3,-5920.08,171.224
13907.5,-5921.88,173.015
13911.7,-5923.68,174.842
13916,-5925.48,176.667
13920.2,-5927.28,178.49
13924.4,-5929.08,180.306
13928.7,-5930.88,182.171
13932.9,-5932.68,184.043
13937.1,-5934.48,185.914
13941.3,-5936.28,187.7
13945.6,-5938.08,189.491
13949.8,-5939.88,191.295
13954.1,-5941.68,193.086
13958.3,-5943.48,194.934
13962.5,-5945.28,196.786
13966.7,-5947.08,198.641
13971,-5948.88,200.397
13975.2,-5950.68,202.139
13979.5,-5952.48,203.899
13983.7,-5954.28,205.641
13987.9,-5956.08,207.454
13992.2,-5957.88,209.263
13996.4,-5959.68,211.082
14004.4,-5961.48,214.481
14009.2,-5963.28,216.552
14014.5,-5965.08,218.789
14019,-5966.88,220.248
14023.4,-5968.68,221.69
14027.8,-5970.48,223.136
14035.5,-5972.27,225.627
14040,-5974.07,227.093
14044.6,-5975.87,228.557
14049.1,-5977.67,230.385
14053.5,-5979.47,232.164
14057.8,-5981.27,233.931
14062.1,-5983.07,235.283
14066.3,-5984.87,236.631
14070.5,-5986.67,237.982
14074.7,-5988.47,239.329
14078.9,-5990.27,241.318
14083.1,-5992.07,243.311
14087.4,-5993.87,245.303
14091.6,-5995.67,247.027
14095.8,-5997.47,248.749
14100,-5999.27,250.489
14104.3,-6001.07,252.211
14108.5,-6002.87,254.067
14112.7,-6004.67,255.926
14116.9,-6006.47,257.781
14121.1,-6008.27,259.556
14125.3,-6010.07,261.328
14129.5,-6011.87,263.103
14133.8,-6013.67,264.875
14138,-6015.47,266.768
14142.2,-6017.27,268.663
14146.4,-6019.07,270.557
14150.6,-6020.87,272.393
14154.8,-6022.67,274.221
14159.1,-6024.47,276.048
14163.3,-6026.27,277.878
14167.5,-6028.07,279.668
14171.8,-6029.87,281.486
14176,-6031.67,283.275
14180.2,-6033.47,285.042
14184.4,-6035.27,286.805
14188.6,-6037.07,288.57
14192.8,-6038.87,290.336
14197,-6040.67,292.125
14201.3,-6042.47,293.927
14205.5,-6044.27,295.717
14209.7,-6046.07,297.507
14213.9,-6047.87,299.31
14218.1,-6049.67,301.114
14222.4,-6051.47,302.919
14226.6,-6053.27,304.717
14230.8,-6055.07,306.516
14235,-6056.87,308.313
14239.2,-6058.67,310.11
14243.4,-6060.47,311.922
14247.6,-6062.27,313.732
14251.9,-6064.06,315.549
14256.1,-6065.86,317.361
14260.3,-6067.66,319.173
14264.5,-6069.46,320.982
14268.7,-6071.26,322.792
14272.9,-6073.06,324.567
14277.1,-6074.86,326.341
14281.4,-6076.66,328.116
14285.6,-6078.46,329.89
14289.8,-6080.26,331.679
14294,-6082.06,333.467
14298.2,-6083.86,335.253
14302.5,-6085.66,337.054
14306.7,-6087.46,338.843
14310.9,-6089.26,340.631
14315.1,-6091.06,342.416
14319.3,-6092.86,344.186
14323.5,-6094.66,345.954
14327.7,-6096.46,347.72
14331.9,-6098.26,349.515
14336.2,-6100.06,351.302
14340.4,-6101.86,353.074
14344.6,-6103.66,354.816
14348.8,-6105.46,356.467
14353,-6107.26,357.896
14357.2,-6109.06,358.336
14361.5,-6110.86,357.23
14365.7,-6112.66,355.615
14369.9,-6114.46,353.88
14374.1,-6116.26,352.106
14378.3,-6118.06,350.335
14382.5,-6119.86,348.551
14386.7,-6121.66,346.764
14390.9,-6123.46,344.968
14395.2,-6125.26,343.172
14399.4,-6127.06,341.373
14403.6,-6128.86,339.559
14407.8,-6130.66,337.775
14412,-6132.46,335.99
14416.2,-6134.26,334.205
14420.5,-6136.06,332.418
14424.7,-6137.86,330.641
14428.9,-6139.66,328.864
14433.1,-6141.46,327.085
14437.3,-6143.26,325.281
14441.5,-6145.06,323.476
14445.7,-6146.86,321.673
14450,-6148.66,319.867
14454.2,-6150.46,318.078
14458.4,-6152.26,316.296
14462.6,-6154.06,314.512
14466.8,-6155.85,312.698
14471,-6157.65,310.881
14475.3,-6159.45,309.069
14479.5,-6161.25,307.222
14483.8,-6163.05,305.419
14488,-6164.85,303.614
14492.2,-6166.65,301.808
14496.4,-6168.45,300.032
14500.6,-6170.25,298.254
14504.8,-6172.05,296.469
14509.1,-6173.85,294.692
14513.3,-6175.65,293.004
14517.5,-6177.45,291.317
14521.7,-6179.25,289.627
14525.9,-6181.05,287.939
14530.1,-6182.85,286.078
14534.3,-6184.65,284.221
14538.5,-6186.45,282.361
14542.8,-6188.25,280.628
14547,-6190.05,278.899
14551.2,-6191.85,277.157
14555.4,-6193.65,275.428
14559.6,-6195.45,273.572
14563.9,-6197.25,271.718
14568.1,-6199.05,269.864
14572.3,-6200.85,268.08
14576.5,-6202.65,266.299
14580.7,-6204.45,264.517
14584.9,-6206.25,262.738
14589.1,-6208.05,261.028
14593.4,-6209.85,259.316
14597.6,-6211.65,257.606
14601.8,-6213.45,255.837
14606,-6215.25,254.059
14610.2,-6217.05,252.29
14614.4,-6218.85,250.524
14618.7,-6220.65,248.731
14622.9,-6222.45,246.938
14627.1,-6224.25,245.144
14631.3,-6226.05,243.461
14635.5,-6227.85,241.778
14639.7,-6229.65,240.094
14643.9,-6231.45,238.412
14648.2,-6233.25,236.466
14652.4,-6235.05,234.506
14656.6,-6236.85,232.559
14660.8,-6238.65,230.612
14665,-6240.45,228.732
14669.3,-6242.25,226.852
14673.5,-6244.05,224.969
14677.7,-6245.85,223.036
14681.9,-6247.65,221.101
14686.1,-6249.44,219.169
14690.3,-6251.24,217.234
14694.5,-6253.04,215.36
14698.7,-6254.84,213.484
14703,-6256.64,211.607
14707.2,-6258.44,209.92
14711.4,-6260.24,208.242
14715.6,-6262.04,206.565
14719.8,-6263.84,204.887
14724.1,-6265.64,202.981
14728.3,-6267.44,201.076
14732.5,-6269.24,199.169
14736.7,-6271.04,197.299
14740.9,-6272.84,195.427
14745.1,-6274.64,193.559
14749.3,-6276.44,191.69
14753.6,-6278.24,189.802
14757.8,-6280.04,187.927
14762,-6281.84,186.052
14766.2,-6283.64,184.183
14770.4,-6285.44,182.313
14774.6,-6287.24,180.446
14778.9,-6289.04,178.577
14783.1,-6290.84,176.741
14787.3,-6292.64,174.907
14791.5,-6294.44,173.072
14795.7,-6296.24,171.237
14799.9,-6298.04,169.404
14804.1,-6299.84,167.573
14808.4,-6301.64,165.731
14812.6,-6303.44,163.913
14816.8,-6305.24,162.099
14821,-6307.04,160.282
14825.2,-6308.84,158.468
14829.5,-6310.64,156.657
14833.7,-6312.44,154.864
14837.9,-6314.24,153.07
14842.1,-6316.04,151.273
14846.3,-6317.84,149.477
14850.5,-6319.64,147.679
14854.8,-6321.44,145.872
14859,-6323.24,144.044
14863.2,-6325.04,142.215
14867.4,-6326.84,140.387
14871.7,-6328.64,138.566
14875.9,-6330.44,136.765
14880.1,-6332.24,134.964
14884.3,-6334.04,133.165
14888.5,-6335.84,131.353
14892.8,-6337.64,129.538
14897,-6339.44,127.725
14901.2,-6341.23,125.9
14905.4,-6343.03,124.079
14909.6,-6344.83,122.244
14913.8,-6346.63,120.423
14918.1,-6348.43,118.613
14922.3,-6350.23,116.8
14926.5,-6352.03,114.989
14930.7,-6353.83,113.176
14934.9,-6355.63,111.365
14939.1,-6357.43,109.554
14943.3,-6359.23,107.741
14947.5,-6361.03,106.003
14951.8,-6362.83,104.252
14956,-6364.63,102.515
14960.2,-6366.43,100.777
14964.4,-6368.23,99.1006
14968.6,-6370.03,97.4234
14972.9,-6371.83,95.7446
14977.1,-6373.63,93.965
14981.3,-6375.43,92.1842
14985.5,-6377.23,90.4046
14989.7,-6379.03,88.6237
14993.9,-6380.83,86.7044
14998.1,-6382.63,84.7848
15002.3,-6384.43,82.8636
15006.6,-6386.23,80.9438
15010.8,-6388.03,78.9462
15015,-6389.83,76.9634
15019.2,-6391.63,74.9805
15023.4,-6393.43,73.0714
15027.7,-6395.23,71.1647
15031.9,-6397.03,69.2578
15036.1,-6398.83,67.4531
15040.3,-6400.63,65.6481
15044.5,-6402.43,63.8456
15048.7,-6404.23,62.0411
15053,-6406.03,60.267
15057.2,-6407.83,58.5076
15061.4,-6409.63,56.7459
15065.6,-6411.43,54.9862
15069.8,-6413.23,53.1347
15074,-6415.03,51.2864
15078.2,-6416.83,49.4378
15082.5,-6418.63,47.6732
15086.7,-6420.43,45.9117
15090.9,-6422.23,44.1481
15095.1,-6424.03,42.3875
15099.3,-6425.83,40.5717
15103.5,-6427.63,38.755
15107.7,-6429.43,36.9411
15112,-6431.23,35.1528
15116.2,-6433.02,33.3767
15120.4,-6434.82,31.5998
15124.6,-6436.62,29.826
15128.8,-6438.42,28.0358
15133,-6440.22,26.2439
15137.3,-6442.02,24.4557
15141.5,-6443.82,22.6675
15145.8,-6445.62,20.8443
15150,-6447.42,19.0589
15154.3,-6449.22,17.2709
15158.5,-6451.02,15.499
15162.7,-6452.82,13.7323
15166.9,-6454.62,11.9707
15171.1,-6456.42,10.2131
15175.4,-6458.22,8.47136
15179.6,-6460.02,6.75508
15183.8,-6461.82,5.0869
15188,-6463.62,3.51517
15192.2,-6465.42,2.29513
15196.4,-6467.22,2.15767
15200.6,-6469.02,3.24031
15204.8,-6470.82,4.75469
15209,-6472.62,6.40665
15213.3,-6474.42,8.12972
15217.5,-6476.22,9.85862
15221.7,-6478.02,11.6033
15225.9,-6479.82,13.3549
15230.1,-6481.62,15.1152
15234.3,-6483.42,16.8627
15238.6,-6485.22,18.615
15242.8,-6487.02,20.3714
15247,-6488.82,22.1378
15251.2,-6490.62,23.91
15255.4,-6492.42,25.6913
15259.7,-6494.22,27.4651
15263.9,-6496.02,29.2439
15268.1,-6497.82,31.0244
15272.3,-6499.62,32.8057
15276.5,-6501.42,34.5865
15280.7,-6503.22,36.3822
15284.9,-6505.02,38.176
15289.2,-6506.82,39.9704
15293.4,-6508.62,41.7686
15297.6,-6510.42,43.5656
15301.8,-6512.22,45.3649
15306,-6514.02,47.1622
15310.2,-6515.82,48.9658
15314.5,-6517.62,50.7787
15318.7,-6519.42,52.5834
15322.9,-6521.22,54.3888
15327.1,-6523.02,56.1921
15331.3,-6524.81,57.9968
15335.5,-6526.61,59.7995
15339.8,-6528.41,61.5884
15344,-6530.21,63.3754
15348.2,-6532.01,65.1636
15352.4,-6533.81,66.8772
15356.7,-6535.61,68.5785
15360.9,-6537.41,70.2846
15365.1,-6539.21,71.9843
15369.3,-6541.01,73.9126
15373.5,-6542.81,75.8412
15377.7,-6544.61,77.7676
15381.9,-6546.41,79.6963
15386.1,-6548.21,81.4251
15390.4,-6550.01,83.1563
15394.6,-6551.81,84.8852
15398.8,-6553.61,86.6589
15403,-6555.41,88.4351
15407.2,-6557.21,90.2088
15411.4,-6559.01,91.9835
15415.6,-6560.81,93.819
15419.9,-6562.61,95.6563
15424.1,-6564.41,97.491
15428.3,-6566.21,99.2672
15432.5,-6568.01,101.045
15436.7,-6569.81,102.821
15440.9,-6571.61,104.598
15445.1,-6573.41,106.386
15449.3,-6575.21,108.177
15453.6,-6577.01,109.98
15457.8,-6578.81,111.803
15462,-6580.61,113.627
15466.2,-6582.41,115.449
15470.5,-6584.21,117.273
15474.7,-6586.01,119.063
15478.9,-6587.81,120.854
15483.1,-6589.61,122.646
15487.3,-6591.41,124.457
15491.5,-6593.21,126.27
15495.7,-6595.01,128.082
15499.9,-6596.81,129.895
15504.2,-6598.61,131.655
15508.4,-6600.41,133.414
15512.6,-6602.21,135.176
15516.8,-6604.01,136.879
15521,-6605.81,138.575
15525.3,-6607.61,140.265
15529.5,-6609.41,141.976
15533.7,-6611.21,143.838
15537.9,-6613.01,145.698
15542.1,-6614.81,147.562
15546.3,-6616.6,149.424
15550.6,-6618.4,151.217
15554.8,-6620.2,153.018
15559,-6622,154.809
15563.2,-6623.8,156.686
15567.4,-6625.6,158.562
15571.7,-6627.4,160.467
15575.9,-6629.2,162.342
15580.2,-6631,164.183
15584.4,-6632.8,166.02
15588.6,-6634.6,167.859
15592.8,-6636.4,169.741
15597,-6638.2,171.621
15601.2,-6640,173.504
15605.4,-6641.8,175.384
15609.6,-6643.6,177.186
15613.9,-6645.4,178.985
15618.1,-6647.2,180.797
15622.3,-6649,182.63
15626.5,-6650.8,184.458
15630.7,-6652.6,186.291
15634.9,-6654.4,188.119
15639.2,-6656.2,189.863
15643.4,-6658,191.61
15647.6,-6659.8,193.355
15651.8,-6661.6,195.102
15656,-6663.4,196.905
15660.3,-6665.2,198.7
15664.5,-6667,200.492
15668.7,-6668.8,202.326
15672.9,-6670.6,204.163
15677.1,-6672.4,205.997
15681.3,-6674.2,207.78
15685.5,-6676,209.56
15689.7,-6677.8,211.344
15694,-6679.6,213.124
15698.2,-6681.4,214.934
15702.4,-6683.2,216.745
15706.6,-6685,218.554
15710.8,-6686.8,220.367
15715,-6688.6,222.181
15719.3,-6690.4,224.01
15723.5,-6692.2,225.828
15727.7,-6694,227.659
15731.9,-6695.8,229.492
15736.1,-6697.6,231.325
15740.3,-6699.4,233.159
15744.5,-6701.2,234.971
15748.8,-6703,236.787
15753,-6704.8,238.615
15757.2,-6706.6,240.442
15761.4,-6708.4,242.273
15765.7,-6710.19,244.099
15769.9,-6711.99,245.928
15774.1,-6713.79,247.727
15778.3,-6715.59,249.527
15782.5,-6717.39,251.33
15786.7,-6719.19,253.13
15790.9,-6720.99,254.955
15795.1,-6722.79,256.776
15799.4,-6724.59,258.599
15803.6,-6726.39,260.384
15807.8,-6728.19,262.166
15812,-6729.99,263.949
15816.2,-6731.79,265.73
15820.5,-6733.59,267.536
15824.7,-6735.39,269.33
15828.9,-6737.19,271.123
15833.1,-6738.99,273.001
15837.3,-6740.79,274.877
15841.5,-6742.59,276.755
15845.7,-6744.39,278.63
15850,-6746.19,280.429
15854.2,-6747.99,282.236
15858.4,-6749.79,284.032
15862.6,-6751.59,285.87
15866.8,-6753.39,287.706
15871.1,-6755.19,289.543
15875.3,-6756.99,291.392
15879.5,-6758.79,293.226
15883.7,-6760.59,295.054
15887.9,-6762.39,296.883
15892.2,-6764.19,298.714
15896.4,-6765.99,300.534
15900.6,-6767.79,302.356
15904.8,-6769.59,304.173
15909,-6771.39,305.989
15913.2,-6773.19,307.807
15917.4,-6774.99,309.624
15921.7,-6776.79,311.453
15925.9,-6778.59,313.215
15930.1,-6780.39,314.979
15934.3,-6782.19,316.74
15938.5,-6783.99,318.503
15942.7,-6785.79,320.268
15947,-6787.59,322.03
15951.2,-6789.39,323.795
15955.4,-6791.19,325.59
15959.6,-6792.99,327.376
15963.8,-6794.79,329.158
15968.1,-6796.59,330.944
15972.3,-6798.39,332.73
15976.5,-6800.19,334.514
15980.7,-6801.98,336.299
15984.9,-6803.78,338.095
15989.1,-6805.58,339.89
15993.3,-6807.38,341.683
15997.5,-6809.18,343.48
16001.8,-6810.98,345.276
16006,-6812.78,347.063
16010.2,-6814.58,348.844
16014.4,-6816.38,350.615
16018.6,-6818.18,352.364
16022.9,-6819.98,354.079
16027.1,-6821.78,355.682
16031.3,-6823.58,357.016
16035.5,-6825.38,357.612
16039.7,-6827.18,356.995
16043.9,-6828.98,355.696
16048.1,-6830.78,354.148
16052.3,-6832.58,352.5
16056.6,-6834.38,350.787
16060.8,-6836.18,349.06
16065,-6837.98,347.323
16069.2,-6839.78,345.576
16073.4,-6841.58,343.818
16077.7,-6843.38,342.058
16081.9,-6845.18,340.294
16086.1,-6846.98,338.529
16090.3,-6848.78,336.73
16094.5,-6850.58,334.931
16098.7,-6852.38,333.13
16102.9,-6854.18,331.329
16107.1,-6855.98,329.529
16111.4,-6857.78,327.726
16115.6,-6859.58,325.925
16119.8,-6861.38,324.118
16124,-6863.18,322.301
16128.2,-6864.98,320.495
16132.5,-6866.78,318.707
16136.7,-6868.58,316.92
16140.9,-6870.38,315.132
16145.1,-6872.18,313.347
16149.3,-6873.98,311.53
16153.6,-6875.78,309.7
16157.8,-6877.58,307.882
16162,-6879.38,306.064
16166.2,-6881.18,304.249
16170.4,-6882.98,302.433
16174.6,-6884.78,300.619
16178.8,-6886.58,298.831
16183,-6888.38,297.041
16187.3,-6890.18,295.254
16191.5,-6891.98,293.486
16195.7,-6893.77,291.72
16199.9,-6895.57,289.953
16204.1,-6897.37,288.188
16208.3,-6899.17,286.336
16212.5,-6900.97,284.482
16216.8,-6902.77,282.628
16221,-6904.57,280.774
16225.2,-6906.37,278.957
16229.5,-6908.17,277.135
16233.7,-6909.97,275.326
16237.9,-6911.77,273.645
16242.1,-6913.57,271.963
16246.3,-6915.37,270.284
16250.5,-6917.17,268.6
16254.8,-6918.97,266.763
16259,-6920.77,264.937
16263.2,-6922.57,263.109
16267.4,-6924.37,261.25
16271.6,-6926.17,259.392
16275.8,-6927.97,257.534
16280.1,-6929.77,255.674
16284.3,-6931.57,253.821
16288.5,-6933.37,251.985
16292.7,-6935.17,250.147
16296.9,-6936.97,248.312
16301.2,-6938.77,246.442
16305.4,-6940.57,244.572
16309.6,-6942.37,242.702
16313.8,-6944.17,240.946
16318,-6945.97,239.187
16322.2,-6947.77,237.427
16326.5,-6949.57,235.658
16330.7,-6951.37,233.917
16334.9,-6953.17,232.18
16339.1,-6954.97,230.439
16343.4,-6956.77,228.748
16347.6,-6958.57,227.065
16351.9,-6960.37,225.375
16356.3,-6962.17,223.628
16360.5,-6963.97,222.017
16364.7,-6965.77,220.415
16368.9,-6967.57,218.811
16373.2,-6969.37,217.053
16377.4,-6971.17,215.298
16381.6,-6972.97,213.541
16385.8,-6974.77,211.785
16390,-6976.57,209.892
16394.2,-6978.37,208.001
16398.4,-6980.17,206.111
16402.7,-6981.97,204.3
16406.9,-6983.77,202.49
16411.1,-6985.56,200.679
16415.3,-6987.36,198.87
16419.5,-6989.16,197.001
16423.7,-6990.96,195.137
16428,-6992.76,193.253
16432.2,-6994.56,191.424
16436.4,-6996.36,189.599
16440.6,-6998.16,187.771
16444.8,-6999.96,185.946
16449.1,-7001.76,184.151
16453.3,-7003.56,182.352
16457.5,-7005.36,180.541
16461.7,-7007.16,178.741
16465.9,-7008.96,176.927
16470.2,-7010.76,175.111
16474.4,-7012.56,173.299
16478.6,-7014.36,171.516
16482.8,-7016.16,169.733
16487,-7017.96,167.95
16491.2,-7019.76,166.165
16495.4,-7021.56,164.332
16499.7,-7023.36,162.499
16503.9,-7025.16,160.665
16508.1,-7026.96,158.92
16512.3,-7028.76,157.174
16516.5,-7030.56,155.429
16520.7,-7032.36,153.683
16524.9,-7034.16,151.873
16529.2,-7035.96,150.05
16533.4,-7037.76,148.238
16537.6,-7039.56,146.276
16541.8,-7041.36,144.313
16546,-7043.16,142.351
16550.2,-7044.96,140.385
16554.5,-7046.76,138.395
16558.7,-7048.56,136.416
16562.9,-7050.36,134.435
16567.1,-7052.16,132.512
16571.4,-7053.96,130.588
16575.6,-7055.76,128.666
16579.8,-7057.56,126.741
16584,-7059.36,124.865
16588.2,-7061.16,122.987
16592.4,-7062.96,121.107
16596.6,-7064.76,119.23
16600.9,-7066.56,117.429
16605.1,-7068.36,115.631
16609.3,-7070.16,113.832
16613.5,-7071.96,112.02
16617.7,-7073.76,110.211
16621.9,-7075.56,108.399
16626.1,-7077.35,106.591
16630.3,-7079.15,104.83
16634.6,-7080.95,103.072
16642,-7082.75,99.9742
16646.4,-7084.55,98.0695
16650.6,-7086.35,96.2276
16654.8,-7088.15,94.3841
16659,-7089.95,93.3384
16663.3,-7091.75,92.2913
16667.5,-7093.55,91.2466
16671.7,-7095.35,90.199
16675.9,-7097.15,88.2683
16680.1,-7098.95,86.3358
16684.3,-7100.75,84.4052
16688.5,-7102.55,82.5816
16692.7,-7104.35,80.7546
16696.9,-7106.15,78.9293
16701.2,-7107.95,77.1033
16705.4,-7109.75,75.3288
16709.6,-7111.55,73.5536
16713.8,-7113.35,71.7808
16718,-7115.15,70.0118
16722.2,-7116.95,68.242
16726.4,-7118.75,66.4748
16730.7,-7120.55,64.688
16734.9,-7122.35,62.8979
16739.1,-7124.15,61.1054
16743.3,-7125.95,59.3138
16747.6,-7127.75,57.5396
16751.8,-7129.55,55.7613
16756,-7131.35,53.9732
16760.2,-7133.15,52.1958
16764.5,-7134.95,50.3753
16768.7,-7136.75,48.5532
16772.9,-7138.55,46.7322
16777.1,-7140.35,44.9121
16781.3,-7142.15,43.1362
16785.5,-7143.95,41.3604
16789.7,-7145.75,39.5847
16794,-7147.55,37.7807
16798.2,-7149.35,35.9752
16802.4,-7151.15,34.1706
16806.6,-7152.95,32.3645
16810.8,-7154.75,30.5666
16815,-7156.55,28.7731
16819.2,-7158.35,26.9789
16823.5,-7160.15,25.1946
16827.7,-7161.95,23.4121
16831.9,-7163.75,21.6158
16836.1,-7165.55,19.8331
16840.4,-7167.35,18.0478
16844.6,-7169.15,16.2681
16848.8,-7170.94,14.4875
16853,-7172.74,12.7621
16857.2,-7174.54,11.0288
16861.5,-7176.34,9.30834
16865.7,-7178.14,7.5942
16869.9,-7179.94,5.88954
16874.1,-7181.74,4.20862
16878.3,-7183.54,2.58239
16882.5,-7185.34,1.26608
16886.7,-7187.14,1.6361
16890.9,-7188.94,3.14468
16895.1,-7190.74,4.82027
16899.3,-7192.54,6.5396
16903.6,-7194.34,8.27526
16907.8,-7196.14,10.0155
16912,-7197.94,11.7645
16916.2,-7199.74,13.6038
