4.31103,-1.8,0.366908
9.0517,-3.6,0.369035
13.3896,-5.4,0.401538
17.6323,-7.2,0.490985
21.8516,-9,0.609091
26.06,-10.8,0.745457
30.3266,-12.6,2.59177
34.537,-14.4,4.46496
38.7467,-16.2,6.34339
42.9619,-18,8.22503
47.1716,-19.8,10.3994
51.3902,-21.6,12.5794
55.6013,-23.4,14.7559
59.8147,-25.2,16.8117
64.0323,-27,18.8691
68.2817,-28.8,20.9428
72.5009,-30.6,22.958
76.7156,-32.4,24.9717
80.9343,-34.2,26.9867
85.1463,-36,28.9986
89.3606,-37.8,30.9549
93.579,-39.6,32.9129
97.7918,-41.4,34.8686
102.009,-43.2,36.826
106.227,-45,38.7056
110.449,-46.8,40.5877
114.691,-48.6,42.479
118.909,-50.4,44.1343
123.126,-52.2,45.7908
127.339,-54,47.4448
131.558,-55.8,49.1014
135.771,-57.6,50.759
139.984,-59.4,52.4178
144.202,-61.2,54.078
148.416,-63,55.7157
152.635,-64.8,57.355
156.849,-66.6,58.9926
161.067,-68.4,60.632
165.278,-70.2,62.2898
169.52,-72,63.9598
173.739,-73.8,65.6211
177.955,-75.6,67.281
182.174,-77.4,69.0514
186.388,-79.2,70.8204
190.605,-81,72.5903
194.816,-82.8,74.4053
199.03,-84.6,76.2214
203.247,-86.4,78.0396
207.459,-88.2,79.8555
211.678,-90,81.668
215.918,-91.8,83.4897
220.133,-93.6,85.301
224.353,-95.4,87.0886
228.568,-97.2,88.8747
232.786,-99,90.6629
237,-100.8,92.4486
241.217,-102.6,94.1393
245.428,-104.4,95.8275
249.639,-106.2,97.5161
253.857,-108,99.0985
258.069,-109.8,100.679
262.285,-111.6,102.261
266.497,-113.4,103.842
270.737,-115.2,105.55
274.95,-117,107.246
279.164,-118.8,108.943
283.381,-120.6,110.74
287.592,-122.4,112.533
291.809,-124.2,114.329
296.019,-126,116.123
300.23,-127.8,117.939
304.448,-129.6,119.758
308.663,-131.4,121.577
312.882,-133.2,123.397
317.126,-135,125.339
321.394,-136.8,127.271
325.608,-138.6,129.221
329.819,-140.4,130.95
334.03,-142.2,132.678
338.241,-144,134.407
342.459,-145.8,136.138
346.672,-147.6,137.927
350.89,-149.4,139.717
355.101,-151.2,141.505
359.312,-153,143.312
363.528,-154.8,145.122
367.741,-156.6,146.93
371.983,-158.4,148.75
376.201,-160.2,150.549
380.421,-162,152.346
384.633,-163.8,154.142
388.845,-165.6,155.975
393.063,-167.4,157.809
397.277,-169.2,159.642
401.494,-171,161.477
405.705,-172.8,163.258
409.921,-174.6,165.041
414.165,-176.4,166.837
418.38,-178.2,168.62
422.598,-180,170.413
426.81,-181.8,172.205
431.026,-183.6,173.998
435.237,-185.4,175.798
439.449,-187.2,177.598
443.665,-189,179.401
447.877,-190.8,181.202
452.094,-192.6,183.035
456.306,-194.4,184.866
460.522,-196.2,186.699
464.734,-198,188.518
468.947,-199.8,190.338
473.189,-201.6,192.17
477.403,-203.4,193.99
481.621,-205.2,195.807
485.832,-207,197.621
490.045,-208.8,199.436
494.263,-210.6,201.237
498.475,-212.4,203.035
502.691,-214.2,204.835
506.903,-216,206.633
511.123,-217.8,208.439
515.365,-219.6,210.254
519.581,-221.4,212.059
523.799,-223.2,213.852
528.012,-225,215.643
532.229,-226.8,217.436
536.443,-228.6,219.227
540.662,-230.4,221.025
544.872,-232.2,222.82
549.085,-234,224.615
553.301,-235.8,226.446
557.514,-237.6,228.275
561.732,-239.4,230.106
565.943,-241.2,231.935
570.156,-243,233.766
574.396,-244.8,235.609
578.612,-246.6,237.442
582.831,-248.4,239.276
587.044,-250.2,241.119
591.262,-252,242.965
595.473,-253.8,244.807
599.687,-255.6,246.631
603.904,-257.4,248.456
608.116,-259.2,250.279
612.334,-261,252.105
616.576,-262.8,253.934
620.796,-264.6,255.754
625.008,-266.4,257.57
629.222,-268.2,259.37
633.439,-270,261.171
637.652,-271.8,262.97
641.87,-273.6,264.772
646.116,-275.4,266.572
650.336,-277.2,268.39
654.548,-279,270.191
658.763,-280.8,272.02
662.98,-282.6,273.851
667.194,-284.4,275.679
671.413,-286.2,277.51
675.648,-288,279.317
679.863,-289.8,281.116
684.082,-291.6,282.915
688.296,-293.4,284.713
692.515,-295.2,286.532
696.729,-297,288.349
700.947,-298.8,290.168
705.158,-300.6,291.99
709.371,-302.4,293.812
713.591,-304.2,295.637
717.834,-306,297.473
722.054,-307.8,299.324
726.269,-309.6,301.174
730.486,-311.4,303.024
734.698,-313.2,304.886
738.912,-315,306.749
743.13,-316.8,308.613
747.344,-318.6,310.475
751.562,-320.4,312.349
755.773,-322.2,314.22
759.986,-324,316.091
764.204,-325.8,317.962
768.417,-327.6,319.83
772.636,-329.4,321.7
776.873,-331.2,323.579
781.093,-333,325.449
785.306,-334.8,327.316
789.573,-336.6,329.206
793.792,-338.4,331.092
798.006,-340.2,332.975
802.224,-342,334.86
806.438,-343.8,336.741
810.659,-345.6,338.608
814.898,-347.4,340.483
819.115,-349.2,342.345
823.333,-351,344.208
827.548,-352.8,346.081
831.767,-354.6,347.952
835.979,-356.4,349.815
840.193,-358.2,351.681
844.41,-360,353.531
848.624,-361.8,355.338
852.841,-363.6,357.032
857.055,-365.4,358.252
861.273,-367.2,357.824
865.485,-369,356.279
869.7,-370.8,354.481
873.918,-372.6,352.613
878.156,-374.4,350.708
882.376,-376.199,348.798
886.592,-377.999,346.876
890.811,-379.799,344.949
895.024,-381.599,343.021
899.239,-383.399,341.097
903.457,-385.199,339.168
907.671,-386.999,337.242
911.891,-388.799,335.311
916.139,-390.599,333.381
920.36,-392.399,331.462
924.572,-394.199,329.547
928.788,-395.999,327.64
933.007,-397.799,325.733
937.221,-399.599,323.826
941.439,-401.399,321.918
945.652,-403.199,320.07
949.867,-404.999,318.221
954.085,-406.799,316.368
958.299,-408.599,314.784
962.517,-410.399,313.198
966.731,-412.199,311.614
970.951,-413.999,310.027
975.162,-415.799,308.365
979.4,-417.599,306.693
983.619,-419.399,305.027
987.835,-421.199,303.364
992.052,-422.999,301.749
996.266,-424.799,300.136
1000.48,-426.599,298.521
1004.7,-428.399,296.921
1008.91,-430.199,295.322
1013.13,-431.999,293.719
1017.37,-433.799,292.108
1021.59,-435.599,290.38
1025.81,-437.399,288.654
1030.02,-439.199,286.929
1034.24,-440.999,285.158
1038.45,-442.799,283.389
1042.67,-444.599,281.618
1046.88,-446.399,279.849
1051.1,-448.199,278.081
1055.31,-449.999,276.315
1059.52,-451.799,274.547
1063.74,-453.599,272.779
1067.95,-455.399,271.043
1072.17,-457.199,269.305
1076.39,-458.999,267.568
1080.63,-460.799,265.948
1084.84,-462.599,264.339
1089.06,-464.399,262.73
1093.28,-466.199,261.214
1097.49,-467.999,259.698
1101.73,-469.799,258.179
1106.05,-471.599,256.622
1110.42,-473.399,255.03
1114.65,-475.199,253.495
1118.9,-476.999,251.948
1123.12,-478.799,250.413
1127.33,-480.599,248.558
1131.55,-482.399,246.7
1135.77,-484.199,244.846
1139.98,-485.999,242.974
1144.2,-487.799,241.1
1148.41,-489.599,239.228
1152.63,-491.399,237.354
1156.85,-493.199,235.477
1161.06,-494.999,233.598
1165.28,-496.799,231.723
1169.49,-498.599,229.991
1173.71,-500.399,228.258
1177.92,-502.199,226.525
1182.18,-503.999,224.776
1186.39,-505.799,222.998
1190.61,-507.599,221.219
1194.83,-509.399,219.443
1199.04,-511.199,217.62
1203.26,-512.999,215.795
1207.47,-514.799,213.972
1211.7,-516.599,212.145
1215.94,-518.399,210.358
1220.16,-520.199,208.582
1224.38,-521.999,206.806
1228.59,-523.799,205.013
1232.81,-525.599,203.219
1237.02,-527.398,201.427
1241.24,-529.198,199.633
1245.46,-530.998,197.793
1249.67,-532.798,195.954
1253.89,-534.598,194.112
1258.1,-536.398,192.274
1262.32,-538.198,190.382
1266.53,-539.998,188.492
1270.75,-541.798,186.6
1274.96,-543.598,184.779
1279.18,-545.398,182.957
1283.42,-547.198,181.122
1287.64,-548.998,179.299
1291.86,-550.798,177.497
1296.07,-552.598,175.699
1300.32,-554.398,173.882
1304.53,-556.198,172.095
1308.74,-557.998,170.307
1312.97,-559.798,168.515
1317.21,-561.598,166.714
1321.43,-563.398,164.929
1325.64,-565.198,163.147
1329.86,-566.998,161.365
1334.08,-568.798,159.579
1338.29,-570.598,157.794
1342.51,-572.398,156.009
1346.73,-574.198,154.226
1350.95,-575.998,152.432
1355.16,-577.798,150.641
1359.37,-579.598,148.85
1363.59,-581.398,147.056
1367.81,-583.198,145.247
1372.03,-584.998,143.436
1376.24,-586.798,141.626
1380.46,-588.598,139.802
1384.7,-590.398,137.97
1388.91,-592.198,136.146
1393.13,-593.998,134.291
1397.35,-595.798,132.438
1401.56,-597.598,130.583
1405.78,-599.398,128.731
1409.99,-601.198,126.866
1414.21,-602.998,124.999
1418.45,-604.798,123.121
1422.67,-606.598,121.253
1426.89,-608.398,119.397
1431.11,-610.198,117.539
1435.32,-611.998,115.684
1439.54,-613.798,113.874
1443.75,-615.598,112.061
1447.97,-617.398,110.251
1452.19,-619.198,108.438
1456.4,-620.998,106.642
1460.62,-622.798,104.846
1464.83,-624.598,103.052
1469.04,-626.398,101.23
1473.26,-628.198,99.4063
1477.48,-629.998,97.5845
1481.7,-631.798,95.7606
1485.93,-633.598,93.9558
1490.15,-635.398,92.1603
1494.37,-637.198,90.3624
1498.64,-638.998,88.5441
1502.86,-640.798,86.7377
1507.08,-642.598,84.9342
1511.29,-644.398,83.1291
1515.51,-646.198,81.3291
1519.75,-647.998,79.5161
1523.98,-649.798,77.7132
1528.2,-651.598,75.9105
1532.42,-653.398,74.0796
1536.63,-655.198,72.2502
1540.85,-656.998,70.419
1545.06,-658.798,68.5887
1549.28,-660.598,66.7577
1553.5,-662.398,64.9246
1557.71,-664.198,63.0928
1561.93,-665.998,61.2702
1566.15,-667.798,59.4479
1570.37,-669.598,57.6254
1574.58,-671.398,55.8091
1578.8,-673.198,53.9924
1583.02,-674.997,52.174
1587.25,-676.797,50.3476
1591.47,-678.597,48.5337
1595.69,-680.397,46.7229
1599.9,-682.197,44.9115
1604.12,-683.997,43.0892
1608.33,-685.797,41.2686
1612.55,-687.597,39.445
1616.79,-689.397,37.6115
1621.01,-691.197,35.785
1625.23,-692.997,33.9617
1629.44,-694.797,32.138
1633.66,-696.597,30.3132
1637.87,-698.397,28.4722
1642.09,-700.197,26.6292
1646.31,-701.997,24.7892
1650.53,-703.797,22.9359
1654.74,-705.597,21.0852
1658.95,-707.397,19.2355
1663.17,-709.197,17.3845
1667.38,-710.997,15.5036
1671.6,-712.797,13.6232
1675.81,-714.597,11.7491
1680.03,-716.397,9.85583
1684.24,-718.197,7.97072
1688.54,-719.997,6.09368
1692.76,-721.797,4.23828
1696.97,-723.597,2.52693
1701.19,-725.397,1.5097
1705.4,-727.197,2.37557
1709.61,-728.997,4.05477
1713.83,-730.797,5.89034
1718.07,-732.597,7.78277
1722.28,-734.397,9.68362
1726.5,-736.197,11.588
1730.71,-737.997,13.5003
1734.93,-739.797,15.4134
1739.14,-741.597,17.3298
1743.36,-743.397,19.2372
1747.57,-745.197,21.1442
1751.79,-746.997,23.0531
1756,-748.797,24.8841
1760.22,-750.597,26.7166
1764.43,-752.397,28.5519
1768.65,-754.197,30.3864
1772.87,-755.997,32.2072
1777.08,-757.797,34.0275
1781.3,-759.597,35.8495
1785.51,-761.397,37.7179
1789.75,-763.197,39.5982
1793.97,-764.997,41.4706
1798.19,-766.797,43.3431
1802.41,-768.597,45.0644
1806.62,-770.397,46.7841
1810.84,-772.197,48.5065
1815.05,-773.997,50.0951
1819.3,-775.797,51.6946
1823.52,-777.597,53.286
1827.73,-779.397,54.8748
1831.95,-781.197,56.5356
1836.17,-782.997,58.197
1840.39,-784.797,59.858
1844.6,-786.597,61.4504
1848.81,-788.397,63.0435
1853.03,-790.197,64.6378
1857.25,-791.997,66.2311
1861.46,-793.797,67.9502
1865.68,-795.597,69.6663
1869.89,-797.397,71.3835
1874.11,-799.197,73.1019
1878.32,-800.997,74.9559
1882.54,-802.797,76.8114
1886.76,-804.597,78.6652
1891,-806.397,80.423
1895.21,-808.197,82.1692
1899.43,-809.997,83.9155
1903.65,-811.797,85.6631
1907.86,-813.597,87.3937
1912.08,-815.397,89.1259
1916.29,-817.197,90.8576
1920.54,-818.997,92.6035
1924.76,-820.797,94.3358
1928.97,-822.596,96.0681
1933.19,-824.396,97.8015
1937.41,-826.196,99.346
1941.62,-827.996,100.892
1945.84,-829.796,102.436
1950.05,-831.596,104.139
1954.27,-833.396,105.845
1958.48,-835.196,107.549
1962.7,-836.996,109.255
1966.92,-838.796,111.004
1971.14,-840.596,112.753
1975.35,-842.396,114.5
1979.56,-844.196,116.368
1983.78,-845.996,118.238
1987.99,-847.796,120.106
1992.24,-849.596,121.988
1996.45,-851.396,123.79
2000.67,-853.196,125.594
2004.88,-854.996,127.395
2009.1,-856.796,129.196
2013.32,-858.596,130.874
2017.56,-860.396,132.56
2021.78,-862.196,134.238
2026,-863.996,136.048
2030.21,-865.796,137.86
2034.43,-867.596,139.672
2038.64,-869.396,141.483
2042.86,-871.196,143.344
2047.07,-872.996,145.203
2051.29,-874.796,147.063
2055.5,-876.596,148.874
2059.71,-878.396,150.687
2063.93,-880.196,152.501
2068.14,-881.996,154.313
2072.36,-883.796,156.146
2076.58,-885.596,157.977
2080.79,-887.396,159.81
2085.01,-889.196,161.68
2089.22,-890.996,163.551
2093.46,-892.796,165.435
2097.67,-894.596,167.307
2101.89,-896.396,169.141
2106.11,-898.196,170.974
2110.33,-899.996,172.807
2114.55,-901.796,174.61
2118.79,-903.596,176.425
2123.01,-905.396,178.231
2127.22,-907.196,180.034
2131.44,-908.996,181.807
2135.65,-910.796,183.577
2139.87,-912.596,185.348
2144.09,-914.396,187.12
2148.3,-916.196,188.908
2152.52,-917.996,190.697
2156.73,-919.796,192.484
2160.95,-921.596,194.258
2165.16,-923.396,196.03
2169.38,-925.196,197.802
2173.6,-926.996,199.576
2177.81,-928.796,201.365
2182.03,-930.596,203.155
2186.24,-932.396,204.944
2190.46,-934.196,206.752
2194.75,-935.996,208.588
2198.96,-937.796,210.396
2203.18,-939.596,212.206
2207.4,-941.396,214.015
2211.62,-943.196,215.827
2215.83,-944.996,217.637
2220.07,-946.796,219.459
2224.29,-948.596,221.293
2228.51,-950.396,223.124
2232.73,-952.196,224.956
2236.94,-953.996,226.781
2241.16,-955.796,228.609
2245.38,-957.596,230.433
2249.59,-959.396,232.258
2253.81,-961.196,234.083
2258.02,-962.996,235.906
2262.24,-964.796,237.731
2266.46,-966.596,239.529
2270.68,-968.396,241.328
2274.89,-970.195,243.125
2279.11,-971.995,244.923
2283.33,-973.795,246.736
2287.54,-975.595,248.548
2291.76,-977.395,250.361
2296,-979.195,252.193
2300.21,-980.995,254.017
2304.43,-982.795,255.842
2308.64,-984.595,257.664
2312.93,-986.395,259.511
2317.17,-988.195,261.341
2321.39,-989.995,263.163
2325.6,-991.795,264.964
2329.82,-993.595,266.765
2334.04,-995.395,268.568
2338.26,-997.195,270.372
2342.48,-998.995,272.195
2346.69,-1000.8,274.017
2350.91,-1002.6,275.839
2355.12,-1004.4,277.671
2359.34,-1006.2,279.504
2363.55,-1008,281.339
2367.77,-1009.8,283.172
2371.99,-1011.6,285.005
2376.21,-1013.4,286.838
2380.42,-1015.2,288.671
2384.64,-1017,290.507
2388.85,-1018.8,292.344
2393.07,-1020.6,294.184
2397.3,-1022.4,296.031
2401.52,-1024.2,297.862
2405.74,-1026,299.69
2409.95,-1027.8,301.518
2414.17,-1029.6,303.35
2418.42,-1031.4,305.207
2422.64,-1033.2,307.054
2426.85,-1035,308.898
2431.07,-1036.8,310.739
2435.29,-1038.6,312.577
2439.5,-1040.4,314.415
2443.72,-1042.2,316.255
2447.93,-1044,318.098
2452.15,-1045.8,319.943
2456.37,-1047.6,321.786
2460.59,-1049.4,323.631
2464.8,-1051.2,325.488
2469.01,-1053,327.346
2473.23,-1054.8,329.206
2477.45,-1056.6,331.085
2481.67,-1058.4,332.967
2485.88,-1060.2,334.845
2490.1,-1062,336.756
2494.32,-1063.8,338.667
2498.56,-1065.6,340.586
2502.78,-1067.4,342.493
2506.99,-1069.2,344.401
2511.21,-1071,346.304
2515.42,-1072.8,348.2
2519.67,-1074.6,350.097
2523.89,-1076.4,351.983
2528.1,-1078.2,353.831
2532.32,-1080,355.6
2536.54,-1081.8,357.131
2540.76,-1083.6,357.845
2544.97,-1085.4,357.069
2549.18,-1087.2,355.519
2553.4,-1089,353.735
2557.62,-1090.8,351.874
2561.84,-1092.6,349.977
2566.05,-1094.4,348.07
2570.34,-1096.2,346.117
2574.55,-1098,344.192
2578.77,-1099.8,342.262
2582.99,-1101.6,340.337
2587.2,-1103.4,338.414
2591.42,-1105.2,336.486
2595.63,-1107,334.559
2599.85,-1108.8,332.664
2604.11,-1110.6,330.753
2608.42,-1112.4,328.809
2612.65,-1114.2,326.928
2616.87,-1116,325.05
2621.12,-1117.8,323.156
2625.34,-1119.6,321.237
2629.55,-1121.4,319.319
2633.77,-1123.2,317.399
2637.99,-1125,315.48
2642.21,-1126.8,313.777
2646.42,-1128.6,312.074
2650.64,-1130.4,310.37
2654.86,-1132.2,308.666
2659.07,-1134,307.099
2663.29,-1135.8,305.532
2667.5,-1137.6,303.966
2671.72,-1139.4,302.304
2675.93,-1141.2,300.644
2680.15,-1143,298.983
2684.37,-1144.8,297.32
2688.58,-1146.6,295.761
2692.8,-1148.4,294.2
2697.01,-1150.2,292.642
2701.27,-1152,290.947
2705.48,-1153.8,289.269
2709.7,-1155.6,287.59
2713.92,-1157.4,285.909
2718.2,-1159.2,284.037
2722.42,-1161,282.189
2726.63,-1162.8,280.344
2730.85,-1164.6,278.511
2735.06,-1166.4,276.68
2739.28,-1168.2,274.848
2743.5,-1170,273.015
2747.72,-1171.8,271.241
2751.94,-1173.6,269.466
2756.15,-1175.4,267.692
2760.37,-1177.2,265.869
2764.59,-1179,264.05
2768.8,-1180.8,262.23
2773.02,-1182.6,260.408
2777.23,-1184.4,258.849
2781.45,-1186.2,257.287
2785.67,-1188,255.729
2789.88,-1189.8,254.178
2794.1,-1191.6,252.626
2798.32,-1193.4,251.076
2802.56,-1195.2,249.514
2806.78,-1197,247.923
2811,-1198.8,246.332
2815.21,-1200.6,244.742
2819.46,-1202.4,243.142
2823.68,-1204.2,241.56
2827.89,-1206,239.98
2832.11,-1207.8,238.4
2836.33,-1209.6,236.676
2840.55,-1211.4,234.95
2844.76,-1213.2,233.227
2848.97,-1215,231.503
2853.19,-1216.8,229.668
2857.4,-1218.6,227.834
2861.62,-1220.4,225.999
2865.83,-1222.2,224.2
2870.05,-1224,222.4
2874.26,-1225.8,220.598
2878.48,-1227.6,218.799
2882.7,-1229.4,216.983
2886.91,-1231.2,215.169
2891.13,-1233,213.353
2895.34,-1234.8,211.551
2899.55,-1236.6,209.748
2903.8,-1238.4,207.932
2908.01,-1240.2,206.129
2912.23,-1242,204.305
2916.45,-1243.8,202.482
2920.69,-1245.6,200.646
2924.91,-1247.4,198.805
2929.19,-1249.2,196.937
2933.41,-1251,195.094
2937.62,-1252.8,193.254
2941.84,-1254.6,191.458
2946.05,-1256.4,189.666
2950.3,-1258.2,187.855
2954.52,-1260,186.061
2958.73,-1261.8,184.278
2962.95,-1263.6,182.492
2967.16,-1265.4,180.708
2971.38,-1267.2,178.924
2975.59,-1269,177.141
2979.81,-1270.8,175.358
2984.02,-1272.6,173.574
2988.24,-1274.4,171.784
2992.46,-1276.2,169.994
2996.67,-1278,168.206
3000.89,-1279.8,166.403
3005.13,-1281.6,164.591
3009.35,-1283.4,162.789
3013.56,-1285.2,160.986
3017.78,-1287,159.178
3022.03,-1288.8,157.357
3026.24,-1290.6,155.548
3030.46,-1292.4,153.739
3034.67,-1294.2,151.921
3038.89,-1296,150.102
3043.11,-1297.8,148.281
3047.32,-1299.6,146.475
3051.54,-1301.4,144.667
3055.75,-1303.2,142.862
3059.96,-1305,141.056
3064.18,-1306.8,139.253
3068.39,-1308.6,137.451
3072.61,-1310.4,135.648
3076.82,-1312.2,133.863
3081.04,-1314,132.076
3085.25,-1315.8,130.292
3089.47,-1317.6,128.507
3093.69,-1319.4,126.694
3097.9,-1321.2,124.882
3102.12,-1323,123.07
3106.36,-1324.8,121.251
3110.57,-1326.6,119.441
3114.79,-1328.4,117.633
3119.03,-1330.2,115.812
3123.25,-1332,113.982
3127.47,-1333.8,112.155
3131.69,-1335.6,110.326
3135.9,-1337.4,108.504
3140.12,-1339.2,106.681
3144.33,-1341,104.856
3148.55,-1342.8,103.034
3152.76,-1344.6,101.218
3156.98,-1346.4,99.4047
3161.2,-1348.2,97.5888
3165.41,-1350,95.7758
3169.62,-1351.8,93.9383
3173.84,-1353.6,92.0991
3178.05,-1355.4,90.2616
3182.27,-1357.2,88.4349
3186.48,-1359,86.6098
3190.7,-1360.8,84.7823
3194.91,-1362.6,82.9575
3199.13,-1364.4,81.1323
3203.35,-1366.2,79.3053
3207.59,-1368,77.4682
3211.81,-1369.8,75.6602
3216.02,-1371.6,73.8529
3220.3,-1373.4,72.0193
3224.52,-1375.2,70.21
3228.74,-1377,68.413
3232.96,-1378.8,66.6145
3237.17,-1380.6,64.8184
3241.39,-1382.4,63.0263
3245.6,-1384.2,61.2376
3249.82,-1386.01,59.4479
3254.04,-1387.81,57.6552
3258.26,-1389.61,55.8576
3262.48,-1391.41,54.0601
3266.69,-1393.21,52.2648
3270.91,-1395.01,50.4511
3275.12,-1396.81,48.6406
3279.34,-1398.61,46.8292
3283.59,-1400.41,45.0158
3287.81,-1402.21,43.1775
3292.03,-1404.01,41.3539
3296.24,-1405.81,39.5324
3300.46,-1407.61,37.7093
3304.68,-1409.41,35.8559
3308.92,-1411.21,33.9926
3313.13,-1413.01,32.1375
3317.35,-1414.81,30.2781
3321.6,-1416.61,28.4064
3325.81,-1418.41,26.5496
3330.03,-1420.21,24.6936
3334.25,-1422.01,22.8344
3338.46,-1423.81,20.9796
3342.68,-1425.61,19.1263
3346.89,-1427.41,17.2914
3351.11,-1429.21,15.4594
3355.33,-1431.01,13.6368
3359.54,-1432.81,11.8233
3363.76,-1434.61,10.0248
3367.97,-1436.41,8.25555
3372.18,-1438.21,6.53313
3376.39,-1440.01,4.90193
3380.61,-1441.81,3.51539
3384.82,-1443.61,2.77806
3389.04,-1445.41,3.17614
3393.25,-1447.21,4.37015
3397.47,-1449.01,5.90349
3401.68,-1450.81,7.57448
3405.89,-1452.61,9.30379
3410.13,-1454.41,11.0789
3414.35,-1456.21,12.867
3418.56,-1458.01,14.6666
3422.81,-1459.81,16.5254
3427.03,-1461.61,18.3774
3431.25,-1463.41,20.2358
3435.46,-1465.21,22.0938
3439.67,-1467.01,23.9868
3443.89,-1468.81,25.8834
3448.11,-1470.61,27.7803
3452.33,-1472.41,29.6665
3456.54,-1474.21,31.5512
3460.76,-1476.01,33.4395
3464.97,-1477.81,35.3252
3469.18,-1479.61,37.2047
3473.4,-1481.41,39.0867
3477.62,-1483.21,40.9668
3481.84,-1485.01,42.8289
3486.05,-1486.81,44.6883
3490.3,-1488.61,46.5642
3494.51,-1490.41,48.425
3498.72,-1492.21,50.0303
3502.94,-1494.01,51.6368
3507.15,-1495.81,53.2419
3511.4,-1497.61,54.9422
3515.61,-1499.41,56.6317
3519.86,-1501.21,58.3322
3524.08,-1503.01,60.0236
3528.29,-1504.81,61.6732
3532.51,-1506.61,63.3247
3536.72,-1508.41,64.9743
3540.94,-1510.21,66.6263
3545.15,-1512.01,68.313
3549.37,-1513.81,70.0004
3553.58,-1515.61,71.6891
3557.8,-1517.41,73.4749
3562.02,-1519.21,75.2629
3566.23,-1521.01,77.0491
3570.45,-1522.81,78.8509
3574.66,-1524.61,80.651
3578.88,-1526.41,82.4514
3583.09,-1528.21,84.2539
3587.31,-1530.01,86.0557
3591.52,-1531.81,87.8592
3595.74,-1533.61,89.6602
3599.95,-1535.41,91.4625
3604.17,-1537.21,93.2479
3608.39,-1539.01,95.0315
3612.63,-1540.81,96.8274
3616.85,-1542.61,98.55
3621.1,-1544.41,100.285
3625.31,-1546.21,102.008
3629.52,-1548.01,103.73
3633.74,-1549.81,105.365
3637.95,-1551.61,106.999
3642.22,-1553.41,108.652
3646.44,-1555.21,110.298
3650.65,-1557.01,111.943
3654.87,-1558.81,113.587
3659.08,-1560.61,115.232
3663.3,-1562.41,116.911
3667.51,-1564.21,118.589
3671.73,-1566.01,120.269
3675.95,-1567.81,121.946
3680.16,-1569.61,123.756
3684.38,-1571.41,125.57
3688.59,-1573.21,127.381
3692.81,-1575.01,129.266
3697.03,-1576.81,131.149
3701.24,-1578.61,133.035
3705.46,-1580.41,134.809
3709.67,-1582.21,136.582
3713.92,-1584.01,138.37
3718.13,-1585.81,140.145
3722.38,-1587.61,142.008
3726.6,-1589.41,143.856
3730.82,-1591.21,145.705
3735.03,-1593.01,147.552
3739.24,-1594.81,149.363
3743.46,-1596.61,151.175
3747.68,-1598.41,152.987
3751.9,-1600.21,154.797
3756.12,-1602.01,156.608
3760.33,-1603.81,158.418
3764.55,-1605.61,160.225
3768.76,-1607.41,162.069
3772.98,-1609.21,163.915
3777.19,-1611.01,165.758
3781.41,-1612.81,167.603
3785.62,-1614.61,169.436
3789.84,-1616.41,171.271
3794.05,-1618.21,173.107
3798.27,-1620.01,174.888
3802.49,-1621.81,176.669
3806.7,-1623.61,178.448
3810.92,-1625.41,180.228
3815.16,-1627.21,182.016
3819.38,-1629.01,183.796
3823.62,-1630.81,185.588
3827.84,-1632.61,187.405
3832.06,-1634.41,189.223
3836.27,-1636.21,191.04
3840.49,-1638.01,192.858
3844.7,-1639.81,194.684
3848.92,-1641.61,196.512
3853.14,-1643.41,198.342
3857.35,-1645.21,200.17
3861.57,-1647.01,201.999
3865.78,-1648.81,203.826
3870,-1650.61,205.654
3874.22,-1652.41,207.468
3878.43,-1654.21,209.28
3882.65,-1656.01,211.094
3886.86,-1657.81,212.894
3891.08,-1659.61,214.696
3895.29,-1661.41,216.495
3899.51,-1663.21,218.295
3903.73,-1665.01,220.09
3907.94,-1666.81,221.882
3912.16,-1668.61,223.676
3916.4,-1670.41,225.495
3920.64,-1672.21,227.318
3924.86,-1674.01,229.126
3929.07,-1675.81,230.935
3933.29,-1677.61,232.725
3937.51,-1679.41,234.513
3941.73,-1681.21,236.303
3945.94,-1683.01,238.091
3950.15,-1684.81,239.876
3954.37,-1686.61,241.663
3958.59,-1688.41,243.449
3962.81,-1690.21,245.28
3967.02,-1692.01,247.11
3971.24,-1693.81,248.941
3975.45,-1695.61,250.77
3979.67,-1697.41,252.624
3983.89,-1699.21,254.479
3988.1,-1701.01,256.333
3992.32,-1702.81,258.165
3997.03,-1704.61,260.21
4004.35,-1706.41,263.372
4008.79,-1708.21,265.286
4013.24,-1710.01,267.193
4017.75,-1711.81,269.124
4022.22,-1713.61,270.76
4026.74,-1715.41,272.412
4031.21,-1717.21,274.046
4035.66,-1719.01,275.677
4040.16,-1720.81,277.431
4044.62,-1722.61,279.17
4049,-1724.41,280.879
4053.37,-1726.21,282.629
4057.62,-1728.01,284.328
4061.86,-1729.81,286.02
4066.08,-1731.61,287.792
4070.35,-1733.41,289.588
4074.59,-1735.21,291.364
4078.8,-1737.01,293.135
4083.03,-1738.81,294.962
4087.27,-1740.61,296.796
4091.51,-1742.41,298.632
4095.77,-1744.21,300.477
4101.64,-1746.01,303.015
4106.01,-1747.81,304.909
4110.42,-1749.61,306.826
4114.65,-1751.41,308.548
4118.89,-1753.21,310.27
4123.12,-1755.02,311.994
4127.35,-1756.82,313.77
4131.57,-1758.62,315.54
4135.78,-1760.42,317.306
4140,-1762.22,319.076
4144.22,-1764.02,320.886
4148.44,-1765.82,322.692
4152.66,-1767.62,324.505
4156.88,-1769.42,326.296
4161.11,-1771.22,328.092
4165.34,-1773.02,329.892
4169.56,-1774.82,331.68
4173.79,-1776.62,333.519
4178.02,-1778.42,335.36
4182.25,-1780.22,337.195
4186.53,-1782.02,339.052
4190.78,-1783.82,340.913
4195,-1785.62,342.757
4199.23,-1787.42,344.6
4203.47,-1789.22,346.421
4207.69,-1791.02,348.221
4211.92,-1792.82,350.007
4216.17,-1794.62,351.784
4220.42,-1796.42,353.497
4224.67,-1798.22,355.085
4228.91,-1800.02,356.373
4233.13,-1801.82,356.962
4237.37,-1803.62,356.495
4241.61,-1805.42,355.27
4245.84,-1807.22,353.721
4250.06,-1809.02,352.021
4254.28,-1810.82,350.251
4258.51,-1812.62,348.441
4262.75,-1814.42,346.606
4266.98,-1816.22,344.762
4271.2,-1818.02,342.91
4275.43,-1819.82,341.049
4279.67,-1821.62,339.164
4283.92,-1823.42,337.277
4288.14,-1825.22,335.396
4292.36,-1827.02,333.509
4296.58,-1828.82,331.622
4300.81,-1830.62,329.731
4305.03,-1832.42,327.843
4309.25,-1834.22,325.942
4313.49,-1836.02,324.028
4317.74,-1837.82,322.114
4321.96,-1839.62,320.19
4326.2,-1841.42,318.259
4330.43,-1843.22,316.335
4334.68,-1845.02,314.401
4338.9,-1846.82,312.678
4343.13,-1848.62,310.946
4347.45,-1850.42,309.19
4351.67,-1852.22,307.527
4355.91,-1854.02,305.866
4360.13,-1855.82,304.211
4364.36,-1857.62,302.55
4368.58,-1859.42,300.76
4372.82,-1861.22,298.966
4377.04,-1863.02,297.172
4381.26,-1864.82,295.415
4385.49,-1866.62,293.657
4389.71,-1868.42,291.903
4393.94,-1870.22,290.148
4398.16,-1872.02,288.507
4402.41,-1873.82,286.853
4406.66,-1875.62,285.2
4410.9,-1877.42,283.551
4415.14,-1879.22,281.798
4419.36,-1881.02,280.051
4423.62,-1882.82,278.288
4427.84,-1884.62,276.491
4432.07,-1886.42,274.688
4436.29,-1888.22,272.884
4440.55,-1890.02,271.071
4444.77,-1891.82,269.206
4449,-1893.62,267.333
4453.23,-1895.42,265.466
4457.46,-1897.22,263.657
4461.69,-1899.02,261.852
4465.92,-1900.82,260.044
4470.14,-1902.62,258.24
4474.36,-1904.42,256.648
4478.58,-1906.22,255.059
4482.8,-1908.02,253.467
4487.03,-1909.82,251.867
4491.26,-1911.62,250.267
4495.49,-1913.42,248.665
4499.71,-1915.22,247.068
4503.93,-1917.02,245.472
4508.16,-1918.82,243.875
4512.38,-1920.62,242.279
4516.61,-1922.42,240.725
4520.86,-1924.22,239.168
4525.1,-1926.02,237.609
4529.34,-1927.82,236.054
4533.58,-1929.62,234.505
4537.81,-1931.42,232.949
4542.03,-1933.22,231.4
4546.25,-1935.02,229.48
4550.5,-1936.82,227.552
4554.72,-1938.62,225.63
4558.94,-1940.42,223.712
4563.17,-1942.22,221.984
4567.42,-1944.02,220.243
4571.67,-1945.82,218.503
4575.89,-1947.62,216.776
4580.18,-1949.42,214.875
4584.42,-1951.22,212.991
4588.67,-1953.02,211.105
4592.9,-1954.82,209.274
4597.12,-1956.62,207.448
4601.35,-1958.42,205.618
4605.57,-1960.22,203.794
4609.79,-1962.02,201.978
4614.02,-1963.82,200.157
4618.25,-1965.62,198.341
4622.49,-1967.42,196.467
4626.76,-1969.22,194.585
4630.99,-1971.02,192.718
4635.22,-1972.82,190.851
4639.45,-1974.62,189.036
4643.68,-1976.42,187.208
4647.9,-1978.22,185.391
4652.13,-1980.02,183.61
4656.35,-1981.82,181.828
4660.58,-1983.62,180.047
4664.8,-1985.42,178.267
4669.01,-1987.22,176.492
4673.24,-1989.02,174.712
4677.47,-1990.82,172.93
4681.71,-1992.62,171.151
4685.92,-1994.42,169.337
4690.15,-1996.22,167.521
4694.38,-1998.02,165.709
4698.62,-1999.82,163.902
4702.84,-2001.62,162.1
4707.08,-2003.42,160.301
4711.3,-2005.22,158.473
4715.55,-2007.02,156.637
4719.77,-2008.82,154.815
4724.03,-2010.62,152.975
4728.25,-2012.42,151.168
4732.49,-2014.22,149.353
4736.71,-2016.02,147.547
4740.95,-2017.82,145.739
4745.17,-2019.62,143.934
4749.39,-2021.42,142.133
4753.63,-2023.22,140.325
4757.86,-2025.02,138.51
4762.08,-2026.82,136.699
4766.3,-2028.62,134.89
4770.55,-2030.42,133.067
4774.79,-2032.22,131.253
4779.02,-2034.02,129.446
4783.24,-2035.82,127.64
4787.47,-2037.62,125.845
4791.69,-2039.42,124.051
4795.92,-2041.22,122.256
4800.14,-2043.02,120.463
4804.38,-2044.82,118.651
4808.61,-2046.62,116.841
4812.85,-2048.42,115.029
4817.07,-2050.22,113.198
4821.35,-2052.02,111.335
4825.61,-2053.82,109.483
4829.83,-2055.62,107.65
4834.06,-2057.42,105.839
4838.28,-2059.22,104.029
4842.53,-2061.02,102.207
4846.77,-2062.82,100.379
4851,-2064.62,98.5521
4855.22,-2066.42,96.7313
4859.45,-2068.22,94.9097
4863.68,-2070.02,93.0932
4867.91,-2071.82,91.2782
4872.14,-2073.62,89.4675
4876.37,-2075.42,87.6529
4880.61,-2077.22,85.8281
4884.84,-2079.02,84.007
4889.06,-2080.82,82.1911
4893.29,-2082.62,80.3886
4897.54,-2084.42,78.5835
4901.77,-2086.22,76.783
4905.99,-2088.02,74.9895
4910.22,-2089.82,73.194
4914.46,-2091.62,71.3955
4918.67,-2093.42,69.6061
4922.9,-2095.22,67.8114
4927.16,-2097.02,66.0021
4931.39,-2098.82,64.2046
4935.62,-2100.62,62.404
4939.84,-2102.42,60.6185
4944.07,-2104.22,58.8299
4948.3,-2106.02,57.0354
4952.55,-2107.82,55.2067
4956.77,-2109.62,53.3909
4961.11,-2111.42,51.5259
4965.35,-2113.22,49.701
4969.57,-2115.02,47.8844
4973.8,-2116.82,46.0643
4978.02,-2118.62,44.2475
4982.3,-2120.42,42.3743
4986.55,-2122.22,40.5114
4990.79,-2124.02,38.6531
4995.02,-2125.82,36.7996
4999.25,-2127.62,34.9594
5007.56,-2129.43,31.3379
5011.81,-2131.23,29.4864
5016.03,-2133.03,27.8656
5020.32,-2134.83,26.2234
5024.62,-2136.63,24.5723
5028.84,-2138.43,22.7945
5033.07,-2140.23,21.0154
5037.29,-2142.03,19.2415
5041.55,-2143.83,17.3896
5045.79,-2145.63,15.5542
5050.01,-2147.43,13.733
5054.29,-2149.23,11.8958
5058.53,-2151.03,10.0729
5062.78,-2152.83,8.27394
5067,-2154.63,6.53014
5071.22,-2156.43,4.87727
5075.46,-2158.23,3.44476
5079.68,-2160.03,2.66327
5083.9,-2161.83,3.08741
5088.13,-2163.63,4.3964
5092.36,-2165.43,6.03817
5096.59,-2167.23,7.8085
5100.81,-2169.03,9.63161
5105.35,-2170.83,11.6349
5109.59,-2172.63,13.5199
5113.81,-2174.43,15.4122
5118.03,-2176.23,17.2776
5122.33,-2178.03,19.173
5126.6,-2179.83,21.0787
5130.83,-2181.63,22.9576
5135.05,-2183.43,24.8547
5139.28,-2185.23,26.757
5143.53,-2187.03,28.6729
5147.78,-2188.83,30.5763
5152.02,-2190.63,32.4725
5156.25,-2192.43,34.3712
5160.49,-2194.23,36.2718
5164.72,-2196.03,38.148
5168.94,-2197.83,40.0183
5173.17,-2199.63,41.8955
5177.41,-2201.43,43.693
5181.66,-2203.23,45.4964
5185.88,-2205.03,47.2886
5190.11,-2206.83,49.0845
5194.35,-2208.63,50.7507
5198.58,-2210.43,52.4125
5202.81,-2212.23,54.0724
5207.04,-2214.03,55.7225
5211.27,-2215.83,57.3702
5215.51,-2217.63,59.0209
5219.73,-2219.43,60.6654
5223.96,-2221.23,62.4019
5228.25,-2223.03,64.156
5232.48,-2224.83,65.8934
5236.91,-2226.63,67.6962
5241.16,-2228.43,69.4248
5245.38,-2230.23,71.1438
5249.62,-2232.03,72.8704
5254.11,-2233.83,74.7381
5258.35,-2235.63,76.502
5262.58,-2237.43,78.259
5266.8,-2239.23,80.0138
5271.36,-2241.03,81.9285
5275.59,-2242.83,83.7059
5279.81,-2244.63,85.4774
5284.36,-2246.43,87.3413
5288.59,-2248.23,89.0705
5292.81,-2250.03,90.8003
5297.03,-2251.83,92.5291
5301.62,-2253.63,94.3617
5305.85,-2255.43,96.0504
5310.07,-2257.23,97.735
5314.3,-2259.03,99.4415
5318.55,-2260.83,101.156
5322.79,-2262.63,102.867
5327.04,-2264.43,104.582
5331.3,-2266.23,106.177
5335.55,-2268.03,107.769
5339.79,-2269.83,109.356
5344.03,-2271.63,110.954
5348.26,-2273.43,112.547
5352.5,-2275.23,114.143
5356.74,-2277.03,115.768
5360.97,-2278.83,117.391
5365.2,-2280.63,119.008
5369.45,-2282.43,120.637
5373.67,-2284.23,122.266
5377.9,-2286.03,123.89
5382.12,-2287.83,125.514
5386.36,-2289.63,127.144
5390.58,-2291.43,128.783
5394.81,-2293.23,130.42
5399.03,-2295.03,132.059
5403.27,-2296.83,133.759
5407.51,-2298.63,135.456
5411.73,-2300.43,137.15
5415.95,-2302.23,138.84
5420.5,-2304.03,140.795
5424.73,-2305.83,142.617
5428.98,-2307.63,144.443
5433.23,-2309.43,146.262
5437.47,-2311.23,148.075
5441.69,-2313.03,149.883
5445.91,-2314.83,151.688
5450.13,-2316.63,153.48
5454.36,-2318.43,155.276
5458.59,-2320.23,157.074
5462.81,-2322.03,158.917
5467.03,-2323.83,160.761
5471.27,-2325.63,162.61
5475.5,-2327.43,164.455
5479.77,-2329.23,166.328
5484.01,-2331.03,168.188
5488.23,-2332.83,170.041
5492.47,-2334.63,171.84
5496.69,-2336.43,173.632
5500.93,-2338.23,175.43
5505.15,-2340.03,177.22
5509.36,-2341.83,179.006
5513.61,-2343.63,180.803
5517.83,-2345.43,182.59
5522.05,-2347.23,184.379
5526.3,-2349.03,186.186
5530.55,-2350.83,187.993
5534.82,-2352.63,189.81
5539.04,-2354.43,191.584
5543.28,-2356.23,193.37
5547.54,-2358.03,195.161
5552.04,-2359.83,197.066
5556.26,-2361.63,198.855
5560.5,-2363.43,200.649
5564.73,-2365.23,202.443
5569.24,-2367.03,204.306
5573.48,-2368.83,206.06
5577.71,-2370.63,207.805
5581.93,-2372.43,209.551
5586.17,-2374.23,211.326
5590.42,-2376.03,213.102
5594.65,-2377.83,214.874
5598.87,-2379.63,216.698
5603.94,-2381.43,218.88
5608.34,-2383.23,220.787
5612.64,-2385.03,222.645
5616.86,-2386.83,224.465
5621.17,-2388.63,226.325
5625.42,-2390.43,228.16
5629.74,-2392.23,229.913
5634.01,-2394.03,231.645
5638.22,-2395.83,233.351
5642.78,-2397.63,235.278
5647,-2399.43,237.066
5651.23,-2401.23,238.853
5655.47,-2403.03,240.642
5659.69,-2404.83,242.38
5663.92,-2406.63,244.122
5668.15,-2408.43,245.866
5672.37,-2410.23,247.604
5676.61,-2412.03,249.427
5680.84,-2413.83,251.247
5685.05,-2415.63,253.062
5689.28,-2417.43,254.884
5693.53,-2419.23,256.716
5697.76,-2421.03,258.535
5702.04,-2422.83,260.381
5706.28,-2424.63,262.205
5710.54,-2426.43,264.039
5714.77,-2428.23,265.864
5719,-2430.03,267.671
5723.23,-2431.83,269.485
5727.5,-2433.63,271.309
5731.72,-2435.43,273.119
5735.97,-2437.23,274.945
5740.19,-2439.03,276.762
5744.42,-2440.83,278.58
5748.67,-2442.63,280.4
5752.92,-2444.43,282.217
5757.14,-2446.23,284.026
5761.46,-2448.03,285.873
5765.68,-2449.83,287.668
5769.91,-2451.63,289.464
5774.13,-2453.43,291.26
5778.36,-2455.23,293.058
5782.6,-2457.03,294.863
5786.82,-2458.83,296.658
5791.05,-2460.63,298.455
5795.28,-2462.43,300.244
5799.54,-2464.23,302.044
5803.78,-2466.03,303.839
5808.02,-2467.83,305.649
5812.25,-2469.63,307.456
5816.48,-2471.43,309.265
5820.71,-2473.23,311.069
5825.11,-2475.03,312.961
5829.38,-2476.83,314.791
5833.63,-2478.63,316.614
5837.85,-2480.43,318.426
5842.08,-2482.23,320.236
5846.32,-2484.03,322.046
5850.55,-2485.83,323.862
5854.79,-2487.63,325.708
5859.01,-2489.43,327.549
5863.25,-2491.23,329.392
5867.49,-2493.03,331.235
5871.72,-2494.83,333.075
5875.94,-2496.64,334.907
5880.18,-2498.44,336.742
5884.42,-2500.24,338.569
5888.66,-2502.04,340.39
5892.9,-2503.84,342.207
5897.42,-2505.64,344.148
5901.68,-2507.44,345.967
5905.9,-2509.24,347.757
5910.13,-2511.04,349.534
5914.63,-2512.84,351.354
5918.86,-2514.64,353.01
5923.08,-2516.44,354.547
5927.35,-2518.24,355.857
5931.58,-2520.04,356.623
5935.81,-2521.84,356.492
5940.05,-2523.64,355.535
5944.29,-2525.44,354.108
5948.54,-2527.24,352.474
5952.77,-2529.04,350.751
5957,-2530.84,348.981
5961.23,-2532.64,347.153
5965.46,-2534.44,345.305
5969.68,-2536.24,343.448
5973.91,-2538.04,341.565
5978.15,-2539.84,339.67
5982.38,-2541.64,337.775
5986.92,-2543.44,335.741
5991.16,-2545.24,333.835
5995.38,-2547.04,331.936
5999.62,-2548.84,330.027
6003.85,-2550.64,328.154
6008.09,-2552.44,326.277
6012.32,-2554.24,324.407
6016.54,-2556.04,322.528
6020.78,-2557.84,320.679
6025,-2559.64,318.833
6029.25,-2561.44,316.975
6033.5,-2563.24,315.213
6037.73,-2565.04,313.46
6041.98,-2566.84,311.695
6046.2,-2568.64,309.94
6050.44,-2570.44,308.296
6054.67,-2572.24,306.648
6058.9,-2574.04,304.998
6063.13,-2575.84,303.352
6067.36,-2577.64,301.681
6071.6,-2579.44,300.003
6075.83,-2581.24,298.333
6080.05,-2583.04,296.672
6084.29,-2584.84,295.003
6088.53,-2586.64,293.333
6092.78,-2588.44,291.642
6097.01,-2590.24,289.964
6101.23,-2592.04,288.283
6105.46,-2593.84,286.6
6109.99,-2595.64,284.71
6114.23,-2597.44,282.938
6118.46,-2599.24,281.169
6123.02,-2601.04,279.403
6127.28,-2602.84,277.549
6131.54,-2604.64,275.834
6135.77,-2606.44,274.126
6140.27,-2608.24,272.257
6144.53,-2610.04,270.486
6148.75,-2611.84,268.73
6153.28,-2613.64,266.797
6157.54,-2615.44,264.984
6161.77,-2617.24,263.181
6166,-2619.04,261.375
6170.22,-2620.84,259.711
6174.46,-2622.64,258.047
6178.67,-2624.44,256.376
6182.9,-2626.24,254.708
6187.13,-2628.04,253.091
6191.36,-2629.84,251.475
6195.59,-2631.64,249.859
6199.81,-2633.44,248.264
6204.04,-2635.24,246.665
6208.27,-2637.04,245.068
6212.55,-2638.84,243.348
6216.79,-2640.64,241.645
6221.02,-2642.44,239.946
6225.25,-2644.24,238.244
6229.74,-2646.04,236.294
6233.98,-2647.84,234.448
6238.21,-2649.64,232.61
6242.47,-2651.44,230.754
6246.69,-2653.24,228.899
6250.93,-2655.04,227.036
6255.15,-2656.84,225.181
6259.37,-2658.64,223.554
6263.62,-2660.44,221.919
6267.85,-2662.24,220.289
6272.07,-2664.04,218.661
6276.29,-2665.84,216.834
6280.54,-2667.64,214.994
6284.78,-2669.44,213.16
6289,-2671.24,211.32
6293.24,-2673.04,209.473
6297.49,-2674.84,207.624
6301.73,-2676.64,205.777
6305.95,-2678.44,204.016
6310.18,-2680.24,202.248
6314.42,-2682.04,200.478
6318.66,-2683.84,198.639
6322.89,-2685.64,196.805
6327.15,-2687.44,194.96
6331.38,-2689.24,193.128
6335.62,-2691.04,191.272
6339.86,-2692.84,189.421
6344.11,-2694.64,187.563
6348.35,-2696.44,185.717
6352.58,-2698.24,183.878
6356.81,-2700.04,182.038
6361.03,-2701.84,180.198
6365.25,-2703.64,178.381
6369.48,-2705.44,176.558
6373.71,-2707.24,174.74
6377.93,-2709.04,172.923
6382.15,-2710.84,171.107
6386.38,-2712.64,169.288
6390.62,-2714.44,167.466
6394.97,-2716.24,165.623
6399.19,-2718.04,163.832
6403.43,-2719.84,162.037
6407.68,-2721.64,160.234
6412.24,-2723.44,158.321
6416.47,-2725.24,156.543
6420.69,-2727.04,154.772
6424.92,-2728.84,153.051
6429.17,-2730.64,151.32
6433.42,-2732.44,149.588
6437.66,-2734.24,147.863
6441.9,-2736.04,146.059
6446.16,-2737.84,144.245
6450.4,-2739.64,142.442
6454.64,-2741.44,140.613
6458.87,-2743.24,138.791
6463.14,-2745.04,136.948
6467.38,-2746.84,135.12
6471.62,-2748.64,133.28
6475.85,-2750.44,131.443
6480.08,-2752.24,129.612
6484.3,-2754.04,127.84
6488.55,-2755.84,126.059
6492.78,-2757.64,124.282
6497,-2759.44,122.511
6501.24,-2761.24,120.665
6505.49,-2763.04,118.817
6509.72,-2764.84,116.972
6513.94,-2766.64,115.175
6518.18,-2768.44,113.373
6522.42,-2770.24,111.57
6526.66,-2772.04,109.765
6530.93,-2773.84,107.911
6535.15,-2775.64,106.078
6539.37,-2777.44,104.245
6543.61,-2779.24,102.436
6547.86,-2781.04,100.621
6552.09,-2782.84,98.8167
6556.33,-2784.64,97.0156
6560.55,-2786.44,95.2068
6564.79,-2788.24,93.4007
6569.01,-2790.04,91.5995
6573.25,-2791.84,89.7813
6577.49,-2793.64,87.9652
6581.73,-2795.44,86.1462
6585.95,-2797.24,84.3375
6590.36,-2799.04,82.4513
6594.6,-2800.84,80.6372
6598.83,-2802.64,78.8331
6603.05,-2804.44,77.0281
6607.63,-2806.24,75.0865
6611.86,-2808.04,73.2945
6616.08,-2809.84,71.5067
6620.63,-2811.64,69.6234
6624.93,-2813.44,67.8459
6629.19,-2815.24,66.0893
6633.45,-2817.04,64.3078
6637.67,-2818.84,62.5277
6641.9,-2820.64,60.7543
6646.16,-2822.44,58.9683
6650.41,-2824.24,57.1573
6654.64,-2826.04,55.3507
6658.88,-2827.84,53.5446
6663.11,-2829.64,51.7426
6667.35,-2831.44,49.9268
6671.57,-2833.24,48.1218
6675.79,-2835.04,46.3162
6680.02,-2836.84,44.5281
6684.26,-2838.64,42.7303
6688.49,-2840.44,40.9378
6692.72,-2842.24,39.1451
6696.94,-2844.04,37.3549
6701.17,-2845.84,35.5632
6705.4,-2847.64,33.7667
6709.66,-2849.44,31.9501
6713.88,-2851.24,30.1442
6718.12,-2853.04,28.338
6722.35,-2854.84,26.5321
6726.59,-2856.64,24.7009
6730.85,-2858.44,22.8577
6735.07,-2860.24,21.0393
6739.29,-2862.04,19.204
6743.57,-2863.84,17.357
6747.82,-2865.65,15.5142
6752.05,-2867.45,13.701
6756.27,-2869.25,11.9112
6760.53,-2871.05,10.1339
6764.76,-2872.85,8.40088
6768.98,-2874.65,6.74545
6773.22,-2876.45,5.20813
6777.45,-2878.25,3.94854
6781.68,-2880.05,3.28565
6785.9,-2881.85,3.58594
6790.13,-2883.65,4.68101
6794.36,-2885.45,6.15645
6798.78,-2887.25,7.89757
6803.02,-2889.05,9.64779
6807.24,-2890.85,11.4341
6811.49,-2892.65,13.2565
6815.71,-2894.45,15.0524
6819.94,-2896.25,16.8601
6824.17,-2898.05,18.6842
6828.44,-2899.85,20.5409
6832.67,-2901.65,22.3943
6836.9,-2903.45,24.2462
6841.13,-2905.25,26.0983
6845.36,-2907.05,27.9788
6849.61,-2908.85,29.8668
6853.85,-2910.65,31.7539
6858.07,-2912.45,33.6692
6862.3,-2914.25,35.5909
6866.54,-2916.05,37.5197
6870.79,-2917.85,39.4499
6875.24,-2919.65,41.4084
6879.47,-2921.45,43.2727
6883.7,-2923.25,45.133
6887.91,-2925.05,46.9912
6892.49,-2926.85,48.9267
6896.73,-2928.65,50.7187
6900.95,-2930.45,52.5071
6905.18,-2932.25,53.9896
6909.41,-2934.05,55.4764
6913.66,-2935.85,56.9663
6917.88,-2937.65,58.4484
6922.11,-2939.45,60.1314
6926.33,-2941.25,61.8147
6930.6,-2943.05,63.5142
6934.82,-2944.85,65.0848
6939.04,-2946.65,66.6575
6943.27,-2948.45,68.2315
6947.51,-2950.25,69.8098
6951.78,-2952.05,71.5098
6956,-2953.85,73.1919
6960.23,-2955.65,74.8787
6964.47,-2957.45,76.6197
6968.71,-2959.25,78.3599
6972.93,-2961.05,80.0951
6977.15,-2962.85,81.8282
6981.4,-2964.65,83.5578
6985.65,-2966.45,85.2889
6989.87,-2968.25,87.0084
6994.16,-2970.05,88.8135
6998.38,-2971.85,90.5929
7002.62,-2973.65,92.3779
7006.86,-2975.45,94.1611
7011.08,-2977.25,95.9611
7015.3,-2979.05,97.7596
7019.55,-2980.85,99.5708
7023.77,-2982.65,101.242
7028.02,-2984.45,102.923
7032.25,-2986.25,104.595
7036.48,-2988.05,106.268
7040.71,-2989.85,107.827
7044.92,-2991.65,109.384
7049.15,-2993.45,110.943
7053.44,-2995.25,112.791
7057.67,-2997.05,114.623
7061.9,-2998.85,116.447
7066.14,-3000.65,118.277
7070.62,-3002.45,120.011
7074.85,-3004.25,121.648
7079.07,-3006.05,123.28
7083.3,-3007.85,124.913
7087.86,-3009.65,126.735
7092.09,-3011.45,128.43
7096.32,-3013.25,130.121
7102.25,-3015.05,132.707
7108.27,-3016.85,135.339
7112.54,-3018.65,137.213
7116.76,-3020.45,138.75
7120.98,-3022.25,140.289
7125.19,-3024.05,141.824
7129.45,-3025.85,143.449
7133.67,-3027.65,145.072
7137.9,-3029.45,146.694
7142.14,-3031.25,148.316
7146.36,-3033.05,150.195
7150.61,-3034.85,152.086
7154.86,-3036.65,153.977
7159.29,-3038.45,155.91
7163.56,-3040.25,157.773
7167.85,-3042.05,159.651
7172.07,-3043.85,161.493
7176.3,-3045.65,163.23
7180.55,-3047.45,164.977
7184.78,-3049.25,166.715
7189,-3051.05,168.499
7193.23,-3052.85,170.287
7197.46,-3054.65,172.074
7201.7,-3056.45,173.856
7205.92,-3058.25,175.664
7210.15,-3060.05,177.473
7214.38,-3061.85,179.279
7218.61,-3063.65,181.112
7222.84,-3065.45,182.941
7227.08,-3067.25,184.768
7231.34,-3069.05,186.619
7235.74,-3070.85,188.519
7239.98,-3072.65,190.349
7244.2,-3074.45,192.171
7248.42,-3076.25,193.993
7253.01,-3078.05,195.908
7257.23,-3079.85,197.669
7261.48,-3081.65,199.438
7265.98,-3083.45,201.273
7270.2,-3085.25,202.993
7274.43,-3087.05,204.714
7278.66,-3088.85,206.438
7283.23,-3090.65,208.323
7287.46,-3092.45,210.071
7291.69,-3094.25,211.814
7296.23,-3096.05,213.666
7300.46,-3097.85,215.394
7304.68,-3099.65,217.112
7308.9,-3101.45,218.881
7313.15,-3103.25,220.659
7317.37,-3105.05,222.427
7321.61,-3106.85,224.204
7325.83,-3108.65,226.027
7330.08,-3110.45,227.865
7334.32,-3112.25,229.692
7338.55,-3114.05,231.525
7342.79,-3115.85,233.387
7347.02,-3117.65,235.246
7351.25,-3119.45,237.102
7355.53,-3121.25,238.947
7359.77,-3123.05,240.773
7364.12,-3124.85,242.647
7368.56,-3126.65,244.551
7372.8,-3128.45,246.372
7377.02,-3130.25,248.184
7381.26,-3132.05,250.004
7385.5,-3133.85,251.785
7389.73,-3135.65,253.56
7393.96,-3137.45,255.336
7398.19,-3139.25,257.11
7402.42,-3141.05,258.925
7406.67,-3142.85,260.741
7410.9,-3144.65,262.55
7415.13,-3146.45,264.354
7419.35,-3148.25,266.153
7423.58,-3150.05,267.956
7427.8,-3151.85,269.752
7432.06,-3153.65,271.564
7436.28,-3155.45,273.363
7440.54,-3157.25,275.173
7444.76,-3159.05,276.981
7448.98,-3160.85,278.791
7453.23,-3162.65,280.612
7457.46,-3164.45,282.425
7461.69,-3166.25,284.245
7465.92,-3168.05,286.065
7470.14,-3169.85,287.882
7474.43,-3171.65,289.74
7478.68,-3173.45,291.582
7482.9,-3175.25,293.414
7487.15,-3177.05,295.252
7491.37,-3178.85,297.058
7495.61,-3180.65,298.867
7499.83,-3182.45,300.668
7504.06,-3184.25,302.471
7508.28,-3186.05,304.298
7512.53,-3187.85,306.132
7516.76,-3189.65,307.953
7521,-3191.45,309.769
7525.22,-3193.25,311.578
7529.49,-3195.05,313.407
7533.73,-3196.85,315.226
7537.96,-3198.65,317.038
7542.2,-3200.45,318.849
7546.42,-3202.25,320.667
7550.86,-3204.05,322.558
7555.1,-3205.85,324.367
7559.34,-3207.65,326.174
7563.58,-3209.45,327.979
7567.8,-3211.25,329.752
7572.04,-3213.05,331.532
7576.27,-3214.85,333.304
7580.5,-3216.65,335.117
7584.73,-3218.45,336.919
7588.95,-3220.25,338.72
7593.17,-3222.05,340.515
7597.41,-3223.85,342.343
7601.65,-3225.65,344.164
7605.87,-3227.45,345.965
7610.1,-3229.25,347.769
7614.33,-3231.05,349.553
7618.55,-3232.85,351.286
7622.79,-3234.66,352.955
7627.03,-3236.46,354.486
7631.3,-3238.26,355.73
7635.54,-3240.06,356.352
7639.78,-3241.86,356.065
7644.01,-3243.66,355.031
7648.24,-3245.46,353.6
7652.48,-3247.26,351.982
7656.76,-3249.06,350.241
7661.01,-3250.86,348.465
7665.23,-3252.66,346.669
7669.47,-3254.46,344.846
7673.69,-3256.26,343.019
7677.92,-3258.06,341.176
7682.15,-3259.86,339.329
7686.37,-3261.66,337.462
7690.61,-3263.46,335.583
7694.84,-3265.26,333.708
7699.06,-3267.06,331.834
7703.29,-3268.86,329.955
7707.54,-3270.66,328.061
7711.78,-3272.46,326.172
7716.01,-3274.26,324.283
7720.27,-3276.06,322.373
7724.53,-3277.86,320.466
7729.03,-3279.66,318.444
7733.3,-3281.46,316.53
7737.55,-3283.26,314.621
7741.79,-3285.06,312.716
7746.01,-3286.86,310.997
7750.23,-3288.66,309.277
7754.47,-3290.46,307.552
7758.73,-3292.26,305.818
7762.95,-3294.06,304.172
7767.17,-3295.86,302.527
7771.41,-3297.66,300.875
7775.65,-3299.46,299.174
7779.87,-3301.26,297.477
7784.1,-3303.06,295.78
7788.33,-3304.86,294.08
7792.56,-3306.66,292.261
7796.79,-3308.46,290.44
7801.03,-3310.26,288.613
7805.25,-3312.06,286.929
7809.49,-3313.86,285.239
7813.71,-3315.66,283.553
7817.94,-3317.46,281.869
7822.17,-3319.26,280.105
7826.4,-3321.06,278.341
7830.67,-3322.86,276.563
7834.92,-3324.66,274.789
7839.15,-3326.46,273.018
7843.39,-3328.26,271.246
7847.64,-3330.06,269.474
7851.86,-3331.86,267.617
7856.11,-3333.66,265.754
7860.37,-3335.46,263.883
7864.6,-3337.26,262.051
7868.83,-3339.06,260.226
7873.09,-3340.86,258.378
7877.34,-3342.66,256.542
7881.57,-3344.46,254.933
7885.79,-3346.26,253.325
7890.01,-3348.06,251.717
7894.28,-3349.86,250.092
7898.54,-3351.66,248.473
7902.78,-3353.46,246.857
7907.02,-3355.26,245.244
7911.5,-3357.06,243.617
7915.74,-3358.86,242.078
7919.96,-3360.66,240.547
7924.18,-3362.46,239.015
7928.74,-3364.26,237.343
7933,-3366.06,235.785
7937.24,-3367.86,234.232
7941.73,-3369.66,232.469
7945.95,-3371.46,230.814
7950.17,-3373.26,229.159
7954.41,-3375.06,227.301
7958.65,-3376.86,225.443
7962.92,-3378.66,223.574
7967.14,-3380.46,221.723
7971.37,-3382.26,219.964
7975.61,-3384.06,218.204
7979.83,-3385.86,216.45
7984.06,-3387.66,214.695
7988.28,-3389.46,212.796
7992.53,-3391.26,210.886
7996.75,-3393.06,208.988
8000.99,-3394.86,207.169
8005.21,-3396.66,205.354
8009.44,-3398.46,203.537
8013.67,-3400.26,201.714
8018.23,-3402.06,199.746
8022.47,-3403.86,197.915
8026.69,-3405.66,196.091
8031.23,-3407.46,194.182
8035.46,-3409.26,192.402
8039.69,-3411.06,190.627
8043.91,-3412.86,188.849
8048.15,-3414.66,187.093
8052.38,-3416.46,185.341
8056.61,-3418.26,183.584
8060.87,-3420.06,181.79
8065.09,-3421.86,180.007
8069.33,-3423.66,178.227
8073.56,-3425.46,176.434
8077.78,-3427.26,174.649
8082.02,-3429.06,172.857
8086.24,-3430.86,171.072
8090.47,-3432.66,169.272
8094.68,-3434.46,167.482
8098.92,-3436.26,165.682
8103.14,-3438.06,163.885
8107.38,-3439.86,162.06
8111.62,-3441.66,160.235
8115.85,-3443.46,158.415
8120.07,-3445.26,156.604
8124.31,-3447.06,154.787
8128.54,-3448.86,152.965
8132.8,-3450.66,151.137
8137.11,-3452.46,149.297
8141.35,-3454.26,147.483
8145.57,-3456.06,145.68
8149.8,-3457.86,143.909
8154.04,-3459.66,142.129
8158.28,-3461.46,140.349
8162.57,-3463.26,138.556
8166.8,-3465.06,136.747
8171.02,-3466.86,134.945
8175.24,-3468.66,133.144
8179.48,-3470.46,131.336
8183.71,-3472.26,129.519
8187.94,-3474.06,127.709
8192.17,-3475.86,125.892
8196.41,-3477.66,124.101
8200.66,-3479.46,122.312
8204.88,-3481.26,120.531
8209.42,-3483.06,118.613
8213.67,-3484.86,116.817
8217.89,-3486.66,115.034
8222.13,-3488.46,113.244
8226.63,-3490.26,111.374
8230.9,-3492.06,109.596
8235.12,-3493.86,107.84
8239.66,-3495.66,105.91
8243.9,-3497.46,104.103
8248.13,-3499.26,102.305
8252.37,-3501.06,100.499
8256.86,-3502.86,98.6399
8261.1,-3504.66,96.884
8265.35,-3506.46,95.1278
8269.89,-3508.26,93.2209
8274.12,-3510.06,91.4484
8278.35,-3511.86,89.6763
8282.59,-3513.66,87.9006
8287.11,-3515.46,86.0513
8291.35,-3517.26,84.3159
8295.58,-3519.06,82.5854
8300.13,-3520.86,80.8589
8304.36,-3522.66,78.9656
8308.6,-3524.46,77.208
8312.82,-3526.26,75.455
8317.05,-3528.06,73.7295
8321.27,-3529.86,72.002
8325.52,-3531.66,70.2667
8329.76,-3533.46,68.4425
8334.02,-3535.26,66.6122
8338.25,-3537.06,64.7943
8342.49,-3538.86,62.9699
8346.73,-3540.66,61.1591
8350.96,-3542.46,59.352
8355.19,-3544.26,57.5498
8359.45,-3546.06,55.6924
8363.7,-3547.86,53.8446
8367.92,-3549.66,52.01
8372.17,-3551.46,50.1681
8376.62,-3553.26,48.2465
8380.87,-3555.06,46.4184
8385.09,-3556.86,44.6005
8389.67,-3558.66,42.8186
8393.91,-3560.46,40.8757
8398.14,-3562.26,39.0929
8402.38,-3564.06,37.3048
8406.86,-3565.86,35.4332
8411.1,-3567.66,33.6628
8415.33,-3569.46,31.898
8419.54,-3571.26,30.1406
8424.1,-3573.06,28.2176
8428.34,-3574.86,26.4309
8432.61,-3576.66,24.6322
8437.11,-3578.46,22.7449
8441.36,-3580.26,20.9677
8445.58,-3582.06,19.2062
8449.79,-3583.86,17.4497
8454.36,-3585.66,15.5644
8458.6,-3587.46,13.8214
8462.82,-3589.26,12.1014
8467.38,-3591.06,10.2346
8471.62,-3592.86,8.53842
8475.84,-3594.66,6.92352
8480.4,-3596.46,5.44378
8484.66,-3598.26,4.1466
8488.88,-3600.06,3.59705
8493.11,-3601.86,3.94358
8497.34,-3603.67,5.01248
8501.58,-3605.47,6.45608
8505.8,-3607.27,8.06656
8510.01,-3609.07,9.80665
8514.24,-3610.87,11.6018
8518.48,-3612.67,13.4332
8522.71,-3614.47,15.2819
8526.93,-3616.27,17.1389
8531.19,-3618.07,19.0228
8535.45,-3619.87,20.9071
8539.67,-3621.67,22.7978
8543.91,-3623.47,24.6934
8548.13,-3625.27,26.5839
8552.37,-3627.07,28.4848
8556.86,-3628.87,30.4728
8561.1,-3630.67,32.3535
8565.47,-3632.47,34.2942
8569.91,-3634.27,36.2235
8574.16,-3636.07,38.0689
8578.42,-3637.87,39.9249
8582.66,-3639.67,41.7702
8587.11,-3641.47,43.726
8591.35,-3643.27,45.5925
8595.57,-3645.07,47.4488
8599.79,-3646.87,49.3051
8604.58,-3648.67,51.2171
8608.94,-3650.47,52.9662
8613.17,-3652.27,54.6616
8617.47,-3654.07,56.2782
8621.69,-3655.87,57.8649
8625.91,-3657.67,59.4503
8630.13,-3659.47,61.0482
8634.41,-3661.27,62.6699
8638.65,-3663.07,64.2773
8642.88,-3664.87,65.8845
8647.11,-3666.67,67.6519
8651.35,-3668.47,69.4244
8655.57,-3670.27,71.1907
8659.8,-3672.07,72.9612
8664.03,-3673.87,74.7408
8668.32,-3675.67,76.5421
8672.54,-3677.47,78.3246
8676.76,-3679.27,80.1233
8681.01,-3681.07,81.9324
8685.23,-3682.87,83.732
8689.66,-3684.67,85.5523
8693.91,-3686.47,87.2949
8698.13,-3688.27,89.0287
8702.38,-3690.07,90.7706
8706.61,-3691.87,92.5299
8710.85,-3693.67,94.2908
8715.07,-3695.47,96.0437
8719.29,-3697.27,97.7966
8723.54,-3699.07,99.6232
8727.77,-3700.87,101.442
8732.04,-3702.67,103.273
8736.27,-3704.47,104.932
8740.53,-3706.27,106.599
8744.75,-3708.07,108.252
8748.99,-3709.87,109.91
8753.22,-3711.67,111.516
8757.46,-3713.47,113.13
8761.69,-3715.27,114.736
8765.91,-3717.07,116.325
8770.16,-3718.87,117.924
8774.4,-3720.67,119.52
8778.64,-3722.47,121.115
8782.88,-3724.27,122.742
8787.1,-3726.07,124.363
8791.34,-3727.87,125.992
8795.56,-3729.67,127.624
8799.79,-3731.47,129.261
8804.02,-3733.27,130.895
8808.26,-3735.07,132.535
8812.5,-3736.87,134.325
8816.73,-3738.67,136.112
8820.95,-3740.47,137.897
8825.17,-3742.27,139.68
8829.41,-3744.07,141.493
8833.68,-3745.87,143.318
8837.9,-3747.67,145.124
8842.15,-3749.47,146.981
8846.37,-3751.27,148.832
8850.61,-3753.07,150.687
8854.85,-3754.87,152.487
8859.07,-3756.67,154.282
8863.32,-3758.47,156.079
8867.55,-3760.27,157.883
8872,-3762.07,159.827
8876.24,-3763.87,161.677
8880.48,-3765.67,163.527
8884.71,-3767.47,165.374
8888.93,-3769.27,167.167
8893.17,-3771.07,168.97
8897.41,-3772.87,170.769
8901.66,-3774.67,172.571
8905.88,-3776.47,174.363
8910.11,-3778.27,176.157
8914.35,-3780.07,177.953
8918.57,-3781.87,179.739
8922.79,-3783.67,181.522
8927.02,-3785.47,183.309
8931.28,-3787.27,185.108
8935.54,-3789.07,186.906
8939.79,-3790.87,188.701
8944.01,-3792.67,190.485
8948.23,-3794.47,192.263
8952.47,-3796.27,194.047
8956.69,-3798.07,195.822
8960.92,-3799.87,197.62
8965.14,-3801.67,199.414
8969.37,-3803.47,201.213
8973.65,-3805.27,203.033
8977.86,-3807.07,204.843
8982.1,-3808.87,206.662
8986.34,-3810.67,208.48
8990.89,-3812.47,210.43
8995.11,-3814.27,212.241
8999.35,-3816.07,214.059
9003.6,-3817.87,215.875
9008.38,-3819.67,217.839
9012.85,-3821.47,219.676
9017.24,-3823.27,221.48
9021.61,-3825.07,223.227
9025.98,-3826.87,224.976
9030.48,-3828.67,226.771
9034.98,-3830.47,228.573
9039.5,-3832.27,230.422
9044.06,-3834.07,232.297
9048.41,-3835.87,234.079
9052.73,-3837.67,235.811
9056.95,-3839.47,237.495
9061.18,-3841.27,239.181
9065.39,-3843.07,240.864
9069.6,-3844.87,242.649
9073.86,-3846.67,244.452
9078.08,-3848.47,246.237
9082.3,-3850.27,248.1
9086.51,-3852.07,249.961
9090.73,-3853.87,251.824
9094.94,-3855.67,253.684
9099.15,-3857.47,255.51
9103.37,-3859.27,257.338
9107.58,-3861.07,259.164
9111.8,-3862.87,260.988
9116.01,-3864.67,262.809
9120.23,-3866.47,264.631
9124.45,-3868.27,266.456
9128.66,-3870.07,268.271
9132.87,-3871.87,270.088
9137.09,-3873.67,271.904
9141.31,-3875.47,273.711
9145.52,-3877.27,275.516
9149.73,-3879.07,277.322
9153.95,-3880.87,279.129
9158.19,-3882.67,280.937
9162.41,-3884.47,282.735
9166.63,-3886.27,284.531
9170.85,-3888.07,286.329
9175.09,-3889.87,288.135
9179.3,-3891.67,289.931
9183.52,-3893.47,291.727
9187.73,-3895.27,293.514
9191.95,-3897.07,295.303
9196.17,-3898.87,297.092
9200.39,-3900.67,298.903
9204.6,-3902.47,300.709
9208.81,-3904.27,302.516
9213.03,-3906.07,304.325
9217.24,-3907.87,306.138
9221.46,-3909.67,307.952
9225.67,-3911.47,309.762
9229.88,-3913.27,311.574
9234.1,-3915.07,313.411
9238.32,-3916.87,315.247
9242.54,-3918.67,317.083
9246.75,-3920.47,318.931
9250.97,-3922.27,320.781
9255.18,-3924.07,322.627
9259.39,-3925.87,324.474
9263.61,-3927.67,326.326
9267.82,-3929.47,328.177
9272.04,-3931.27,330.028
9276.28,-3933.07,331.888
9280.57,-3934.87,333.766
9284.78,-3936.67,335.61
9288.99,-3938.47,337.451
9293.21,-3940.27,339.284
9297.42,-3942.07,341.109
9301.64,-3943.87,342.93
9305.85,-3945.67,344.74
9310.07,-3947.47,346.559
9314.28,-3949.27,348.36
9318.5,-3951.07,350.129
9322.71,-3952.87,351.852
9326.93,-3954.67,353.482
9331.14,-3956.47,354.935
9335.36,-3958.27,356.016
9339.57,-3960.07,356.35
9343.79,-3961.87,355.756
9348,-3963.67,354.529
9352.22,-3965.47,352.983
9356.43,-3967.27,351.292
9360.65,-3969.07,349.523
9364.86,-3970.88,347.713
9369.08,-3972.68,345.862
9373.29,-3974.48,343.99
9377.53,-3976.28,342.097
9381.75,-3978.08,340.208
9385.96,-3979.88,338.317
9390.18,-3981.68,336.419
9394.39,-3983.48,334.515
9398.61,-3985.28,332.616
9402.82,-3987.08,330.711
9407.04,-3988.88,328.806
9411.25,-3990.68,326.918
9415.47,-3992.48,325.033
9419.68,-3994.28,323.143
9423.9,-3996.08,321.253
9428.18,-3997.88,319.349
9432.41,-3999.68,317.472
9436.62,-4001.48,315.597
9440.84,-4003.28,313.722
9445.06,-4005.08,311.987
9449.27,-4006.88,310.25
9453.49,-4008.68,308.512
9457.7,-4010.48,307.008
9461.92,-4012.28,305.502
9466.14,-4014.08,303.996
9470.36,-4015.88,302.406
9474.57,-4017.68,300.818
9478.81,-4019.48,299.218
9483.03,-4021.28,297.628
9487.24,-4023.08,295.933
9491.46,-4024.88,294.237
9495.67,-4026.68,292.544
9499.88,-4028.48,290.849
9504.1,-4030.28,289.189
9508.31,-4032.08,287.532
9512.52,-4033.88,285.872
9516.73,-4035.68,284.063
9520.94,-4037.48,282.25
9525.15,-4039.28,280.441
9529.35,-4041.08,278.632
9533.56,-4042.88,276.732
9537.78,-4044.68,274.834
9541.99,-4046.48,272.933
9546.2,-4048.28,271.117
9550.42,-4050.08,269.297
9554.63,-4051.88,267.479
9558.85,-4053.68,265.66
9563.07,-4055.48,263.887
9567.28,-4057.28,262.115
9571.5,-4059.08,260.342
9575.71,-4060.88,258.572
9579.95,-4062.68,256.954
9584.17,-4064.48,255.345
9588.39,-4066.28,253.737
9592.61,-4068.08,252.284
9596.82,-4069.88,250.834
9601.04,-4071.68,249.382
9605.25,-4073.48,247.932
9609.46,-4075.28,246.466
9613.68,-4077.08,244.997
9617.89,-4078.88,243.529
9622.11,-4080.68,241.653
9626.32,-4082.48,239.779
9630.54,-4084.28,237.904
9634.75,-4086.08,236.03
9638.97,-4087.88,234.298
9643.19,-4089.68,232.564
9647.4,-4091.48,230.833
9651.62,-4093.28,229.01
9655.83,-4095.08,227.188
9660.04,-4096.88,225.366
9664.26,-4098.68,223.542
9668.48,-4100.48,221.884
9672.7,-4102.28,220.224
9676.91,-4104.08,218.565
9681.15,-4105.88,216.722
9685.36,-4107.68,214.891
9689.58,-4109.48,213.06
9693.79,-4111.28,211.227
9698.01,-4113.08,209.395
9702.23,-4114.88,207.559
9706.44,-4116.68,205.727
9710.66,-4118.48,203.892
9714.87,-4120.28,202.01
9719.08,-4122.08,200.127
9723.3,-4123.88,198.242
9727.51,-4125.68,196.453
9731.73,-4127.48,194.662
9735.94,-4129.27,192.874
9740.16,-4131.07,191.084
9744.38,-4132.87,189.365
9748.59,-4134.67,187.648
9752.81,-4136.47,185.929
9757.02,-4138.27,184.151
9761.24,-4140.07,182.372
9765.45,-4141.87,180.594
9769.66,-4143.67,178.817
9773.88,-4145.47,176.996
9778.09,-4147.27,175.178
9782.33,-4149.07,173.348
9786.54,-4150.87,171.523
9790.76,-4152.67,169.696
9794.97,-4154.47,167.874
9799.18,-4156.27,166.05
9803.4,-4158.07,164.242
9807.62,-4159.87,162.435
9811.83,-4161.67,160.627
9816.04,-4163.47,158.813
9820.29,-4165.27,156.982
9824.51,-4167.07,155.167
9828.72,-4168.87,153.352
9832.94,-4170.67,151.568
9837.16,-4172.47,149.784
9841.37,-4174.27,148.001
9845.58,-4176.07,146.221
9849.8,-4177.87,144.412
9854.02,-4179.67,142.601
9858.23,-4181.47,140.79
9862.45,-4183.27,138.97
9866.66,-4185.07,137.153
9870.88,-4186.87,135.333
9875.09,-4188.67,133.515
9879.31,-4190.47,131.691
9883.55,-4192.27,129.855
9887.76,-4194.07,128.03
9891.98,-4195.87,126.253
9896.2,-4197.67,124.476
9900.42,-4199.47,122.7
9904.63,-4201.27,120.926
9908.84,-4203.07,119.089
9913.06,-4204.87,117.251
9917.27,-4206.67,115.416
9921.49,-4208.47,113.556
9925.7,-4210.27,111.699
9929.91,-4212.07,109.842
9934.13,-4213.87,107.983
9938.35,-4215.67,106.156
9942.57,-4217.47,104.328
9946.78,-4219.27,102.503
9951,-4221.06,100.698
9955.21,-4222.86,98.8957
9959.42,-4224.66,97.0931
9963.64,-4226.46,95.2888
9967.85,-4228.26,93.4991
9972.07,-4230.06,91.7091
9976.33,-4231.86,89.8996
9980.55,-4233.66,88.1085
9984.76,-4235.46,86.3137
9988.98,-4237.26,84.5169
9993.19,-4239.06,82.719
9997.41,-4240.86,80.9306
10001.6,-4242.66,79.1348
10005.9,-4244.46,77.3404
10010.1,-4246.26,75.5504
10014.3,-4248.06,73.7571
10018.5,-4249.86,71.9653
10022.7,-4251.66,70.1721
10026.9,-4253.46,68.3816
10031.2,-4255.26,66.5711
10035.4,-4257.06,64.7641
10039.6,-4258.86,62.9549
10043.8,-4260.66,61.1407
10048,-4262.46,59.3281
10052.2,-4264.26,57.5147
10056.5,-4266.06,55.6839
10060.7,-4267.86,53.8519
10064.9,-4269.66,52.0244
10069.1,-4271.46,50.1963
10073.3,-4273.26,48.3807
10077.5,-4275.06,46.5677
10081.8,-4276.86,44.7396
10086,-4278.66,42.9286
10090.2,-4280.46,41.1223
10094.4,-4282.26,39.3175
10098.6,-4284.06,37.5152
10102.9,-4285.86,35.7343
10107.1,-4287.66,33.9468
10111.4,-4289.46,32.1256
10115.6,-4291.26,30.3537
10119.9,-4293.06,28.5605
10124.1,-4294.86,26.7707
10128.3,-4296.66,24.9879
10132.5,-4298.46,23.2047
10136.7,-4300.26,21.4334
10140.9,-4302.06,19.6749
10145.1,-4303.86,17.9345
10149.3,-4305.66,16.2327
10153.6,-4307.46,14.5541
10157.8,-4309.26,12.9143
10162,-4311.06,11.2997
10166.2,-4312.85,9.76437
10170.4,-4314.65,8.35075
10174.6,-4316.45,7.13257
10178.8,-4318.25,6.20081
10183.1,-4320.05,5.75111
10187.3,-4321.85,5.90375
10191.5,-4323.65,6.62821
10195.7,-4325.45,7.76887
10199.9,-4327.25,9.17327
10204.2,-4329.05,10.7403
10208.4,-4330.85,12.3947
10212.6,-4332.65,14.1163
10216.8,-4334.45,15.8793
10221,-4336.25,17.6748
10225.2,-4338.05,19.4789
10229.4,-4339.85,21.3006
10233.7,-4341.65,23.1356
10237.9,-4343.45,24.9901
10242.1,-4345.25,26.8524
10246.3,-4347.05,28.7192
10250.5,-4348.85,30.5937
10254.7,-4350.65,32.4725
10258.9,-4352.45,34.3559
10263.2,-4354.25,36.244
10267.4,-4356.05,38.1079
10271.6,-4357.85,39.9758
10275.8,-4359.65,41.8426
10280,-4361.45,43.7125
10284.3,-4363.25,45.5103
10288.5,-4365.05,47.2968
10292.7,-4366.85,49.0855
10296.9,-4368.65,50.7649
10301.1,-4370.45,52.4483
10305.3,-4372.25,54.1309
10309.5,-4374.05,55.8159
10313.8,-4375.85,57.4558
10318,-4377.65,59.095
10322.2,-4379.45,60.7356
10326.4,-4381.25,62.3759
10330.6,-4383.05,64.0403
10334.8,-4384.85,65.7037
10339.1,-4386.65,67.3689
10343.3,-4388.45,68.9724
10347.5,-4390.25,70.5748
10351.7,-4392.05,72.1785
10355.9,-4393.85,73.7809
10360.1,-4395.65,75.545
10364.4,-4397.45,77.3111
10368.6,-4399.25,79.0745
10372.8,-4401.05,80.8898
10377,-4402.85,82.7033
10381.2,-4404.65,84.5186
10385.4,-4406.44,86.3416
10389.7,-4408.24,88.1115
10393.9,-4410.04,89.8835
10398.1,-4411.84,91.6532
10402.3,-4413.64,93.4404
10406.5,-4415.44,95.2261
10410.7,-4417.24,97.0132
10414.9,-4419.04,98.7991
10419.2,-4420.84,100.546
10423.4,-4422.64,102.295
10427.6,-4424.44,104.042
10431.8,-4426.24,105.655
10436,-4428.04,107.266
10440.3,-4429.84,108.888
10444.5,-4431.64,110.502
10448.7,-4433.44,112.1
10452.9,-4435.24,113.7
10457.1,-4437.04,115.297
10461.3,-4438.84,116.897
10465.6,-4440.64,118.713
10469.8,-4442.44,120.531
10474,-4444.24,122.351
10478.2,-4446.04,124.204
10482.4,-4447.84,126.057
10486.7,-4449.64,127.919
10490.9,-4451.44,129.773
10495.1,-4453.24,131.667
10499.3,-4455.04,133.561
10503.5,-4456.84,135.456
10507.7,-4458.64,137.103
10511.9,-4460.44,138.752
10516.2,-4462.24,140.401
10520.4,-4464.04,142.051
10524.6,-4465.84,143.877
10528.8,-4467.64,145.705
10533,-4469.44,147.534
10537.2,-4471.24,149.36
10541.5,-4473.04,151.19
10545.7,-4474.84,153.015
10549.9,-4476.64,154.842
10554.1,-4478.44,156.636
10558.3,-4480.24,158.429
10562.5,-4482.04,160.223
10566.7,-4483.84,162.022
10571,-4485.64,163.824
10575.2,-4487.44,165.623
10579.4,-4489.24,167.423
10583.6,-4491.04,169.239
10587.8,-4492.84,171.062
10592.1,-4494.64,172.879
10596.3,-4496.44,174.693
10600.5,-4498.23,176.529
10604.7,-4500.03,178.361
10608.9,-4501.83,180.194
10613.1,-4503.63,182.023
10617.3,-4505.43,183.85
10621.6,-4507.23,185.679
10625.8,-4509.03,187.506
10630,-4510.83,189.315
10634.2,-4512.63,191.128
10638.4,-4514.43,192.938
10642.6,-4516.23,194.738
10646.8,-4518.03,196.535
10651.1,-4519.83,198.334
10655.3,-4521.63,200.131
10659.5,-4523.43,201.914
10663.7,-4525.23,203.699
10667.9,-4527.03,205.482
10672.1,-4528.83,207.267
10676.4,-4530.63,209.081
10680.6,-4532.43,210.87
10684.8,-4534.23,212.654
10689.1,-4536.03,214.435
10693.3,-4537.83,216.207
10697.5,-4539.63,217.978
10701.7,-4541.43,219.785
10705.9,-4543.23,221.589
10710.1,-4545.03,223.394
10714.4,-4546.83,225.201
10718.6,-4548.63,227.031
10722.8,-4550.43,228.863
10727,-4552.23,230.694
10731.2,-4554.03,232.525
10735.4,-4555.83,234.367
10739.6,-4557.63,236.21
10743.9,-4559.43,238.054
10748.1,-4561.23,239.883
10752.3,-4563.03,241.713
10756.5,-4564.83,243.542
10760.7,-4566.63,245.373
10764.9,-4568.43,247.188
10769.1,-4570.23,249.004
10773.4,-4572.03,250.821
10777.6,-4573.83,252.657
10781.8,-4575.63,254.495
10786,-4577.43,256.33
10790.2,-4579.23,258.176
10794.5,-4581.03,259.966
10798.7,-4582.83,261.754
10802.9,-4584.63,263.544
10807.1,-4586.43,265.332
10811.3,-4588.23,267.126
10815.5,-4590.02,268.918
10819.8,-4591.82,270.711
10824,-4593.62,272.504
10828.2,-4595.42,274.297
10832.4,-4597.22,276.09
10836.6,-4599.02,277.894
10840.8,-4600.82,279.702
10845,-4602.62,281.505
10849.3,-4604.42,283.308
10853.5,-4606.22,285.118
10857.7,-4608.02,286.925
10861.9,-4609.82,288.734
10866.1,-4611.62,290.543
10870.3,-4613.42,292.366
10874.6,-4615.22,294.187
10878.8,-4617.02,296.007
10883,-4618.82,297.828
10887.2,-4620.62,299.647
10891.4,-4622.42,301.477
10895.7,-4624.22,303.295
10899.9,-4626.02,305.11
10904.1,-4627.82,306.927
10908.3,-4629.62,308.739
10912.5,-4631.42,310.545
10916.7,-4633.22,312.345
10920.9,-4635.02,314.148
10925.2,-4636.82,315.946
10929.4,-4638.62,317.74
10933.6,-4640.42,319.533
10937.8,-4642.22,321.322
10942,-4644.02,323.113
10946.2,-4645.82,324.907
10950.5,-4647.62,326.701
10954.7,-4649.42,328.488
10958.9,-4651.22,330.266
10963.1,-4653.02,332.043
10967.3,-4654.82,333.811
10971.5,-4656.62,335.581
10975.7,-4658.42,337.34
10979.9,-4660.22,339.089
10984.2,-4662.02,340.827
10988.4,-4663.82,342.559
10992.6,-4665.62,344.28
10996.8,-4667.42,345.96
11001,-4669.22,347.596
11005.3,-4671.02,349.198
11009.5,-4672.82,350.698
11013.7,-4674.62,352.043
11017.9,-4676.42,353.138
11022.1,-4678.22,353.839
11026.3,-4680.02,354.005
11030.5,-4681.81,353.595
11034.8,-4683.61,352.723
11039,-4685.41,351.522
11043.2,-4687.21,350.113
11047.4,-4689.01,348.584
11051.6,-4690.81,346.968
11055.8,-4692.61,345.298
11060,-4694.41,343.588
11064.3,-4696.21,341.823
11068.5,-4698.01,340.038
11072.7,-4699.81,338.237
11076.9,-4701.61,336.424
11081.1,-4703.41,334.578
11085.3,-4705.21,332.727
11089.5,-4707.01,330.869
11093.8,-4708.81,329.074
11098,-4710.61,327.286
11102.2,-4712.41,325.493
11106.4,-4714.21,323.7
11110.6,-4716.01,321.935
11114.9,-4717.81,320.169
11119.1,-4719.61,318.402
11123.3,-4721.41,316.573
11127.5,-4723.21,314.745
11131.7,-4725.01,312.914
11135.9,-4726.81,311.084
11140.1,-4728.61,309.416
11144.4,-4730.41,307.747
11148.6,-4732.21,306.078
11152.8,-4734.01,304.405
11157,-4735.81,302.733
11161.2,-4737.61,301.059
11165.4,-4739.41,299.386
11169.6,-4741.21,297.637
11173.9,-4743.01,295.886
11178.1,-4744.81,294.136
11182.3,-4746.61,292.436
11186.5,-4748.41,290.738
11190.7,-4750.21,289.038
11195,-4752.01,287.33
11199.2,-4753.81,285.626
11203.4,-4755.61,283.921
11207.6,-4757.41,282.218
11211.8,-4759.21,280.513
11216,-4761.01,278.685
11220.3,-4762.81,276.842
11224.5,-4764.61,275.01
11228.7,-4766.41,273.209
11232.9,-4768.21,271.407
11237.1,-4770.01,269.606
11241.4,-4771.81,267.802
11245.6,-4773.6,266.056
11249.8,-4775.4,264.309
11254,-4777.2,262.561
11258.2,-4779,260.779
11262.4,-4780.8,258.999
11266.6,-4782.6,257.221
11270.9,-4784.4,255.44
11275.1,-4786.2,253.738
11279.3,-4788,252.03
11283.5,-4789.8,250.323
11287.7,-4791.6,248.619
11292,-4793.4,246.837
11296.2,-4795.2,245.046
11300.4,-4797,243.26
11304.6,-4798.8,241.417
11308.8,-4800.6,239.574
11313,-4802.4,237.731
11317.2,-4804.2,236.008
11321.5,-4806,234.28
11325.7,-4807.8,232.555
11329.9,-4809.6,230.831
11334.1,-4811.4,229.038
11338.3,-4813.2,227.245
11342.5,-4815,225.448
11346.7,-4816.8,223.654
11351,-4818.6,221.948
11355.2,-4820.4,220.245
11359.4,-4822.2,218.541
11363.6,-4824,216.713
11367.8,-4825.8,214.888
11372,-4827.6,213.061
11376.2,-4829.4,211.236
11380.5,-4831.2,209.385
11384.7,-4833,207.562
11388.9,-4834.8,205.738
11393.2,-4836.6,203.943
11397.4,-4838.4,202.14
11401.6,-4840.2,200.344
11405.8,-4842,198.551
11410,-4843.8,196.721
11414.3,-4845.6,194.888
11418.5,-4847.4,193.057
11422.7,-4849.2,191.197
11426.9,-4851,189.338
11431.1,-4852.8,187.477
11435.3,-4854.6,185.619
11439.5,-4856.4,183.805
11443.8,-4858.2,181.99
11448,-4860,180.176
11452.2,-4861.8,178.368
11456.4,-4863.6,176.563
11460.6,-4865.4,174.756
11464.8,-4867.19,172.953
11469,-4868.99,171.167
11473.2,-4870.79,169.381
11477.5,-4872.59,167.596
11481.7,-4874.39,165.81
11485.9,-4876.19,164.025
11490.1,-4877.99,162.24
11494.3,-4879.79,160.454
11498.6,-4881.59,158.664
11502.8,-4883.39,156.881
11507,-4885.19,155.1
11511.2,-4886.99,153.318
11515.4,-4888.79,151.53
11519.6,-4890.59,149.742
11523.9,-4892.39,147.953
11528.1,-4894.19,146.137
11532.3,-4895.99,144.32
11536.5,-4897.79,142.505
11540.7,-4899.59,140.689
11544.9,-4901.39,138.867
11549.1,-4903.19,137.046
11553.4,-4904.99,135.222
11557.6,-4906.79,133.38
11561.8,-4908.59,131.536
11566,-4910.39,129.694
11570.2,-4912.19,127.853
11574.4,-4913.99,126.028
11578.6,-4915.79,124.207
11582.9,-4917.59,122.383
11587.1,-4919.39,120.562
11591.3,-4921.19,118.764
11595.5,-4922.99,116.968
11599.7,-4924.79,115.162
11604,-4926.59,113.359
11608.3,-4928.39,111.542
11612.6,-4930.19,109.706
11616.8,-4931.99,107.889
11621,-4933.79,106.074
11625.2,-4935.59,104.261
11629.4,-4937.39,102.446
11633.6,-4939.19,100.643
11637.9,-4940.99,98.8419
11642.1,-4942.79,97.042
11646.3,-4944.59,95.2439
11650.5,-4946.39,93.4478
11654.7,-4948.19,91.6551
11658.9,-4949.99,89.8618
11663.1,-4951.79,88.0477
11667.4,-4953.59,86.2351
11671.6,-4955.39,84.421
11675.8,-4957.19,82.61
11680,-4958.98,80.7917
11684.2,-4960.78,78.9728
11688.4,-4962.58,77.1559
11692.7,-4964.38,75.318
11696.9,-4966.18,73.4817
11701.1,-4967.98,71.6295
11705.3,-4969.78,69.7946
11709.5,-4971.58,67.9729
11713.8,-4973.38,66.1499
11718,-4975.18,64.329
11722.2,-4976.98,62.5069
11726.4,-4978.78,60.6952
11730.6,-4980.58,58.8816
11734.8,-4982.38,57.0724
11739.1,-4984.18,55.2772
11743.3,-4985.98,53.4801
11747.5,-4987.78,51.6872
11751.7,-4989.58,49.8922
11755.9,-4991.38,48.1043
11760.1,-4993.18,46.317
11764.3,-4994.98,44.5297
11768.6,-4996.78,42.7426
11772.8,-4998.58,40.9546
11777,-5000.38,39.1701
11781.2,-5002.18,37.3857
11785.4,-5003.98,35.6185
11789.6,-5005.78,33.8516
11793.8,-5007.58,32.0857
11798.1,-5009.38,30.3213
11802.3,-5011.18,28.5486
11806.5,-5012.98,26.7918
11810.7,-5014.78,25.0405
11814.9,-5016.58,23.2713
11819.2,-5018.38,21.5099
11823.4,-5020.18,19.7609
11827.6,-5021.98,17.99
11831.8,-5023.78,16.2419
11836,-5025.58,14.5283
11840.3,-5027.38,12.8453
11844.5,-5029.18,11.243
11848.7,-5030.98,9.73479
11852.9,-5032.78,8.36743
11857.1,-5034.58,7.22324
11861.3,-5036.38,6.42484
11865.6,-5038.18,6.09137
11869.8,-5039.98,6.29593
11874,-5041.78,7.00124
11878.2,-5043.58,8.07442
11882.4,-5045.38,9.38963
11886.6,-5047.18,10.8581
11890.8,-5048.98,12.4557
11895,-5050.77,14.1186
11899.3,-5052.57,15.8281
11903.5,-5054.37,17.5749
11907.7,-5056.17,19.3439
11911.9,-5057.97,21.1323
11916.1,-5059.77,22.9336
11920.3,-5061.57,24.6848
11924.5,-5063.37,26.4409
11928.8,-5065.17,28.204
11933,-5066.97,30.0294
11937.2,-5068.77,31.8565
11941.4,-5070.57,33.6915
11945.6,-5072.37,35.5251
11949.8,-5074.17,37.377
11954,-5075.97,39.2322
11958.3,-5077.77,41.09
11962.5,-5079.57,42.8992
11966.7,-5081.37,44.7073
11970.9,-5083.17,46.5189
11975.1,-5084.97,48.3297
11979.3,-5086.77,50.0938
11983.6,-5088.57,51.8621
11987.8,-5090.37,53.6295
11992,-5092.17,55.4005
11996.2,-5093.97,56.8722
12000.4,-5095.77,58.3446
12004.7,-5097.57,59.8234
12008.9,-5099.37,61.4076
12013.1,-5101.17,62.9932
12017.3,-5102.97,64.5766
12021.5,-5104.77,66.1631
12025.7,-5106.57,67.8182
12029.9,-5108.37,69.4753
12034.2,-5110.17,71.1346
12038.4,-5111.97,72.9638
12042.6,-5113.77,74.7955
12046.8,-5115.57,76.6256
12051,-5117.37,78.4578
12055.2,-5119.17,80.4138
12059.4,-5120.97,82.3706
12063.7,-5122.77,84.3299
12067.9,-5124.57,86.2878
12072.1,-5126.37,88.1324
12076.3,-5128.17,89.9756
12080.5,-5129.97,91.8207
12084.7,-5131.77,93.6095
12089,-5133.57,95.4354
12093.2,-5135.37,97.2279
12097.5,-5137.17,99.0039
12101.7,-5138.97,100.781
12105.9,-5140.77,102.565
12110.1,-5142.56,104.341
12114.3,-5144.36,106.127
12118.5,-5146.16,107.912
12122.8,-5147.96,109.699
12127,-5149.76,111.485
12131.2,-5151.56,113.268
12135.4,-5153.36,115.049
12139.6,-5155.16,116.832
12143.8,-5156.96,118.644
12148,-5158.76,120.453
12152.3,-5160.56,122.264
12156.5,-5162.36,124.074
12160.7,-5164.16,125.955
12164.9,-5165.96,127.833
12169.1,-5167.76,129.712
12173.3,-5169.56,131.445
12177.6,-5171.36,133.175
12181.8,-5173.16,134.907
12186,-5174.96,136.637
12190.2,-5176.76,138.434
12194.4,-5178.56,140.234
12198.6,-5180.36,142.033
12202.8,-5182.16,143.834
12207.1,-5183.96,145.64
12211.3,-5185.76,147.439
12215.5,-5187.56,149.235
12219.7,-5189.36,151.052
12223.9,-5191.16,152.872
12228.1,-5192.96,154.69
12232.4,-5194.76,156.509
12236.6,-5196.56,158.313
12240.8,-5198.36,160.119
12245,-5200.16,161.924
12249.2,-5201.96,163.762
12253.4,-5203.76,165.602
12257.6,-5205.56,167.441
12261.9,-5207.36,169.28
12266.1,-5209.16,171.108
12270.3,-5210.96,172.955
12274.5,-5212.76,174.784
12278.8,-5214.56,176.565
12283,-5216.36,178.348
12287.2,-5218.16,180.129
12291.4,-5219.96,181.912
12295.6,-5221.76,183.696
12299.8,-5223.56,185.48
12304,-5225.36,187.266
12308.3,-5227.16,189.062
12312.5,-5228.96,190.858
12316.7,-5230.76,192.652
12320.9,-5232.56,194.447
12325.1,-5234.35,196.219
12329.3,-5236.15,197.991
12333.6,-5237.95,199.765
12337.8,-5239.75,201.568
12342,-5241.55,203.376
12346.2,-5243.35,205.179
12350.4,-5245.15,206.983
12354.6,-5246.95,208.793
12358.9,-5248.75,210.602
12363.1,-5250.55,212.413
12367.3,-5252.35,214.222
12371.5,-5254.15,216.065
12375.7,-5255.95,217.904
12379.9,-5257.75,219.743
12384.1,-5259.55,221.579
12388.4,-5261.35,223.413
12392.6,-5263.15,225.25
12396.8,-5264.95,227.084
12401,-5266.75,228.917
12405.2,-5268.55,230.746
12409.4,-5270.35,232.586
12413.7,-5272.15,234.376
12417.9,-5273.95,236.164
12422.1,-5275.75,237.954
12426.3,-5277.55,239.742
12430.5,-5279.35,241.536
12434.7,-5281.15,243.328
12438.9,-5282.95,245.121
12443.2,-5284.75,246.916
12447.4,-5286.55,248.721
12451.6,-5288.35,250.528
12455.8,-5290.15,252.332
12460,-5291.95,254.149
12464.2,-5293.75,255.968
12468.5,-5295.55,257.785
12472.7,-5297.35,259.603
12476.9,-5299.15,261.415
12481.1,-5300.95,263.227
12485.3,-5302.75,265.037
12489.5,-5304.55,266.841
12493.7,-5306.35,268.646
12498,-5308.15,270.449
12502.2,-5309.95,272.254
12506.4,-5311.75,274.076
12510.6,-5313.55,275.91
12514.8,-5315.35,277.732
12519,-5317.15,279.562
12523.3,-5318.95,281.395
12527.5,-5320.75,283.224
12531.7,-5322.55,285.056
12535.9,-5324.35,286.869
12540.1,-5326.15,288.683
12544.3,-5327.94,290.499
12548.6,-5329.74,292.316
12552.8,-5331.54,294.135
12557,-5333.34,295.952
12561.2,-5335.14,297.77
12565.4,-5336.94,299.558
12569.6,-5338.74,301.346
12573.8,-5340.54,303.135
12578.1,-5342.34,304.93
12582.3,-5344.14,306.726
12586.5,-5345.94,308.52
12590.7,-5347.74,310.315
12594.9,-5349.54,312.094
12599.1,-5351.34,313.872
12603.3,-5353.14,315.651
12607.6,-5354.94,317.428
12611.8,-5356.74,319.217
12616,-5358.54,320.992
12620.2,-5360.34,322.766
12624.4,-5362.14,324.537
12628.7,-5363.94,326.304
12632.9,-5365.74,328.071
12637.1,-5367.54,329.833
12641.3,-5369.34,331.646
12645.5,-5371.14,333.451
12649.7,-5372.94,335.252
12653.9,-5374.74,337.047
12658.2,-5376.54,338.854
12662.4,-5378.34,340.658
12666.6,-5380.14,342.441
12670.8,-5381.94,344.176
12675,-5383.74,345.885
12679.2,-5385.54,347.562
12683.5,-5387.34,349.178
12687.7,-5389.14,350.72
12691.9,-5390.94,352.148
12696.1,-5392.74,353.387
12700.3,-5394.54,354.318
12704.5,-5396.34,354.747
12708.8,-5398.14,354.555
12713,-5399.94,353.794
12717.2,-5401.74,352.609
12721.4,-5403.54,351.175
12725.6,-5405.34,349.6
12729.9,-5407.14,348.006
12734.1,-5408.94,346.356
12738.3,-5410.74,344.671
12742.5,-5412.54,342.956
12746.7,-5414.34,341.235
12750.9,-5416.14,339.5
12755.2,-5417.94,337.756
12759.4,-5419.73,335.997
12763.6,-5421.53,334.229
12767.8,-5423.33,332.459
12772,-5425.13,330.682
12776.2,-5426.93,328.853
12780.4,-5428.73,327.019
12784.7,-5430.53,325.162
12788.9,-5432.33,323.324
12793.1,-5434.13,321.482
12797.4,-5435.93,319.64
12801.6,-5437.73,317.795
12805.8,-5439.53,315.96
12810,-5441.33,314.123
12814.2,-5443.13,312.272
12818.5,-5444.93,310.563
12822.7,-5446.73,308.851
12826.9,-5448.53,307.14
12831.1,-5450.33,305.426
12835.3,-5452.13,303.881
12839.5,-5453.93,302.335
12843.7,-5455.73,300.785
12848,-5457.53,299.238
12852.2,-5459.33,297.659
12856.4,-5461.13,296.081
12860.6,-5462.93,294.501
12864.8,-5464.73,292.775
12869,-5466.53,291.048
12873.3,-5468.33,289.319
12877.5,-5470.13,287.591
12881.7,-5471.93,285.812
12885.9,-5473.73,284.037
12890.1,-5475.53,282.261
12894.3,-5477.33,280.394
12898.5,-5479.13,278.529
12902.8,-5480.93,276.663
12907,-5482.73,274.798
12911.2,-5484.53,272.87
12915.4,-5486.33,270.934
12919.7,-5488.13,268.978
12923.9,-5489.93,267.073
12928.1,-5491.73,265.173
12932.4,-5493.53,263.269
12936.6,-5495.33,261.368
12940.8,-5497.13,259.581
12945,-5498.93,257.796
12949.2,-5500.73,256.011
12953.4,-5502.53,254.222
12957.7,-5504.33,252.587
12961.9,-5506.13,250.95
12966.1,-5507.93,249.315
12970.3,-5509.73,247.599
12974.6,-5511.52,245.899
12978.8,-5513.32,244.199
12983,-5515.12,242.497
12987.2,-5516.92,240.635
12991.4,-5518.72,238.771
12995.6,-5520.52,236.909
12999.9,-5522.32,235.283
13004.1,-5524.12,233.654
13008.3,-5525.92,232.028
13012.5,-5527.72,230.4
13016.7,-5529.52,228.662
13021,-5531.32,226.929
13025.2,-5533.12,225.199
13029.4,-5534.92,223.28
13033.6,-5536.72,221.36
13037.8,-5538.52,219.441
13042,-5540.32,217.521
13046.2,-5542.12,215.712
13050.5,-5543.92,213.903
13054.7,-5545.72,212.097
13058.9,-5547.52,210.238
13063.1,-5549.32,208.377
13067.3,-5551.12,206.52
13071.5,-5552.92,204.659
13075.7,-5554.72,202.862
13080,-5556.52,201.065
13084.2,-5558.32,199.265
13088.4,-5560.12,197.467
13092.6,-5561.92,195.662
13096.8,-5563.72,193.858
13101,-5565.52,192.052
13105.3,-5567.32,190.253
13109.6,-5569.12,188.413
13113.9,-5570.92,186.577
13118.1,-5572.72,184.782
13122.3,-5574.52,183.013
13126.5,-5576.32,181.246
13130.8,-5578.12,179.473
13135,-5579.92,177.691
13139.2,-5581.72,175.912
13143.4,-5583.52,174.13
13147.6,-5585.32,172.351
13151.8,-5587.12,170.558
13156,-5588.92,168.768
13160.3,-5590.72,166.965
13164.5,-5592.52,165.153
13168.7,-5594.32,163.341
13172.9,-5596.12,161.528
13177.1,-5597.92,159.717
13181.4,-5599.72,157.892
13185.6,-5601.52,156.07
13189.8,-5603.31,154.247
13194,-5605.11,152.41
13198.2,-5606.91,150.572
13202.4,-5608.71,148.734
13206.7,-5610.51,146.898
13210.9,-5612.31,145.09
13215.1,-5614.11,143.284
13219.3,-5615.91,141.465
13223.5,-5617.71,139.656
13227.8,-5619.51,137.838
13232,-5621.31,136.02
13236.2,-5623.11,134.203
13240.4,-5624.91,132.391
13244.6,-5626.71,130.582
13248.8,-5628.51,128.773
13253.1,-5630.31,126.958
13257.3,-5632.11,125.145
13261.5,-5633.91,123.33
13265.7,-5635.71,121.518
13269.9,-5637.51,119.741
13274.1,-5639.31,117.962
13278.3,-5641.11,116.185
13282.6,-5642.91,114.406
13286.8,-5644.71,112.605
13291,-5646.51,110.804
13295.2,-5648.31,109.005
13299.4,-5650.11,107.159
13303.6,-5651.91,105.312
13307.9,-5653.71,103.467
13312.1,-5655.51,101.62
13316.3,-5657.31,99.7908
13320.5,-5659.11,97.9512
13324.7,-5660.91,96.1223
13329,-5662.71,94.2842
13333.2,-5664.51,92.4432
13337.4,-5666.31,90.6053
13341.6,-5668.11,88.7653
13345.8,-5669.91,86.9499
13350,-5671.71,85.1354
13354.2,-5673.51,83.3184
13358.5,-5675.31,81.5041
13362.7,-5677.11,79.687
13366.9,-5678.91,77.8708
13371.1,-5680.71,76.0544
13375.3,-5682.51,74.2553
13379.5,-5684.31,72.4559
13383.8,-5686.11,70.6555
13388,-5687.91,68.8561
13392.2,-5689.71,67.0679
13396.4,-5691.51,65.2809
13400.6,-5693.31,63.4937
13404.8,-5695.1,61.715
13409,-5696.9,59.9357
13413.3,-5698.7,58.1557
13417.5,-5700.5,56.3769
13421.7,-5702.3,54.5874
13425.9,-5704.1,52.8099
13430.2,-5705.9,51.0332
13434.4,-5707.7,49.243
13438.6,-5709.5,47.4558
13442.8,-5711.3,45.6674
13447,-5713.1,43.8809
13451.2,-5714.9,42.0745
13455.4,-5716.7,40.2711
13459.7,-5718.5,38.4691
13463.9,-5720.3,36.6276
13468.1,-5722.1,34.7894
13472.3,-5723.9,32.9518
13476.5,-5725.7,31.1187
13480.7,-5727.5,29.3061
13485,-5729.3,27.4998
13489.2,-5731.1,25.6961
13493.4,-5732.9,23.8733
13497.6,-5734.7,22.1185
13501.9,-5736.5,20.37
13506.1,-5738.3,18.6334
13510.3,-5740.1,16.8945
13514.5,-5741.9,15.1897
13518.8,-5743.7,13.5064
13523,-5745.5,11.8447
13527.2,-5747.3,10.2176
13531.4,-5749.1,8.67197
13535.6,-5750.9,7.26476
13539.9,-5752.7,6.08738
13544.1,-5754.5,5.30022
13548.3,-5756.3,5.09013
13552.5,-5758.1,5.52232
13556.7,-5759.9,6.44722
13560.9,-5761.7,7.69665
13565.1,-5763.5,9.13595
13569.3,-5765.3,10.6906
13573.6,-5767.1,12.3114
13577.8,-5768.9,13.9765
13582,-5770.7,15.6764
13586.2,-5772.5,17.494
13590.4,-5774.3,19.3291
13594.6,-5776.1,21.1739
13598.9,-5777.9,23.0119
13603.1,-5779.7,24.8601
13607.3,-5781.5,26.7121
13611.5,-5783.3,28.5702
13615.7,-5785.1,30.4096
13619.9,-5786.9,32.2523
13624.2,-5788.69,34.1106
13628.4,-5790.49,35.9601
13632.6,-5792.29,37.7214
13636.8,-5794.09,39.4818
13641,-5795.89,41.2451
13645.2,-5797.69,43.0488
13649.5,-5799.49,44.8536
13653.7,-5801.29,46.6609
13657.9,-5803.09,48.4669
13662.1,-5804.89,50.2962
13666.3,-5806.69,52.124
13670.5,-5808.49,53.9541
13674.8,-5810.29,55.5706
13679,-5812.09,57.1893
13683.2,-5813.89,58.8112
13687.4,-5815.69,60.4322
13691.6,-5817.49,62.0051
13695.8,-5819.29,63.5766
13700,-5821.09,65.1491
13704.3,-5822.89,66.7825
13708.5,-5824.69,68.4151
13712.7,-5826.49,70.0493
13716.9,-5828.29,71.683
13721.1,-5830.09,73.565
13725.4,-5831.89,75.455
13729.6,-5833.69,77.3369
13733.8,-5835.49,79.2198
13738,-5837.29,81.0843
13742.2,-5839.09,82.9502
13746.4,-5840.89,84.8149
13750.7,-5842.69,86.7506
13754.9,-5844.49,88.6847
13759.1,-5846.29,90.6189
13763.3,-5848.09,92.5555
13767.5,-5849.89,94.459
13771.7,-5851.69,96.364
13776,-5853.49,98.2669
13780.2,-5855.29,100.026
13784.4,-5857.09,101.788
13788.6,-5858.89,103.548
13792.8,-5860.69,105.309
13797,-5862.49,107.063
13801.2,-5864.29,108.818
13805.5,-5866.09,110.572
13809.7,-5867.89,112.244
13813.9,-5869.69,113.918
13818.1,-5871.49,115.59
13822.3,-5873.29,117.265
13826.6,-5875.09,118.937
13830.8,-5876.89,120.602
13835,-5878.69,122.265
13839.2,-5880.48,123.927
13843.4,-5882.28,125.766
13847.6,-5884.08,127.604
13851.9,-5885.88,129.443
13856.1,-5887.68,131.223
13860.3,-5889.48,133.019
13864.5,-5891.28,134.799
13868.7,-5893.08,136.579
13873,-5894.88,138.459
13877.2,-5896.68,140.337
13881.4,-5898.48,142.216
13885.6,-5900.28,143.965
13889.8,-5902.08,145.714
13894,-5903.88,147.466
13898.3,-5905.68,149.217
13902.5,-5907.48,151.054
13906.7,-5909.28,152.89
13910.9,-5911.08,154.728
13915.1,-5912.88,156.512
13919.3,-5914.68,158.297
13923.6,-5916.48,160.084
13927.8,-5918.28,161.879
13932,-5920.08,163.691
13936.2,-5921.88,165.501
13940.4,-5923.68,167.313
13944.7,-5925.48,169.129
13948.9,-5927.28,170.944
13953.1,-5929.08,172.762
13957.3,-5930.88,174.577
13961.5,-5932.68,176.362
13965.7,-5934.48,178.146
13970,-5936.28,179.93
13974.2,-5938.08,181.711
13978.4,-5939.88,183.492
13982.6,-5941.68,185.273
13986.8,-5943.48,187.053
13991,-5945.28,188.855
13995.2,-5947.08,190.654
13999.5,-5948.88,192.454
14003.7,-5950.68,194.255
14007.9,-5952.48,196.084
14012.2,-5954.28,197.943
14016.6,-5956.08,199.875
14021,-5957.88,201.782
14025.4,-5959.68,203.684
14029.9,-5961.48,205.605
14034.3,-5963.28,207.507
14038.8,-5965.08,209.382
14043.3,-5966.88,211.224
14047.9,-5968.68,213.128
14052.3,-5970.48,214.897
14056.7,-5972.27,216.661
14060.9,-5974.07,218.367
14065.1,-5975.87,220.062
14069.3,-5977.67,221.759
14073.5,-5979.47,223.458
14077.8,-5981.27,225.155
14082,-5983.07,226.989
14086.2,-5984.87,228.825
14090.4,-5986.67,230.66
14094.6,-5988.47,232.491
14098.8,-5990.27,234.292
14103.1,-5992.07,236.095
14107.3,-5993.87,237.895
14111.5,-5995.67,239.658
14115.7,-5997.47,241.418
14119.9,-5999.27,243.181
14124.3,-6001.07,245.104
14128.5,-6002.87,246.972
14132.7,-6004.67,248.86
14136.9,-6006.47,250.727
14141.2,-6008.27,252.534
14145.4,-6010.07,254.339
14149.6,-6011.87,256.145
14153.8,-6013.67,257.952
14158,-6015.47,259.789
14162.2,-6017.27,261.627
14166.5,-6019.07,263.463
14170.7,-6020.87,265.255
14174.9,-6022.67,267.044
14179.1,-6024.47,268.834
14183.3,-6026.27,270.624
14187.5,-6028.07,272.414
14191.8,-6029.87,274.205
14196,-6031.67,275.994
14200.3,-6033.47,277.833
14204.5,-6035.27,279.636
14208.7,-6037.07,281.434
14212.9,-6038.87,283.233
14217.1,-6040.67,284.997
14221.4,-6042.47,286.763
14225.6,-6044.27,288.526
14229.8,-6046.07,290.288
14234,-6047.87,292.108
14238.3,-6049.67,293.916
14242.5,-6051.47,295.721
14246.7,-6053.27,297.526
14250.9,-6055.07,299.332
14255.1,-6056.87,301.133
14259.3,-6058.67,302.963
14263.6,-6060.47,304.794
14267.8,-6062.27,306.622
14272,-6064.06,308.451
14276.2,-6065.86,310.274
14280.4,-6067.66,312.097
14284.6,-6069.46,313.917
14288.9,-6071.26,315.736
14293.1,-6073.06,317.555
14297.3,-6074.86,319.371
14301.5,-6076.66,321.187
14305.7,-6078.46,322.986
14309.9,-6080.26,324.782
14314.2,-6082.06,326.578
14318.4,-6083.86,328.369
14322.6,-6085.66,330.147
14326.8,-6087.46,331.917
14331,-6089.26,333.684
14335.3,-6091.06,335.492
14339.5,-6092.86,337.284
14343.7,-6094.66,339.065
14347.9,-6096.46,340.831
14352.1,-6098.26,342.552
14356.3,-6100.06,344.248
14360.6,-6101.86,345.914
14364.8,-6103.66,347.535
14369,-6105.46,349.107
14373.2,-6107.26,350.591
14377.4,-6109.06,351.935
14381.6,-6110.86,353.078
14385.9,-6112.66,353.871
14390.1,-6114.46,354.171
14394.3,-6116.26,353.87
14398.5,-6118.06,353.045
14402.7,-6119.86,351.851
14406.9,-6121.66,350.427
14411.2,-6123.46,348.866
14415.4,-6125.26,347.217
14419.6,-6127.06,345.509
14423.8,-6128.86,343.758
14428,-6130.66,341.988
14432.2,-6132.46,340.196
14436.5,-6134.26,338.38
14440.7,-6136.06,336.487
14444.9,-6137.86,334.588
14449.1,-6139.66,332.679
14453.3,-6141.46,330.764
14457.6,-6143.26,328.862
14461.8,-6145.06,326.955
14466,-6146.86,325.047
14470.2,-6148.66,323.227
14474.4,-6150.46,321.404
14478.6,-6152.26,319.58
14482.9,-6154.06,317.753
14487.1,-6155.85,315.906
14491.3,-6157.65,314.056
14495.5,-6159.45,312.208
14499.7,-6161.25,310.358
14503.9,-6163.05,308.561
14508.1,-6164.85,306.765
14512.4,-6166.65,304.966
14516.6,-6168.45,303.305
14520.8,-6170.25,301.639
14525,-6172.05,299.973
14529.2,-6173.85,298.307
14533.4,-6175.65,296.722
14537.7,-6177.45,295.129
14541.9,-6179.25,293.54
14546.1,-6181.05,291.899
14550.3,-6182.85,290.258
14554.5,-6184.65,288.62
14558.7,-6186.45,286.979
14563,-6188.25,285.397
14567.2,-6190.05,283.817
14571.4,-6191.85,282.236
14575.6,-6193.65,280.48
14579.8,-6195.45,278.723
14584,-6197.25,276.964
14588.3,-6199.05,275.205
14592.5,-6200.85,273.228
14596.7,-6202.65,271.253
14600.9,-6204.45,269.277
14605.1,-6206.25,267.404
14609.5,-6208.05,265.466
14613.8,-6209.85,263.541
14618.1,-6211.65,261.667
14622.3,-6213.45,259.887
14626.5,-6215.25,258.109
14630.7,-6217.05,256.325
14634.9,-6218.85,254.568
14639.1,-6220.65,252.813
14643.3,-6222.45,251.056
14647.5,-6224.25,249.301
14651.8,-6226.05,247.718
14656,-6227.85,246.139
14660.2,-6229.65,244.559
14664.4,-6231.45,242.978
14668.6,-6233.25,241.112
14672.9,-6235.05,239.244
14677.1,-6236.85,237.377
14681.3,-6238.65,235.521
14685.5,-6240.45,233.667
14689.7,-6242.25,231.812
14693.9,-6244.05,229.956
14698.2,-6245.85,228.145
14702.4,-6247.65,226.33
14706.6,-6249.44,224.518
14710.8,-6251.24,222.649
14715,-6253.04,220.784
14719.2,-6254.84,218.918
14723.5,-6256.64,217.05
14727.7,-6258.44,215.364
14731.9,-6260.24,213.677
14736.1,-6262.04,211.99
14740.3,-6263.84,210.137
14744.5,-6265.64,208.286
14748.8,-6267.44,206.434
14753,-6269.24,204.58
14757.2,-6271.04,202.748
14761.4,-6272.84,200.915
14765.6,-6274.64,199.084
14769.8,-6276.44,197.254
14774.1,-6278.24,195.461
14778.3,-6280.04,193.67
14782.5,-6281.84,191.877
14786.7,-6283.64,190.078
14790.9,-6285.44,188.278
14795.1,-6287.24,186.48
14799.3,-6289.04,184.681
14803.6,-6290.84,182.833
14807.8,-6292.64,180.986
14812,-6294.44,179.138
14816.2,-6296.24,177.306
14820.4,-6298.04,175.473
14824.6,-6299.84,173.643
14828.8,-6301.64,171.812
14833.1,-6303.44,170
14837.3,-6305.24,168.179
14841.5,-6307.04,166.366
14845.7,-6308.84,164.564
14849.9,-6310.64,162.76
14854.2,-6312.44,160.956
14858.4,-6314.24,159.155
14862.6,-6316.04,157.376
14866.8,-6317.84,155.599
14871,-6319.64,153.821
14875.2,-6321.44,152.045
14879.5,-6323.24,150.254
14883.7,-6325.04,148.461
14887.9,-6326.84,146.671
14892.1,-6328.64,144.878
14896.4,-6330.44,143.06
14900.6,-6332.24,141.268
14904.8,-6334.04,139.478
14909,-6335.84,137.67
14913.2,-6337.64,135.859
14917.5,-6339.44,134.052
14921.7,-6341.23,132.216
14925.9,-6343.03,130.383
14930.1,-6344.83,128.549
14934.3,-6346.63,126.713
14938.6,-6348.43,124.86
14942.8,-6350.23,123.015
14947,-6352.03,121.173
14951.2,-6353.83,119.403
14955.4,-6355.63,117.638
14959.6,-6357.43,115.872
14963.9,-6359.23,114.104
14968.1,-6361.03,112.286
14972.3,-6362.83,110.467
14976.5,-6364.63,108.65
14980.7,-6366.43,106.83
14984.9,-6368.23,105.012
14989.1,-6370.03,103.195
14993.4,-6371.83,101.376
14997.6,-6373.63,99.5548
15001.8,-6375.43,97.7274
15006,-6377.23,95.8997
15010.3,-6379.03,94.0595
15014.5,-6380.83,92.2555
15018.7,-6382.63,90.4537
15022.9,-6384.43,88.65
15027.1,-6386.23,86.8745
15031.4,-6388.03,85.0971
15035.6,-6389.83,83.3231
15039.8,-6391.63,81.5345
15044,-6393.43,79.7274
15048.3,-6395.23,77.921
15052.5,-6397.03,76.1126
15056.7,-6398.83,74.3137
15060.9,-6400.63,72.5138
15065.1,-6402.43,70.7171
15069.3,-6404.23,68.9185
15073.5,-6406.03,67.0936
15077.8,-6407.83,65.272
15082,-6409.63,63.4478
15086.2,-6411.43,61.6286
15090.4,-6413.23,59.8095
15094.6,-6415.03,57.9954
15098.8,-6416.83,56.1789
15103,-6418.63,54.3672
15107.2,-6420.43,52.5576
15111.5,-6422.23,50.7475
15115.7,-6424.03,48.9396
15119.9,-6425.83,47.1613
15124.1,-6427.63,45.3819
15128.3,-6429.43,43.6048
15132.5,-6431.23,41.8002
15136.7,-6433.02,39.999
15141,-6434.82,38.1879
15145.2,-6436.62,36.3902
15149.4,-6438.42,34.5744
15153.6,-6440.22,32.7561
15157.8,-6442.02,30.9455
15162.1,-6443.82,29.1676
15166.3,-6445.62,27.394
15170.5,-6447.42,25.622
15174.7,-6449.22,23.8574
15178.9,-6451.02,22.138
15183.1,-6452.82,20.4234
15187.3,-6454.62,18.7206
15191.6,-6456.42,16.9457
15195.8,-6458.22,15.1918
15200,-6460.02,13.4627
15204.2,-6461.82,11.7688
15208.4,-6463.62,10.1024
15212.6,-6465.42,8.52575
15216.8,-6467.22,7.10198
15221,-6469.02,5.93998
15225.3,-6470.82,5.21038
15229.5,-6472.62,5.10058
15233.7,-6474.42,5.64821
15237.9,-6476.22,6.69265
15242.1,-6478.02,8.05441
15246.3,-6479.82,9.58595
15250.6,-6481.62,11.2245
15254.8,-6483.42,12.9706
15259,-6485.22,14.7608
15263.2,-6487.02,16.5826
15267.4,-6488.82,18.3685
15271.6,-6490.62,20.1718
15275.8,-6492.42,21.9825
15280,-6494.22,23.8019
15284.3,-6496.02,25.5921
15288.5,-6497.82,27.3861
15292.7,-6499.62,29.1859
15296.9,-6501.42,30.9918
15301.1,-6503.22,32.8009
15305.3,-6505.02,34.6102
15309.5,-6506.82,36.422
15313.8,-6508.62,38.2435
15318,-6510.42,40.0651
15322.2,-6512.22,41.8897
15326.4,-6514.02,43.7
15330.6,-6515.82,45.5127
15334.8,-6517.62,47.3242
15339,-6519.42,49.1379
15343.3,-6521.22,50.9929
15347.5,-6523.02,52.8379
15351.7,-6524.81,54.6867
15355.9,-6526.61,56.3835
15360.1,-6528.41,58.0814
15364.3,-6530.21,59.7811
15368.6,-6532.01,61.4802
15372.8,-6533.81,63.0076
15377,-6535.61,64.5342
15381.2,-6537.41,66.0614
15385.4,-6539.21,67.6451
15389.6,-6541.01,69.2297
15393.8,-6542.81,70.816
15398.1,-6544.61,72.4002
15402.3,-6546.41,74.0185
15406.5,-6548.21,75.6357
15410.7,-6550.01,77.2554
15414.9,-6551.81,78.8709
15419.1,-6553.61,80.7175
15423.3,-6555.41,82.566
15427.6,-6557.21,84.4129
15431.8,-6559.01,86.4207
15436,-6560.81,88.425
15440.2,-6562.61,90.4295
15444.4,-6564.41,92.449
15448.7,-6566.21,94.2708
15452.9,-6568.01,96.096
15457.1,-6569.81,97.9179
15461.3,-6571.61,99.6724
15465.5,-6573.41,101.425
15469.7,-6575.21,103.178
15473.9,-6577.01,104.932
15478.2,-6578.81,106.664
15482.4,-6580.61,108.396
15486.6,-6582.41,110.128
15490.8,-6584.21,111.828
15495,-6586.01,113.526
15499.2,-6587.81,115.225
15503.4,-6589.61,116.926
15507.6,-6591.41,118.705
15511.9,-6593.21,120.485
15516.1,-6595.01,122.263
15520.3,-6596.81,124.059
15524.5,-6598.61,125.974
15528.7,-6600.41,127.891
15533,-6602.21,129.81
15537.2,-6604.01,131.704
15541.4,-6605.81,133.601
15545.6,-6607.61,135.504
15549.8,-6609.41,137.398
15554.1,-6611.21,139.145
15558.3,-6613.01,140.889
15562.5,-6614.81,142.634
15566.7,-6616.6,144.37
15570.9,-6618.4,146.106
15575.1,-6620.2,147.839
15579.3,-6622,149.574
15583.6,-6623.8,151.381
15587.8,-6625.6,153.185
15592,-6627.4,154.991
15596.2,-6629.2,156.796
15600.5,-6631,158.63
15604.7,-6632.8,160.438
15608.9,-6634.6,162.247
15613.1,-6636.4,164.041
15617.3,-6638.2,165.832
15621.5,-6640,167.625
15625.7,-6641.8,169.482
15629.9,-6643.6,171.342
15634.2,-6645.4,173.201
15638.4,-6647.2,175.06
15642.6,-6649,176.903
15646.8,-6650.8,178.754
15651,-6652.6,180.598
15655.2,-6654.4,182.44
15659.5,-6656.2,184.245
15663.7,-6658,186.051
15667.9,-6659.8,187.856
15672.1,-6661.6,189.645
15676.3,-6663.4,191.433
15680.5,-6665.2,193.221
15684.7,-6667,195.007
15689,-6668.8,196.792
15693.2,-6670.6,198.579
15697.4,-6672.4,200.365
15701.6,-6674.2,202.148
15705.8,-6676,203.928
15710,-6677.8,205.711
15714.2,-6679.6,207.495
15718.4,-6681.4,209.283
15722.7,-6683.2,211.074
15726.9,-6685,212.862
15731.1,-6686.8,214.654
15735.3,-6688.6,216.468
15739.5,-6690.4,218.284
15743.7,-6692.2,220.101
15747.9,-6694,221.927
15752.2,-6695.8,223.755
15756.4,-6697.6,225.58
15760.6,-6699.4,227.432
15764.8,-6701.2,229.281
15769,-6703,231.132
15773.2,-6704.8,232.984
15777.4,-6706.6,234.832
15781.7,-6708.4,236.683
15785.9,-6710.19,238.531
15790.1,-6711.99,240.379
15794.3,-6713.79,242.144
15798.5,-6715.59,243.906
15802.7,-6717.39,245.67
15806.9,-6719.19,247.452
15811.2,-6720.99,249.237
15815.4,-6722.79,251.018
15819.6,-6724.59,252.8
15823.8,-6726.39,254.612
15828,-6728.19,256.423
15832.2,-6729.99,258.234
15836.4,-6731.79,260.069
15840.7,-6733.59,261.905
15844.9,-6735.39,263.739
15849.1,-6737.19,265.573
15853.3,-6738.99,267.364
15857.5,-6740.79,269.152
15861.7,-6742.59,270.941
15865.9,-6744.39,272.728
15870.2,-6746.19,274.526
15874.4,-6747.99,276.327
15878.6,-6749.79,278.124
15882.8,-6751.59,279.943
15887,-6753.39,281.759
15891.2,-6755.19,283.576
15895.4,-6756.99,285.41
15899.6,-6758.79,287.245
15903.9,-6760.59,289.082
15908.1,-6762.39,290.916
15912.3,-6764.19,292.737
15916.5,-6765.99,294.554
15920.7,-6767.79,296.375
15924.9,-6769.59,298.193
15929.1,-6771.39,300.022
15933.4,-6773.19,301.853
15937.6,-6774.99,303.681
15941.8,-6776.79,305.513
15946,-6778.59,307.341
15950.2,-6780.39,309.168
15954.4,-6782.19,310.998
15958.6,-6783.99,312.777
15962.9,-6785.79,314.557
15967.1,-6787.59,316.335
15971.3,-6789.39,318.084
15975.5,-6791.19,319.83
15979.7,-6792.99,321.576
15983.9,-6794.79,323.322
15988.1,-6796.59,325.097
15992.4,-6798.39,326.873
15996.6,-6800.19,328.645
16000.8,-6801.98,330.415
16005,-6803.78,332.216
16009.2,-6805.58,334.012
16013.4,-6807.38,335.805
16017.6,-6809.18,337.586
16021.9,-6810.98,339.361
16026.1,-6812.78,341.123
16030.3,-6814.58,342.886
16034.5,-6816.38,344.647
16038.7,-6818.18,346.382
16043,-6819.98,348.08
16047.2,-6821.78,349.752
16051.4,-6823.58,351.331
16055.6,-6825.38,352.754
16059.8,-6827.18,353.912
16064,-6828.98,354.634
16068.2,-6830.78,354.735
16072.5,-6832.58,354.184
16076.7,-6834.38,353.147
16080.9,-6836.18,351.8
16085.1,-6837.98,350.274
16089.3,-6839.78,348.639
16093.5,-6841.58,346.992
16097.7,-6843.38,345.307
16102,-6845.18,343.59
16106.2,-6846.98,341.784
16110.6,-6848.78,339.881
16115,-6850.58,338.005
16119.2,-6852.38,336.173
16123.4,-6854.18,334.349
16127.6,-6855.98,332.522
16131.8,-6857.78,330.684
16136,-6859.58,328.847
16140.3,-6861.38,327.006
16144.5,-6863.18,325.177
16148.7,-6864.98,323.344
16152.9,-6866.78,321.52
16157.1,-6868.58,319.698
16161.4,-6870.38,317.875
16165.6,-6872.18,316.052
16169.8,-6873.98,314.219
16174,-6875.78,312.383
16178.2,-6877.58,310.549
16182.4,-6879.38,308.748
16186.6,-6881.18,306.95
16190.9,-6882.98,305.15
16195.1,-6884.78,303.351
16199.3,-6886.58,301.714
16203.5,-6888.38,300.075
16207.7,-6890.18,298.438
16211.9,-6891.98,296.958
16216.2,-6893.77,295.479
16220.4,-6895.57,293.997
16224.6,-6897.37,292.519
16228.8,-6899.17,290.875
16233,-6900.97,289.229
16237.2,-6902.77,287.584
16241.4,-6904.57,285.983
16245.7,-6906.37,284.381
16249.9,-6908.17,282.767
16254.1,-6909.97,281.161
16258.3,-6911.77,279.341
16262.6,-6913.57,277.519
16266.8,-6915.37,275.699
16271,-6917.17,273.788
16275.2,-6918.97,271.88
16279.4,-6920.77,269.972
16283.6,-6922.57,268.061
16287.8,-6924.37,266.216
16292.1,-6926.17,264.369
16296.3,-6927.97,262.523
16300.5,-6929.77,260.676
16304.7,-6931.57,258.941
16309,-6933.37,257.178
16313.2,-6935.17,255.44
16317.4,-6936.97,253.637
16321.6,-6938.77,251.834
16325.8,-6940.57,250.032
16330,-6942.37,248.229
16334.3,-6944.17,246.516
16338.5,-6945.97,244.803
16342.7,-6947.77,243.089
16346.9,-6949.57,241.425
16351.1,-6951.37,239.76
16355.3,-6953.17,238.096
16359.5,-6954.97,236.432
16363.8,-6956.77,234.482
16368,-6958.57,232.533
16372.2,-6960.37,230.583
16376.4,-6962.17,228.807
16380.6,-6963.97,227.029
16384.8,-6965.77,225.255
16389,-6967.57,223.478
16393.3,-6969.37,221.709
16397.5,-6971.17,219.942
16401.7,-6972.97,218.173
16405.9,-6974.77,216.318
16410.1,-6976.57,214.464
16414.3,-6978.37,212.609
16418.5,-6980.17,210.755
16422.8,-6981.97,208.957
16427,-6983.77,207.159
16431.2,-6985.56,205.361
16435.4,-6987.36,203.565
16439.6,-6989.16,201.709
16443.8,-6990.96,199.851
16448,-6992.76,197.996
16452.3,-6994.56,196.173
16456.5,-6996.36,194.352
16460.7,-6998.16,192.53
16464.9,-6999.96,190.71
16469.1,-7001.76,188.893
16473.3,-7003.56,187.074
16477.5,-7005.36,185.258
16481.7,-7007.16,183.455
16486,-7008.96,181.654
16490.2,-7010.76,179.855
16494.4,-7012.56,178.052
16498.6,-7014.36,176.263
16502.8,-7016.16,174.475
16507,-7017.96,172.687
16511.2,-7019.76,170.898
16515.4,-7021.56,169.103
16519.7,-7023.36,167.305
16523.9,-7025.16,165.506
16528.1,-7026.96,163.721
16532.3,-7028.76,161.936
16536.5,-7030.56,160.151
16540.7,-7032.36,158.354
16544.9,-7034.16,156.559
16549.2,-7035.96,154.761
16553.4,-7037.76,152.962
16557.6,-7039.56,151.154
16561.8,-7041.36,149.347
16566,-7043.16,147.542
16570.2,-7044.96,145.734
16574.4,-7046.76,143.908
16578.6,-7048.56,142.084
16582.9,-7050.36,140.257
16587.1,-7052.16,138.421
16591.3,-7053.96,136.581
16595.5,-7055.76,134.744
16599.7,-7057.56,132.907
16603.9,-7059.36,131.074
16608.1,-7061.16,129.243
16612.4,-7062.96,127.409
16616.6,-7064.76,125.56
16620.8,-7066.56,123.709
16625,-7068.36,121.86
16629.2,-7070.16,120.011
16633.4,-7071.96,118.252
16637.6,-7073.76,116.492
16641.8,-7075.56,114.732
16646.1,-7077.35,112.974
16650.3,-7079.15,111.152
16654.6,-7080.95,109.362
16658.8,-7082.75,107.571
16663,-7084.55,105.758
16667.2,-7086.35,103.949
16671.4,-7088.15,102.137
16675.6,-7089.95,100.328
16679.8,-7091.75,98.5014
16684.1,-7093.55,96.6726
16688.3,-7095.35,94.8456
16692.5,-7097.15,93.0354
16696.7,-7098.95,91.2287
16700.9,-7100.75,89.4178
16705.1,-7102.55,87.6104
16709.3,-7104.35,85.7898
16713.5,-7106.15,83.9668
16717.8,-7107.95,82.1447
16722,-7109.75,80.299
16726.2,-7111.55,78.4551
16730.4,-7113.35,76.6105
16734.6,-7115.15,74.7695
16738.8,-7116.95,72.9538
16743,-7118.75,71.1384
16747.3,-7120.55,69.3239
16751.5,-7122.35,67.5068
16755.7,-7124.15,65.6925
16759.9,-7125.95,63.8767
16764.1,-7127.75,62.0604
16768.3,-7129.55,60.2731
16772.5,-7131.35,58.4837
16776.8,-7133.15,56.6963
16781,-7134.95,54.9077
16785.2,-7136.75,53.1334
16789.4,-7138.55,51.3605
16793.6,-7140.35,49.5851
16797.8,-7142.15,47.8399
16802,-7143.95,46.093
16806.3,-7145.75,44.3502
16810.5,-7147.55,42.6083
16814.7,-7149.35,40.8063
16818.9,-7151.15,39.0037
16823.1,-7152.95,37.2001
16827.3,-7154.75,35.3724
16831.5,-7156.55,33.545
16835.8,-7158.35,31.7215
16840,-7160.15,29.8997
16844.2,-7161.95,28.1136
16848.4,-7163.75,26.3313
16852.6,-7165.55,24.553
16856.8,-7167.35,22.8105
16861,-7169.15,21.0727
16865.3,-7170.94,19.3439
16869.5,-7172.74,17.6239
16873.7,-7174.54,15.8195
16877.9,-7176.34,14.0367
16882.1,-7178.14,12.2809
16886.3,-7179.94,10.5815
16890.5,-7181.74,8.94424
16894.7,-7183.54,7.41891
16899,-7185.34,6.08442
16903.2,-7187.14,5.09997
16907.4,-7188.94,4.63006
16911.6,-7190.74,4.82806
16915.8,-7192.54,5.62251
16920,-7194.34,6.76967
16924.2,-7196.14,8.13627
16928.4,-7197.94,9.62771
16932.7,-7199.74,11.1889
