4.2852,-1.8,0.274112
8.99045,-3.6,0.274112
13.3092,-5.4,0.163129
17.5591,-7.2,0.0969133
21.7689,-9,0.137056
25.9772,-10.8,0.243893
30.1924,-12.6,1.44777
34.4015,-14.4,2.65738
38.6137,-16.2,3.86742
42.8222,-18,5.58001
47.0332,-19.8,7.29445
51.2402,-21.6,9.007
55.4863,-23.4,10.7357
59.7043,-25.2,12.6087
63.9165,-27,14.4791
68.1323,-28.8,16.3509
72.3442,-30.6,18.2102
76.5615,-32.4,20.0716
80.7702,-34.2,21.9303
84.9822,-36,23.79
89.1987,-37.8,25.6248
93.4103,-39.6,27.4573
97.6269,-41.4,29.2917
101.837,-43.2,31.1156
106.048,-45,32.9396
110.266,-46.8,34.7668
114.508,-48.6,36.604
118.729,-50.4,38.1985
122.943,-52.2,39.7929
127.16,-54,41.3894
131.371,-55.8,42.9842
135.584,-57.6,44.5234
139.8,-59.4,46.0647
144.013,-61.2,47.6041
148.229,-63,49.3348
152.441,-64.8,51.064
156.686,-66.6,52.8065
160.899,-68.4,54.7243
165.112,-70.2,56.6421
169.329,-72,58.5617
173.541,-73.8,60.4793
177.757,-75.6,62.3354
182.026,-77.4,64.189
186.244,-79.2,66.072
190.454,-81,67.9254
194.665,-82.8,69.7689
198.88,-84.6,71.6144
203.091,-86.4,73.4577
207.305,-88.2,75.2956
211.559,-90,77.1504
215.8,-91.8,79.0006
220.018,-93.6,80.8407
224.231,-95.4,82.6055
228.446,-97.2,84.3715
232.658,-99,86.1361
236.875,-100.8,87.8412
241.084,-102.6,89.5438
245.294,-104.4,91.2465
249.508,-106.2,92.9508
253.719,-108,94.4414
257.961,-109.8,95.9434
262.174,-111.6,97.4364
266.389,-113.4,98.9313
270.599,-115.2,100.714
274.809,-117,102.496
279.024,-118.8,104.281
283.233,-120.6,106.038
287.447,-122.4,107.797
291.681,-124.2,109.56
296.001,-126,111.363
300.275,-127.8,113.276
304.49,-129.6,115.159
308.703,-131.4,117.041
312.92,-133.2,118.934
317.169,-135,120.842
321.381,-136.8,122.734
325.594,-138.6,124.625
329.81,-140.4,126.287
334.022,-142.2,127.948
338.236,-144,129.61
342.447,-145.8,131.414
346.663,-147.6,133.221
350.872,-149.4,135.025
355.083,-151.2,136.829
359.338,-153,138.663
363.551,-154.8,140.478
367.768,-156.6,142.295
372.006,-158.4,144.121
376.223,-160.2,145.941
380.432,-162,147.758
384.644,-163.8,149.575
388.859,-165.6,151.377
393.072,-167.4,153.176
397.287,-169.2,154.977
401.496,-171,156.774
405.706,-172.8,158.566
409.924,-174.6,160.36
414.165,-176.4,162.165
418.383,-178.2,163.964
422.595,-180,165.761
426.811,-181.8,167.559
431.019,-183.6,169.354
435.23,-185.4,171.178
439.446,-187.2,173.005
443.657,-189,174.83
447.872,-190.8,176.666
452.083,-192.6,178.5
456.297,-194.4,180.335
460.532,-196.2,182.18
464.744,-198,183.992
468.96,-199.8,185.805
473.171,-201.6,187.617
477.386,-203.4,189.423
481.594,-205.2,191.226
485.804,-207,193.03
490.018,-208.8,194.836
494.231,-210.6,196.626
498.446,-212.4,198.418
502.656,-214.2,200.207
506.87,-216,202.008
511.082,-217.8,203.807
515.321,-219.6,205.619
519.54,-221.4,207.421
523.752,-223.2,209.215
527.968,-225,211.009
532.179,-226.8,212.802
536.395,-228.6,214.596
540.605,-230.4,216.407
544.817,-232.2,218.218
549.033,-234,220.031
553.245,-235.8,221.842
557.46,-237.6,223.655
561.7,-239.4,225.477
565.914,-241.2,227.29
570.13,-243,229.119
574.342,-244.8,230.946
578.558,-246.6,232.776
582.771,-248.4,234.617
586.987,-250.2,236.459
591.198,-252,238.298
595.409,-253.8,240.138
599.624,-255.6,241.984
603.835,-257.4,243.829
608.049,-259.2,245.675
612.26,-261,247.52
616.505,-262.8,249.369
620.717,-264.6,251.204
624.928,-266.4,253.038
629.143,-268.2,254.829
633.355,-270,256.618
637.571,-271.8,258.409
641.781,-273.6,260.21
645.995,-275.4,262.012
650.221,-277.2,263.819
654.435,-279,265.622
658.652,-280.8,267.421
662.891,-282.6,269.229
667.11,-284.4,271.029
671.32,-286.2,272.824
675.533,-288,274.623
679.75,-289.8,276.424
683.962,-291.6,278.223
688.179,-293.4,280.036
692.39,-295.2,281.846
696.605,-297,283.658
700.816,-298.8,285.468
705.028,-300.6,287.292
709.242,-302.4,289.118
713.459,-304.2,290.944
717.708,-306,292.801
721.921,-307.8,294.642
726.175,-309.6,296.5
730.393,-311.4,298.343
734.605,-313.2,300.171
738.824,-315,302
743.036,-316.8,303.828
747.253,-318.6,305.664
751.463,-320.4,307.498
755.677,-322.2,309.333
759.893,-324,311.169
764.108,-325.8,312.969
768.326,-327.6,314.771
772.538,-329.4,316.57
776.755,-331.2,318.371
780.965,-333,320.189
785.178,-334.8,322.007
789.455,-336.6,323.854
793.669,-338.4,325.668
797.887,-340.2,327.484
802.099,-342,329.297
806.316,-343.8,331.111
810.526,-345.6,332.927
814.769,-347.4,334.756
818.988,-349.2,336.575
823.202,-351,338.406
827.419,-352.8,340.237
831.63,-354.6,342.064
835.842,-356.4,343.891
840.059,-358.2,345.731
844.271,-360,347.567
848.489,-361.8,349.402
852.701,-363.6,351.227
856.918,-365.4,353.069
861.128,-367.2,354.883
865.366,-369,356.645
869.586,-370.8,358.137
873.799,-372.6,358.361
878.019,-374.4,357.017
882.232,-376.199,355.299
886.452,-377.999,353.494
890.664,-379.799,351.662
894.877,-381.599,349.816
899.095,-383.399,347.979
903.308,-385.199,346.14
907.523,-386.999,344.297
911.737,-388.799,342.452
915.979,-390.599,340.603
920.199,-392.399,338.762
924.413,-394.199,336.923
928.63,-395.999,335.133
932.843,-397.799,333.344
937.061,-399.599,331.552
941.272,-401.399,329.762
945.484,-403.199,327.963
949.701,-404.999,326.162
953.915,-406.799,324.363
958.132,-408.599,322.726
962.345,-410.399,321.091
966.59,-412.199,319.443
970.801,-413.999,317.809
975.015,-415.799,316.374
979.232,-417.599,314.937
983.444,-419.399,313.502
987.661,-421.199,311.712
991.871,-422.999,309.925
996.083,-424.799,308.137
1000.3,-426.599,306.348
1004.51,-428.399,304.444
1008.73,-430.199,302.538
1012.98,-431.999,300.617
1017.22,-433.799,298.697
1021.44,-435.599,296.84
1025.65,-437.399,294.982
1029.87,-439.199,293.122
1034.08,-440.999,291.283
1038.3,-442.799,289.443
1042.51,-444.599,287.604
1046.73,-446.399,285.764
1050.94,-448.199,283.923
1055.15,-449.999,282.082
1059.37,-451.799,280.238
1063.58,-453.599,278.473
1067.83,-455.399,276.696
1072.04,-457.199,274.93
1076.26,-458.999,273.163
1080.47,-460.799,271.432
1084.68,-462.599,269.7
1088.9,-464.399,267.966
1093.11,-466.199,266.322
1097.33,-467.999,264.677
1101.54,-469.799,263.033
1105.75,-471.599,261.389
1109.97,-473.399,259.514
1114.19,-475.199,257.64
1118.43,-476.999,255.751
1122.65,-478.799,253.877
1126.86,-480.599,252.085
1131.08,-482.399,250.296
1135.29,-484.199,248.506
1139.51,-485.999,246.702
1143.72,-487.799,244.9
1147.94,-489.599,243.096
1152.15,-491.399,241.294
1156.37,-493.199,239.457
1160.58,-494.999,237.622
1164.79,-496.799,235.787
1169.01,-498.599,234.139
1173.23,-500.399,232.493
1177.44,-502.199,230.845
1181.65,-503.999,229.199
1185.97,-505.799,227.338
1190.19,-507.599,225.519
1194.4,-509.399,223.704
1198.62,-511.199,221.865
1202.83,-512.999,220.028
1207.05,-514.799,218.19
1211.26,-516.599,216.352
1215.51,-518.399,214.547
1219.73,-520.199,212.749
1223.94,-521.999,210.956
1228.16,-523.799,209.146
1232.37,-525.599,207.339
1236.59,-527.398,205.53
1240.8,-529.198,203.724
1245.01,-530.998,201.92
1249.23,-532.798,200.114
1253.44,-534.598,198.31
1257.66,-536.398,196.482
1261.87,-538.198,194.656
1266.08,-539.998,192.829
1270.33,-541.798,190.988
1274.54,-543.598,189.153
1278.76,-545.398,187.318
1282.97,-547.198,185.484
1287.19,-548.998,183.648
1291.4,-550.798,181.844
1295.61,-552.598,180.039
1299.83,-554.398,178.232
1304.04,-556.198,176.443
1308.25,-557.998,174.652
1312.47,-559.798,172.862
1316.72,-561.598,171.058
1320.93,-563.398,169.277
1325.14,-565.198,167.496
1329.36,-566.998,165.713
1333.57,-568.798,163.926
1337.79,-570.598,162.138
1342,-572.398,160.352
1346.22,-574.198,158.564
1350.43,-575.998,156.762
1354.64,-577.798,154.959
1358.86,-579.598,153.154
1363.07,-581.398,151.341
1367.29,-583.198,149.527
1371.53,-584.998,147.704
1375.74,-586.798,145.89
1379.96,-588.598,144.078
1384.18,-590.398,142.266
1388.39,-592.198,140.453
1392.61,-593.998,138.639
1396.82,-595.798,136.822
1401.04,-597.598,135.007
1405.25,-599.398,133.192
1409.46,-601.198,131.355
1413.68,-602.998,129.518
1417.92,-604.798,127.668
1422.14,-606.598,125.831
1426.36,-608.398,124.011
1430.57,-610.198,122.193
1434.78,-611.998,120.375
1439,-613.798,118.563
1443.21,-615.598,116.753
1447.43,-617.398,114.941
1451.64,-619.198,113.131
1455.85,-620.998,111.31
1460.07,-622.798,109.485
1464.28,-624.598,107.664
1468.5,-626.398,105.846
1472.73,-628.198,104.018
1476.95,-629.998,102.199
1481.16,-631.798,100.384
1485.38,-633.598,98.5771
1489.59,-635.398,96.7686
1493.85,-637.198,94.9448
1498.07,-638.998,93.1356
1502.28,-640.798,91.3298
1506.5,-642.598,89.523
1510.71,-644.398,87.7186
1514.92,-646.198,85.9265
1519.17,-647.998,84.1208
1523.39,-649.798,82.3282
1527.61,-651.598,80.5057
1531.82,-653.398,78.6864
1536.03,-655.198,76.8668
1540.25,-656.998,75.0453
1544.46,-658.798,73.2141
1548.68,-660.598,71.3806
1552.89,-662.398,69.5493
1557.11,-664.198,67.716
1561.32,-665.998,65.8984
1565.53,-667.798,64.0801
1569.75,-669.598,62.2598
1573.99,-671.398,60.4289
1578.21,-673.198,58.6066
1582.42,-674.997,56.7864
1586.64,-676.797,54.9649
1590.85,-678.597,53.1786
1595.06,-680.397,51.3918
1599.28,-682.197,49.604
1603.49,-683.997,47.8317
1607.71,-685.797,46.0564
1611.93,-687.597,44.2839
1616.2,-689.397,42.4852
1620.42,-691.197,40.6716
1624.63,-692.997,38.8606
1628.85,-694.797,37.0482
1633.06,-696.597,35.2379
1637.28,-698.397,33.4294
1641.5,-700.197,31.6233
1645.71,-701.997,29.8176
1649.93,-703.797,27.9936
1654.2,-705.597,26.1719
1658.42,-707.397,24.3232
1662.63,-709.197,22.4825
1666.85,-710.997,20.6414
1671.06,-712.797,18.8047
1675.3,-714.597,16.9577
1679.52,-716.397,15.1088
1683.73,-718.197,13.2665
1687.95,-719.997,11.4283
1692.16,-721.797,9.60114
1696.38,-723.597,7.78891
1700.59,-725.397,6.00931
1704.8,-727.197,4.29735
1709.01,-728.997,2.782
1713.22,-730.797,1.97668
1717.46,-732.597,2.64764
1721.68,-734.397,4.12369
1725.89,-736.197,5.81286
1730.1,-737.997,7.57789
1734.31,-739.797,9.37251
1738.53,-741.597,11.1975
1742.74,-743.397,13.0316
1746.96,-745.197,14.8734
1751.17,-746.997,16.7173
1755.38,-748.797,18.5574
1759.6,-750.597,20.4018
1763.81,-752.397,22.2459
1768.03,-754.197,24.093
1772.24,-755.997,25.9545
1776.49,-757.797,27.8303
1780.7,-759.597,29.6932
1784.91,-761.397,31.5547
1789.13,-763.197,33.4182
1793.38,-764.997,35.2906
1797.74,-766.797,37.2221
1801.96,-768.597,38.9584
1806.23,-770.397,40.7139
1810.44,-772.197,42.447
1814.65,-773.997,43.8345
1818.91,-775.797,45.2348
1823.13,-777.597,46.6234
1827.34,-779.397,48.012
1831.56,-781.197,49.6119
1835.77,-782.997,51.2124
1839.99,-784.797,52.8144
1844.2,-786.597,54.6949
1848.42,-788.397,56.577
1852.64,-790.197,58.4583
1856.85,-791.997,60.3407
1861.07,-793.797,62.1557
1865.28,-795.597,63.9714
1869.5,-797.397,65.789
1873.71,-799.197,67.6529
1877.96,-800.997,69.5338
1882.18,-802.797,71.3988
1886.4,-804.597,73.2651
1890.61,-806.397,75.0855
1894.82,-808.197,76.9065
1899.04,-809.997,78.7289
1903.25,-811.797,80.5075
1907.47,-813.597,82.2876
1911.68,-815.397,84.0658
1915.9,-817.197,85.8445
1920.15,-818.997,87.628
1924.36,-820.797,89.3983
1928.58,-822.596,91.1692
1932.8,-824.396,92.9391
1937.01,-826.196,94.5839
1941.23,-827.996,96.2266
1945.44,-829.796,97.8692
1949.66,-831.596,99.7233
1953.87,-833.396,101.576
1958.09,-835.196,103.43
1962.3,-836.996,105.281
1966.52,-838.796,107.114
1970.73,-840.596,108.944
1974.94,-842.396,110.774
1979.18,-844.196,112.582
1983.4,-845.996,114.378
1987.61,-847.796,116.175
1991.83,-849.596,117.969
1996.04,-851.396,119.756
2000.26,-853.196,121.545
2004.47,-854.996,123.332
2008.69,-856.796,125.019
2012.91,-858.596,126.705
2017.15,-860.396,128.404
2021.37,-862.196,130.09
2025.59,-863.996,131.867
2029.8,-865.796,133.645
2034.02,-867.596,135.421
2038.24,-869.396,137.273
2042.45,-871.196,139.123
2046.67,-872.996,140.975
2050.88,-874.796,142.824
2055.09,-876.596,144.629
2059.31,-878.396,146.436
2063.52,-880.196,148.241
2067.74,-881.996,150.048
2071.95,-883.796,151.893
2076.21,-885.596,153.759
2080.45,-887.396,155.616
2084.67,-889.196,157.475
2088.88,-890.996,159.336
2093.1,-892.796,161.195
2097.31,-894.596,163.055
2101.53,-896.396,164.871
2105.74,-898.196,166.687
2109.96,-899.996,168.505
2114.17,-901.796,170.305
2118.42,-903.596,172.118
2122.63,-905.396,173.917
2126.85,-907.196,175.718
2131.06,-908.996,177.479
2135.28,-910.796,179.24
2139.49,-912.596,181.003
2143.71,-914.396,182.784
2147.92,-916.196,184.568
2152.14,-917.996,186.35
2156.35,-919.796,188.134
2160.57,-921.596,189.908
2164.78,-923.396,191.683
2169,-925.196,193.46
2173.21,-926.996,195.236
2177.43,-928.796,197.047
2181.67,-930.596,198.865
2185.89,-932.396,200.673
2190.11,-934.196,202.488
2194.38,-935.996,204.328
2198.6,-937.796,206.143
2202.82,-939.596,207.957
2207.03,-941.396,209.773
2211.24,-943.196,211.586
2215.46,-944.996,213.4
2219.71,-946.796,215.254
2223.92,-948.596,217.095
2228.14,-950.396,218.936
2232.36,-952.196,220.776
2236.57,-953.996,222.59
2240.79,-955.796,224.4
2245,-957.596,226.21
2249.21,-959.396,228.013
2253.43,-961.196,229.814
2257.64,-962.996,231.616
2261.86,-964.796,233.416
2266.07,-966.596,235.204
2270.29,-968.396,236.994
2274.5,-970.195,238.782
2278.72,-971.995,240.572
2282.96,-973.795,242.402
2287.18,-975.595,244.223
2291.39,-977.395,246.041
2295.6,-979.195,247.872
2299.82,-980.995,249.703
2304.03,-982.795,251.533
2308.25,-984.595,253.376
2312.46,-986.395,255.218
2316.68,-988.195,257.062
2320.92,-989.995,258.916
2325.13,-991.795,260.716
2329.35,-993.595,262.517
2333.57,-995.395,264.316
2337.78,-997.195,266.117
2342,-998.995,267.943
2346.22,-1000.8,269.771
2350.43,-1002.6,271.596
2354.64,-1004.4,273.428
2358.86,-1006.2,275.261
2363.07,-1008,277.093
2367.29,-1009.8,278.927
2371.5,-1011.6,280.754
2375.71,-1013.4,282.581
2379.93,-1015.2,284.41
2384.17,-1017,286.24
2388.39,-1018.8,288.062
2392.6,-1020.6,289.881
2396.82,-1022.4,291.702
2401.03,-1024.2,293.488
2405.24,-1026,295.275
2409.46,-1027.8,297.064
2413.67,-1029.6,298.866
2417.92,-1031.4,300.681
2422.13,-1033.2,302.484
2426.35,-1035,304.289
2430.56,-1036.8,306.077
2434.78,-1038.6,307.866
2439,-1040.4,309.656
2443.21,-1042.2,311.445
2447.43,-1044,313.247
2451.64,-1045.8,315.046
2455.85,-1047.6,316.846
2460.07,-1049.4,318.67
2464.28,-1051.2,320.493
2468.5,-1053,322.317
2472.71,-1054.8,324.14
2476.93,-1056.6,325.966
2481.14,-1058.4,327.791
2485.38,-1060.2,329.626
2489.6,-1062,331.475
2493.81,-1063.8,333.322
2498.03,-1065.6,335.17
2502.24,-1067.4,337.014
2506.46,-1069.2,338.863
2510.67,-1071,340.708
2514.89,-1072.8,342.553
2519.13,-1074.6,344.411
2523.35,-1076.4,346.252
2527.57,-1078.2,348.088
2531.78,-1080,349.913
2535.99,-1081.8,351.712
2540.21,-1083.6,353.487
2544.42,-1085.4,355.205
2548.64,-1087.2,356.8
2552.85,-1089,357.89
2557.07,-1090.8,357.631
2561.28,-1092.6,356.297
2565.49,-1094.4,354.621
2569.71,-1096.2,352.84
2573.92,-1098,351.02
2578.14,-1099.8,349.177
2582.35,-1101.6,347.357
2586.6,-1103.4,345.513
2590.81,-1105.2,343.677
2595.02,-1107,341.82
2599.24,-1108.8,339.959
2603.45,-1110.6,338.099
2607.67,-1112.4,336.234
2611.88,-1114.2,334.366
2616.09,-1116,332.496
2620.34,-1117.8,330.612
2624.55,-1119.6,328.717
2628.77,-1121.4,326.821
2632.98,-1123.2,324.927
2637.2,-1125,323.03
2641.41,-1126.8,321.271
2645.63,-1128.6,319.508
2649.84,-1130.4,317.742
2654.06,-1132.2,315.975
2658.28,-1134,314.514
2662.49,-1135.8,313.054
2666.71,-1137.6,311.593
2670.92,-1139.4,310.045
2675.13,-1141.2,308.495
2679.35,-1143,306.944
2683.56,-1144.8,305.394
2687.8,-1146.6,303.675
2692.02,-1148.4,301.968
2696.24,-1150.2,300.258
2700.45,-1152,298.452
2704.66,-1153.8,296.645
2708.88,-1155.6,294.837
2713.09,-1157.4,293.03
2717.31,-1159.2,291.159
2721.55,-1161,289.28
2725.76,-1162.8,287.411
2729.98,-1164.6,285.564
2734.2,-1166.4,283.719
2738.41,-1168.2,281.873
2742.63,-1170,280.027
2746.85,-1171.8,278.225
2751.06,-1173.6,276.425
2755.27,-1175.4,274.625
2759.49,-1177.2,272.83
2763.7,-1179,271.038
2767.92,-1180.8,269.243
2772.13,-1182.6,267.451
2776.35,-1184.4,265.795
2780.56,-1186.2,264.141
2784.77,-1188,262.486
2789.01,-1189.8,260.82
2793.23,-1191.6,258.991
2797.44,-1193.4,257.161
2801.66,-1195.2,255.333
2805.87,-1197,253.507
2810.09,-1198.8,251.679
2814.3,-1200.6,249.853
2818.55,-1202.4,248.106
2822.77,-1204.2,246.371
2826.98,-1206,244.636
2831.19,-1207.8,242.903
2835.41,-1209.6,241.153
2839.62,-1211.4,239.4
2843.84,-1213.2,237.65
2848.05,-1215,235.898
2852.27,-1216.8,234.111
2856.48,-1218.6,232.323
2860.69,-1220.4,230.538
2864.91,-1222.2,228.734
2869.12,-1224,226.93
2873.33,-1225.8,225.126
2877.55,-1227.6,223.321
2881.76,-1229.4,221.472
2885.97,-1231.2,219.622
2890.22,-1233,217.76
2894.43,-1234.8,215.91
2898.65,-1236.6,214.075
2902.86,-1238.4,212.243
2907.08,-1240.2,210.409
2911.29,-1242,208.601
2915.5,-1243.8,206.79
2919.75,-1245.6,204.966
2924,-1247.4,203.139
2928.22,-1249.2,201.298
2932.43,-1251,199.461
2936.65,-1252.8,197.622
2940.86,-1254.6,195.835
2945.07,-1256.4,194.049
2949.29,-1258.2,192.26
2953.5,-1260,190.473
2957.72,-1261.8,188.689
2961.93,-1263.6,186.908
2966.2,-1265.4,185.101
2970.42,-1267.2,183.311
2974.63,-1269,181.521
2978.85,-1270.8,179.729
2983.06,-1272.6,177.939
2987.28,-1274.4,176.151
2991.51,-1276.2,174.354
2995.72,-1278,172.566
2999.94,-1279.8,170.755
3004.15,-1281.6,168.945
3008.37,-1283.4,167.134
3012.58,-1285.2,165.326
3016.8,-1287,163.513
3021.04,-1288.8,161.691
3025.25,-1290.6,159.879
3029.47,-1292.4,158.067
3033.68,-1294.2,156.243
3037.9,-1296,154.417
3042.11,-1297.8,152.594
3046.33,-1299.6,150.776
3050.54,-1301.4,148.962
3054.75,-1303.2,147.146
3058.97,-1305,145.329
3063.18,-1306.8,143.521
3067.4,-1308.6,141.71
3071.61,-1310.4,139.903
3075.82,-1312.2,138.125
3080.04,-1314,136.345
3084.25,-1315.8,134.567
3088.47,-1317.6,132.788
3092.7,-1319.4,130.982
3096.92,-1321.2,129.185
3101.13,-1323,127.392
3105.35,-1324.8,125.584
3109.56,-1326.6,123.774
3113.77,-1328.4,121.966
3117.99,-1330.2,120.155
3122.23,-1332,118.323
3126.45,-1333.8,116.5
3130.66,-1335.6,114.679
3134.88,-1337.4,112.867
3139.09,-1339.2,111.053
3143.31,-1341,109.241
3147.52,-1342.8,107.427
3151.73,-1344.6,105.597
3155.94,-1346.4,103.766
3160.16,-1348.2,101.933
3164.37,-1350,100.103
3168.59,-1351.8,98.2698
3172.8,-1353.6,96.4382
3177.02,-1355.4,94.6043
3181.23,-1357.2,92.7828
3185.44,-1359,90.9606
3189.66,-1360.8,89.1364
3193.89,-1362.6,87.3037
3198.11,-1364.4,85.4738
3202.33,-1366.2,83.6472
3206.54,-1368,81.8186
3210.75,-1369.8,80.0161
3214.97,-1371.6,78.212
3219.21,-1373.4,76.3951
3223.43,-1375.2,74.5908
3227.64,-1377,72.791
3231.85,-1378.8,70.9937
3236.07,-1380.6,69.1962
3240.28,-1382.4,67.4021
3244.49,-1384.2,65.6094
3248.71,-1386.01,63.8143
3252.92,-1387.81,62.0211
3257.14,-1389.61,60.2362
3261.35,-1391.41,58.4539
3265.57,-1393.21,56.6707
3269.78,-1395.01,54.8632
3274,-1396.81,53.0571
3278.21,-1398.61,51.2498
3282.43,-1400.41,49.4438
3286.64,-1402.21,47.6292
3290.86,-1404.01,45.8168
3295.1,-1405.81,43.9968
3299.42,-1407.61,42.1321
3303.64,-1409.41,40.2958
3307.86,-1411.21,38.458
3312.07,-1413.01,36.6231
3316.3,-1414.81,34.7989
3320.54,-1416.61,32.9646
3324.76,-1418.41,31.1438
3328.98,-1420.21,29.3269
3333.19,-1422.01,27.5125
3337.41,-1423.81,25.6968
3341.62,-1425.61,23.8841
3345.83,-1427.41,22.071
3350.05,-1429.21,20.2571
3354.26,-1431.01,18.4465
3358.48,-1432.81,16.6357
3362.69,-1434.61,14.8295
3366.91,-1436.41,13.0251
3371.12,-1438.21,11.2284
3375.34,-1440.01,9.43077
3379.55,-1441.81,7.64672
3383.76,-1443.61,5.89127
3387.97,-1445.41,4.19484
3392.22,-1447.21,2.66385
3396.44,-1449.01,1.84562
3400.65,-1450.81,2.53312
3404.86,-1452.61,4.04414
3409.07,-1454.41,5.76457
3413.28,-1456.21,7.55045
3417.5,-1458.01,9.36816
3421.74,-1459.81,11.2228
3425.96,-1461.61,13.0761
3430.18,-1463.41,14.9351
3434.39,-1465.21,16.7966
3438.61,-1467.01,18.6871
3442.82,-1468.81,20.578
3447.04,-1470.61,22.4723
3451.25,-1472.41,24.2929
3455.46,-1474.21,26.116
3459.68,-1476.01,27.9414
3463.89,-1477.81,29.7659
3468.11,-1479.61,31.5831
3472.32,-1481.41,33.3988
3476.54,-1483.21,35.2171
3480.75,-1485.01,36.9656
3484.96,-1486.81,38.7165
3489.18,-1488.61,40.4708
3493.42,-1490.41,42.2348
3497.63,-1492.21,43.6912
3501.85,-1494.01,45.1456
3506.06,-1495.81,46.5994
3510.28,-1497.61,48.1286
3514.49,-1499.41,49.6562
3518.71,-1501.21,51.1862
3522.95,-1503.01,52.7245
3527.17,-1504.81,54.5389
3531.38,-1506.61,56.3505
3535.59,-1508.41,58.1625
3539.81,-1510.21,60.0165
3544.02,-1512.01,61.8681
3548.24,-1513.81,63.7228
3552.45,-1515.61,65.5749
3556.67,-1517.41,67.4512
3560.88,-1519.21,69.3248
3565.09,-1521.01,71.1997
3569.31,-1522.81,73.0765
3573.52,-1524.61,74.9775
3577.74,-1526.41,76.8805
3581.95,-1528.21,78.7804
3586.22,-1530.01,80.6252
3590.43,-1531.81,82.4474
3594.67,-1533.61,84.2802
3598.88,-1535.41,86.105
3603.1,-1537.21,87.8469
3607.31,-1539.01,89.5906
3611.53,-1540.81,91.3317
3615.74,-1542.61,92.9988
3619.99,-1544.41,94.6782
3624.2,-1546.21,96.3448
3628.42,-1548.01,98.0126
3632.64,-1549.81,99.734
3636.86,-1551.61,101.458
3641.13,-1553.41,103.204
3645.35,-1555.21,105.031
3649.57,-1557.01,106.858
3653.78,-1558.81,108.684
3658,-1560.61,110.512
3662.21,-1562.41,112.261
3666.43,-1564.21,114.013
3670.64,-1566.01,115.762
3674.85,-1567.81,117.529
3679.07,-1569.61,119.299
3683.28,-1571.41,121.067
3687.5,-1573.21,122.837
3691.71,-1575.01,124.723
3695.94,-1576.81,126.622
3700.16,-1578.61,128.512
3704.38,-1580.41,130.399
3708.59,-1582.21,132.181
3712.8,-1584.01,133.961
3717.02,-1585.81,135.744
3721.26,-1587.61,137.609
3725.48,-1589.41,139.464
3729.7,-1591.21,141.32
3733.91,-1593.01,143.174
3738.13,-1594.81,144.979
3742.34,-1596.61,146.782
3746.56,-1598.41,148.586
3750.77,-1600.21,150.391
3754.98,-1602.01,152.197
3759.2,-1603.81,154.004
3763.41,-1605.61,155.81
3767.63,-1607.41,157.614
3771.84,-1609.21,159.416
3776.05,-1611.01,161.219
3780.27,-1612.81,163.016
3784.48,-1614.61,164.812
3788.7,-1616.41,166.609
3792.91,-1618.21,168.404
3797.15,-1620.01,170.202
3801.36,-1621.81,171.989
3805.57,-1623.61,173.776
3809.79,-1625.41,175.569
3814,-1627.21,177.36
3818.22,-1629.01,179.154
3822.46,-1630.81,180.957
3826.68,-1632.61,182.764
3830.89,-1634.41,184.567
3835.1,-1636.21,186.371
3839.32,-1638.01,188.176
3843.53,-1639.81,189.994
3847.75,-1641.61,191.813
3851.96,-1643.41,193.629
3856.21,-1645.21,195.457
3860.43,-1647.01,197.267
3864.64,-1648.81,199.078
3868.86,-1650.61,200.89
3873.07,-1652.41,202.687
3877.29,-1654.21,204.485
3881.5,-1656.01,206.281
3885.71,-1657.81,208.078
3889.93,-1659.61,209.877
3894.14,-1661.41,211.675
3898.38,-1663.21,213.484
3902.6,-1665.01,215.271
3906.82,-1666.81,217.06
3911.03,-1668.61,218.845
3915.24,-1670.41,220.645
3919.46,-1672.21,222.449
3923.7,-1674.01,224.261
3927.92,-1675.81,226.065
3932.13,-1677.61,227.879
3936.35,-1679.41,229.693
3940.56,-1681.21,231.506
3944.77,-1683.01,233.318
3948.99,-1684.81,235.125
3953.2,-1686.61,236.929
3957.42,-1688.41,238.735
3961.63,-1690.21,240.542
3965.84,-1692.01,242.35
3970.06,-1693.81,244.16
3974.27,-1695.61,245.968
3978.49,-1697.41,247.814
3982.7,-1699.21,249.658
3986.92,-1701.01,251.504
3991.13,-1702.81,253.345
3995.34,-1704.61,255.188
3999.6,-1706.41,257.048
4004.44,-1708.21,259.161
4008.84,-1710.01,261.058
4013.24,-1711.81,262.958
4017.65,-1713.61,264.864
4022.22,-1715.41,266.652
4026.8,-1717.21,268.452
4031.33,-1719.01,270.227
4035.79,-1720.81,271.979
4040.15,-1722.61,273.692
4044.47,-1724.41,275.388
4048.69,-1726.21,277.044
4052.91,-1728.01,278.743
4057.13,-1729.81,280.443
4061.34,-1731.61,282.14
4065.55,-1733.41,283.987
4069.77,-1735.21,285.834
4073.98,-1737.01,287.679
4078.2,-1738.81,289.527
4082.41,-1740.61,291.33
4086.63,-1742.41,293.136
4090.84,-1744.21,294.94
4095.05,-1746.01,296.743
4099.27,-1747.81,298.575
4103.53,-1749.61,300.425
4107.75,-1751.41,302.258
4111.96,-1753.21,304.092
4116.22,-1755.02,305.947
4120.44,-1756.82,307.782
4124.68,-1758.62,309.63
4128.9,-1760.42,311.431
4133.12,-1762.22,313.229
4137.34,-1764.02,315.029
4141.55,-1765.82,316.832
4145.76,-1767.62,318.636
4149.98,-1769.42,320.441
4154.19,-1771.22,322.245
4158.41,-1773.02,324.03
4162.63,-1774.82,325.815
4166.85,-1776.62,327.601
4171.06,-1778.42,329.399
4175.27,-1780.22,331.197
4179.49,-1782.02,332.996
4183.7,-1783.82,334.793
4187.92,-1785.62,336.599
4192.13,-1787.42,338.403
4196.35,-1789.22,340.207
4200.56,-1791.02,342.01
4204.8,-1792.82,343.822
4209.02,-1794.62,345.623
4213.23,-1796.42,347.417
4217.45,-1798.22,349.203
4221.66,-1800.02,350.978
4225.9,-1801.82,352.747
4230.12,-1803.62,354.472
4234.33,-1805.42,356.144
4238.55,-1807.22,357.557
4242.77,-1809.02,358.036
4246.98,-1810.82,357.073
4251.2,-1812.62,355.514
4255.41,-1814.42,353.794
4259.63,-1816.22,352.013
4263.84,-1818.02,350.213
4268.06,-1819.82,348.398
4272.27,-1821.62,346.576
4276.49,-1823.42,344.763
4280.7,-1825.22,342.95
4284.91,-1827.02,341.135
4289.13,-1828.82,339.315
4293.34,-1830.62,337.509
4297.56,-1832.42,335.701
4301.77,-1834.22,333.894
4306.01,-1836.02,332.069
4310.23,-1837.82,330.252
4314.44,-1839.62,328.438
4318.66,-1841.42,326.619
4322.9,-1843.22,324.8
4327.12,-1845.02,322.991
4331.33,-1846.82,321.184
4335.55,-1848.62,319.437
4339.82,-1850.42,317.666
4344.03,-1852.22,315.917
4348.25,-1854.02,314.167
4352.46,-1855.82,312.676
4356.68,-1857.62,311.185
4360.89,-1859.42,309.695
4365.11,-1861.22,308.204
4369.33,-1863.02,306.278
4373.54,-1864.82,304.355
4377.76,-1866.62,302.43
4382,-1868.42,300.603
4386.22,-1870.22,298.756
4390.43,-1872.02,296.929
4394.65,-1873.82,295.101
4398.86,-1875.62,293.282
4403.08,-1877.42,291.465
4407.32,-1879.22,289.635
4411.54,-1881.02,287.771
4415.75,-1882.82,285.908
4419.97,-1884.62,284.041
4424.21,-1886.42,282.164
4428.43,-1888.22,280.347
4432.65,-1890.02,278.532
4436.87,-1891.82,276.715
4441.08,-1893.62,274.97
4445.3,-1895.42,273.224
4449.51,-1897.22,271.477
4453.73,-1899.02,269.732
4457.94,-1900.82,268.009
4462.16,-1902.62,266.289
4466.38,-1904.42,264.566
4470.59,-1906.22,262.925
4474.8,-1908.02,261.283
4479.02,-1909.82,259.641
4483.23,-1911.62,257.999
4487.45,-1913.42,256.171
4491.66,-1915.22,254.347
4495.88,-1917.02,252.521
4500.09,-1918.82,250.694
4504.31,-1920.62,248.869
4508.55,-1922.42,247.03
4512.77,-1924.22,245.204
4516.98,-1926.02,243.33
4521.2,-1927.82,241.456
4525.44,-1929.62,239.57
4529.66,-1931.42,237.694
4533.87,-1933.22,235.781
4538.09,-1935.02,233.868
4542.31,-1936.82,231.957
4546.52,-1938.62,230.316
4550.73,-1940.42,228.678
4554.95,-1942.22,227.04
4559.16,-1944.02,225.399
4563.38,-1945.82,223.562
4567.59,-1947.62,221.723
4571.8,-1949.42,219.886
4576.02,-1951.22,218.045
4580.23,-1953.02,216.201
4584.45,-1954.82,214.36
4588.66,-1956.62,212.517
4592.88,-1958.42,210.739
4597.09,-1960.22,208.959
4601.31,-1962.02,207.181
4605.52,-1963.82,205.369
4609.76,-1965.62,203.544
4613.98,-1967.42,201.731
4618.19,-1969.22,199.919
4622.41,-1971.02,198.091
4626.65,-1972.82,196.25
4630.87,-1974.62,194.422
4635.08,-1976.42,192.595
4639.3,-1978.22,190.77
4643.51,-1980.02,188.947
4647.72,-1981.82,187.122
4651.94,-1983.62,185.289
4656.19,-1985.42,183.436
4660.4,-1987.22,181.603
4664.61,-1989.02,179.77
4668.83,-1990.82,177.969
4673.04,-1992.62,176.169
4677.26,-1994.42,174.367
4681.47,-1996.22,172.567
4685.68,-1998.02,170.765
4689.9,-1999.82,168.962
4694.12,-2001.62,167.158
4698.33,-2003.42,165.383
4702.55,-2005.22,163.609
4706.76,-2007.02,161.834
4711,-2008.82,160.044
4715.21,-2010.62,158.264
4719.43,-2012.42,156.481
4723.67,-2014.22,154.69
4727.89,-2016.02,152.936
4732.11,-2017.82,151.184
4736.32,-2019.62,149.431
4740.53,-2021.42,147.681
4744.75,-2023.22,145.874
4748.96,-2025.02,144.065
4753.18,-2026.82,142.257
4757.39,-2028.62,140.438
4761.6,-2030.42,138.623
4765.81,-2032.22,136.808
4770.03,-2034.02,135.006
4774.24,-2035.82,133.206
4778.46,-2037.62,131.405
4782.67,-2039.42,129.605
4786.89,-2041.22,127.756
4791.1,-2043.02,125.91
4795.34,-2044.82,124.055
4799.69,-2046.62,122.143
4803.92,-2048.42,120.275
4808.14,-2050.22,118.411
4812.39,-2052.02,116.532
4816.61,-2053.82,114.725
4820.82,-2055.62,112.92
4825.07,-2057.42,111.1
4829.29,-2059.22,109.292
4833.5,-2061.02,107.51
4837.72,-2062.82,105.727
4841.93,-2064.62,103.947
4846.18,-2066.42,102.092
4850.4,-2068.22,100.256
4854.61,-2070.02,98.4198
4858.83,-2071.82,96.5808
4863.04,-2073.62,94.7469
4867.26,-2075.42,92.9119
4871.47,-2077.22,91.0794
4875.68,-2079.02,89.2462
4879.9,-2080.82,87.4463
4884.12,-2082.62,85.6482
4888.33,-2084.42,83.8498
4892.55,-2086.22,81.9506
4896.77,-2088.02,80.0491
4900.98,-2089.82,78.1516
4905.19,-2091.62,76.2535
4909.41,-2093.42,74.4049
4913.65,-2095.22,72.5462
4917.87,-2097.02,70.6968
4922.09,-2098.82,68.8921
4926.33,-2100.62,67.076
4930.55,-2102.42,65.275
4934.76,-2104.22,63.473
4938.98,-2106.02,61.5512
4943.19,-2107.82,59.6309
4947.41,-2109.62,57.7085
4951.62,-2111.42,55.9213
4955.83,-2113.22,54.1331
4960.05,-2115.02,52.3437
4964.26,-2116.82,50.5554
4968.48,-2118.62,48.6542
4972.69,-2120.42,46.7548
4976.91,-2122.22,44.8537
4981.12,-2124.02,43.1476
4985.33,-2125.82,41.4406
4989.55,-2127.62,39.7322
4993.76,-2129.43,38.0251
4997.98,-2131.23,36.1532
5002.19,-2133.03,34.2828
5006.41,-2134.83,32.4102
5010.62,-2136.63,30.5412
5014.86,-2138.43,28.7388
5019.08,-2140.23,26.945
5023.3,-2142.03,25.1529
5027.54,-2143.83,23.3174
5031.76,-2145.63,21.4962
5035.97,-2147.43,19.6748
5040.24,-2149.23,17.8289
5044.46,-2151.03,16.0247
5048.68,-2152.83,14.2193
5052.89,-2154.63,12.4162
5057.1,-2156.43,10.5965
5061.31,-2158.23,8.78132
5065.53,-2160.03,6.96839
5069.74,-2161.83,5.1604
5073.95,-2163.63,3.36079
5078.16,-2165.43,1.62939
5082.38,-2167.23,0.852251
5086.59,-2169.03,2.50796
5090.8,-2170.83,4.42834
5095.01,-2172.63,6.37872
5099.22,-2174.43,8.3407
5103.43,-2176.23,10.2563
5107.65,-2178.03,12.1783
5111.86,-2179.83,14.1
5116.1,-2181.63,16.0349
5120.32,-2183.43,17.7547
5124.56,-2185.23,19.4846
5128.78,-2187.03,21.2073
5133,-2188.83,22.9038
5137.21,-2190.63,24.6047
5141.42,-2192.43,26.3056
5145.64,-2194.23,28.0952
5149.85,-2196.03,29.8876
5154.07,-2197.83,31.6803
5158.29,-2199.63,33.4736
5162.5,-2201.43,35.2833
5166.72,-2203.23,37.0948
5170.93,-2205.03,38.9046
5175.14,-2206.83,40.716
5179.36,-2208.63,42.3749
5183.57,-2210.43,44.0336
5187.79,-2212.23,45.6941
5192,-2214.03,47.024
5196.22,-2215.83,48.3551
5200.43,-2217.63,49.6851
5204.64,-2219.43,51.0156
5208.86,-2221.23,52.7633
5213.07,-2223.03,54.51
5217.31,-2224.83,56.2682
5221.53,-2226.63,58.0711
5225.77,-2228.43,59.8855
5229.99,-2230.23,61.6897
5234.2,-2232.03,63.4917
5238.42,-2233.83,65.2684
5242.63,-2235.63,67.0441
5246.85,-2237.43,68.8216
5251.06,-2239.23,70.6907
5255.28,-2241.03,72.5607
5259.49,-2242.83,74.4328
5263.71,-2244.63,76.3029
5267.93,-2246.43,78.1576
5272.14,-2248.23,80.0106
5276.36,-2250.03,81.865
5280.57,-2251.83,83.6809
5284.78,-2253.63,85.4975
5289,-2255.43,87.3156
5293.21,-2257.23,89.132
5297.43,-2259.03,90.8665
5301.64,-2260.83,92.5987
5305.85,-2262.63,94.3311
5310.07,-2264.43,96.0657
5314.28,-2266.23,97.7307
5318.52,-2268.03,99.408
5322.74,-2269.83,101.075
5326.98,-2271.63,102.955
5331.2,-2273.43,104.822
5335.41,-2275.23,106.688
5339.63,-2277.03,108.557
5343.84,-2278.83,110.374
5348.06,-2280.63,112.194
5352.27,-2282.43,114.011
5356.49,-2284.23,115.83
5360.7,-2286.03,117.605
5364.91,-2287.83,119.38
5369.13,-2289.63,121.157
5373.34,-2291.43,123.039
5377.56,-2293.23,124.923
5381.77,-2295.03,126.803
5385.98,-2296.83,128.685
5390.2,-2298.63,130.314
5394.41,-2300.43,131.941
5398.63,-2302.23,133.569
5402.84,-2304.03,135.381
5407.06,-2305.83,137.194
5411.27,-2307.63,139.005
5415.48,-2309.43,140.816
5419.72,-2311.23,142.671
5423.94,-2313.03,144.516
5428.19,-2314.83,146.374
5432.4,-2316.63,148.196
5436.62,-2318.43,150.019
5440.83,-2320.23,151.837
5445.04,-2322.03,153.658
5449.26,-2323.83,155.539
5453.47,-2325.63,157.418
5457.69,-2327.43,159.299
5461.9,-2329.23,161.115
5466.11,-2331.03,162.93
5470.33,-2332.83,164.751
5474.55,-2334.63,166.568
5478.76,-2336.43,168.343
5482.98,-2338.23,170.117
5487.19,-2340.03,171.891
5491.4,-2341.83,173.664
5495.61,-2343.63,175.448
5499.83,-2345.43,177.234
5504.04,-2347.23,179.018
5508.26,-2349.03,180.817
5512.47,-2350.83,182.613
5516.69,-2352.63,184.411
5520.9,-2354.43,186.208
5525.14,-2356.23,188.054
5529.36,-2358.03,189.89
5533.57,-2359.83,191.724
5537.79,-2361.63,193.551
5542.01,-2363.43,195.379
5546.23,-2365.23,197.207
5550.44,-2367.03,199.033
5554.65,-2368.83,200.889
5558.87,-2370.63,202.746
5563.08,-2372.43,204.603
5567.3,-2374.23,206.441
5571.51,-2376.03,208.277
5575.72,-2377.83,210.114
5579.93,-2379.63,211.953
5584.15,-2381.43,213.809
5588.37,-2383.23,215.665
5592.58,-2385.03,217.52
5596.8,-2386.83,219.359
5601.01,-2388.63,221.195
5605.22,-2390.43,223.031
5609.44,-2392.23,224.87
5613.65,-2394.03,226.626
5617.87,-2395.83,228.384
5622.11,-2397.63,230.153
5626.36,-2399.43,231.924
5630.57,-2401.23,233.669
5634.79,-2403.03,235.413
5639,-2404.83,237.159
5643.22,-2406.63,238.966
5647.43,-2408.43,240.774
5651.64,-2410.23,242.579
5655.86,-2412.03,244.386
5660.07,-2413.83,246.231
5664.29,-2415.63,248.074
5668.5,-2417.43,249.919
5672.72,-2419.23,251.751
5676.93,-2421.03,253.585
5681.14,-2422.83,255.417
5685.36,-2424.63,257.249
5689.57,-2426.43,259.045
5693.79,-2428.23,260.839
5698.01,-2430.03,262.634
5702.22,-2431.83,264.428
5706.44,-2433.63,266.225
5710.65,-2435.43,268.018
5714.86,-2437.23,269.812
5719.08,-2439.03,271.64
5723.29,-2440.83,273.468
5727.54,-2442.63,275.309
5731.75,-2444.43,277.173
5736.01,-2446.23,279.055
5740.22,-2448.03,280.922
5744.44,-2449.83,282.786
5748.66,-2451.63,284.607
5752.87,-2453.43,286.427
5757.09,-2455.23,288.248
5761.3,-2457.03,290.066
5765.51,-2458.83,291.862
5769.73,-2460.63,293.659
5773.94,-2462.43,295.454
5778.16,-2464.23,297.237
5782.37,-2466.03,299.019
5786.59,-2467.83,300.802
5790.8,-2469.63,302.583
5795.01,-2471.43,304.406
5799.23,-2473.23,306.231
5803.44,-2475.03,308.054
5807.66,-2476.83,309.879
5811.87,-2478.63,311.701
5816.08,-2480.43,313.523
5820.3,-2482.23,315.348
5824.51,-2484.03,317.075
5828.76,-2485.83,318.816
5832.97,-2487.63,320.543
5837.19,-2489.43,322.456
5841.4,-2491.23,324.364
5845.62,-2493.03,326.274
5849.84,-2494.83,328.184
5854.08,-2496.64,330.08
5858.3,-2498.44,331.964
5862.52,-2500.24,333.846
5866.73,-2502.04,335.681
5870.94,-2503.84,337.513
5875.16,-2505.64,339.344
5879.38,-2507.44,341.175
5883.59,-2509.24,343.027
5887.81,-2511.04,344.877
5892.02,-2512.84,346.721
5896.24,-2514.64,348.558
5900.45,-2516.44,350.319
5904.67,-2518.24,352.062
5908.88,-2520.04,353.773
5913.1,-2521.84,355.4
5917.31,-2523.64,356.849
5921.53,-2525.44,357.74
5925.77,-2527.24,357.409
5929.99,-2529.04,356.134
5934.2,-2530.84,354.541
5938.42,-2532.64,352.839
5942.63,-2534.44,351.096
5946.85,-2536.24,349.326
5951.06,-2538.04,347.545
5955.28,-2539.84,345.756
5959.49,-2541.64,343.935
5963.71,-2543.44,342.114
5967.92,-2545.24,340.287
5972.14,-2547.04,338.427
5976.36,-2548.84,336.563
5980.57,-2550.64,334.7
5984.78,-2552.44,332.836
5989,-2554.24,330.972
5993.21,-2556.04,329.109
5997.43,-2557.84,327.243
6001.64,-2559.64,325.361
6005.86,-2561.44,323.479
6010.07,-2563.24,321.595
6014.28,-2565.04,319.713
6018.5,-2566.84,317.794
6022.74,-2568.64,315.864
6026.99,-2570.44,313.931
6031.2,-2572.24,312.012
6035.41,-2574.04,310.546
6039.63,-2575.84,309.079
6043.84,-2577.64,307.614
6048.06,-2579.44,306.054
6052.27,-2581.24,304.495
6056.49,-2583.04,302.935
6060.7,-2584.84,301.377
6064.91,-2586.64,299.548
6069.13,-2588.44,297.716
6073.35,-2590.24,295.886
6077.56,-2592.04,294.111
6081.77,-2593.84,292.339
6085.99,-2595.64,290.566
6090.2,-2597.44,288.791
6094.42,-2599.24,286.919
6098.63,-2601.04,285.044
6102.85,-2602.84,283.172
6107.06,-2604.64,281.297
6111.28,-2606.44,279.492
6115.49,-2608.24,277.687
6119.7,-2610.04,275.88
6123.94,-2611.84,274.058
6128.19,-2613.64,272.233
6132.4,-2615.44,270.421
6136.62,-2617.24,268.608
6140.83,-2619.04,266.807
6145.05,-2620.84,265.005
6149.27,-2622.64,263.202
6153.48,-2624.44,261.538
6157.7,-2626.24,259.873
6161.91,-2628.04,258.21
6166.16,-2629.84,256.533
6170.38,-2631.64,254.83
6174.59,-2633.44,253.129
6178.81,-2635.24,251.426
6183.02,-2637.04,249.591
6187.24,-2638.84,247.755
6191.45,-2640.64,245.921
6195.66,-2642.44,244.086
6199.88,-2644.24,242.32
6204.1,-2646.04,240.555
6208.31,-2647.84,238.789
6212.53,-2649.64,237.003
6216.74,-2651.44,235.214
6220.95,-2653.24,233.429
6225.19,-2655.04,231.63
6229.44,-2656.84,229.822
6233.66,-2658.64,228.027
6237.87,-2660.44,226.231
6242.09,-2662.24,224.437
6246.31,-2664.04,222.701
6250.52,-2665.84,220.968
6254.73,-2667.64,219.234
6258.95,-2669.44,217.312
6263.16,-2671.24,215.391
6267.4,-2673.04,213.461
6271.65,-2674.84,211.525
6275.92,-2676.64,209.708
6280.27,-2678.44,207.853
6284.58,-2680.24,206.014
6288.8,-2682.04,204.213
6293.02,-2683.84,202.412
6297.28,-2685.64,200.599
6301.58,-2687.44,198.781
6305.81,-2689.24,196.998
6310.03,-2691.04,195.217
6314.24,-2692.84,193.439
6318.46,-2694.64,191.628
6322.68,-2696.44,189.817
6326.97,-2698.24,187.975
6331.19,-2700.04,186.166
6335.4,-2701.84,184.346
6339.62,-2703.64,182.525
6343.83,-2705.44,180.706
6348.05,-2707.24,178.943
6352.27,-2709.04,177.18
6356.49,-2710.84,175.416
6360.7,-2712.64,173.655
6364.91,-2714.44,171.788
6369.13,-2716.24,169.917
6373.35,-2718.04,168.049
6377.56,-2719.84,166.253
6381.78,-2721.64,164.459
6385.99,-2723.44,162.664
6390.21,-2725.24,160.868
6394.43,-2727.04,159.045
6398.65,-2728.84,157.218
6402.86,-2730.64,155.394
6407.31,-2732.44,153.39
6411.52,-2734.24,151.49
6415.73,-2736.04,149.589
6419.95,-2737.84,147.687
6424.17,-2739.64,145.983
6428.45,-2741.44,144.253
6432.73,-2743.24,142.521
6436.95,-2745.04,140.815
6441.16,-2746.84,139.076
6445.38,-2748.64,137.336
6449.6,-2750.44,135.595
6453.81,-2752.24,134.05
6458.03,-2754.04,132.504
6462.25,-2755.84,130.962
6466.68,-2757.64,129.053
6470.89,-2759.44,127.238
6475.11,-2761.24,125.422
6479.33,-2763.04,123.606
6483.54,-2764.84,121.835
6487.76,-2766.64,120.06
6492,-2768.44,118.29
6496.22,-2770.24,116.506
6500.43,-2772.04,114.679
6504.65,-2773.84,112.851
6508.87,-2775.64,111.021
6513.08,-2777.44,109.215
6517.3,-2779.24,107.406
6521.51,-2781.04,105.601
6525.73,-2782.84,103.795
6530,-2784.64,101.951
6534.22,-2786.44,100.129
6538.44,-2788.24,98.3085
6542.65,-2790.04,96.4555
6546.87,-2791.84,94.5992
6551.09,-2793.64,92.7462
6555.3,-2795.44,90.893
6559.52,-2797.24,89.0635
6563.73,-2799.04,87.2347
6567.95,-2800.84,85.4042
6572.17,-2802.64,83.5766
6576.39,-2804.44,81.756
6580.6,-2806.24,79.9367
6584.81,-2808.04,78.1188
6589.03,-2809.84,76.3272
6593.25,-2811.64,74.5375
6597.47,-2813.44,72.7467
6601.68,-2815.24,70.9472
6605.9,-2817.04,69.147
6610.12,-2818.84,67.3468
6614.33,-2820.64,65.548
6618.55,-2822.44,63.7581
6622.77,-2824.24,61.969
6627.01,-2826.04,60.1674
6631.25,-2827.84,58.3694
6635.47,-2829.64,56.5812
6639.69,-2831.44,54.7897
6643.9,-2833.24,53.0011
6648.12,-2835.04,51.2329
6652.34,-2836.84,49.4663
6656.56,-2838.64,47.6995
6660.77,-2840.44,45.935
6664.98,-2842.24,44.1026
6669.21,-2844.04,42.2659
6673.42,-2845.84,40.4323
6677.64,-2847.64,38.5976
6681.85,-2849.44,36.714
6686.07,-2851.24,34.8291
6690.29,-2853.04,32.9436
6694.5,-2854.84,31.1133
6698.72,-2856.64,29.2803
6702.93,-2858.44,27.45
6707.16,-2860.24,25.6188
6711.37,-2862.04,23.8274
6715.58,-2863.84,22.0378
6719.8,-2865.65,20.2485
6724.02,-2867.45,18.4387
6728.27,-2869.25,16.6162
6732.51,-2871.05,14.7988
6736.73,-2872.85,12.9957
6740.94,-2874.65,11.1602
6745.16,-2876.45,9.33372
6749.37,-2878.25,7.52437
6753.58,-2880.05,5.7575
