4.2926,-1.8,0.306467
8.8343,-3.6,0.306467
13.0714,-5.4,0.306467
17.2912,-7.2,0.306467
21.511,-9,0.306467
25.7232,-10.8,0.870425
29.972,-12.6,1.88755
34.189,-14.4,2.91071
38.4005,-16.2,4.96651
42.6164,-18,7.0257
46.8307,-19.8,9.084
51.0466,-21.6,11.1432
55.2605,-23.4,13.2535
59.4746,-25.2,15.364
63.693,-27,17.4765
67.9067,-28.8,19.4179
72.1265,-30.6,21.362
76.3393,-32.4,23.303
80.5544,-34.2,25.2442
84.7745,-36,27.1933
88.9911,-37.8,29.1398
93.211,-39.6,31.0883
97.4276,-41.4,32.9677
101.649,-43.2,34.8515
105.863,-45,36.7308
110.076,-46.8,38.6101
114.301,-48.6,40.3672
118.519,-50.4,42.1226
122.74,-52.2,43.8791
126.955,-54,45.6336
131.205,-55.8,47.2968
135.418,-57.6,48.9459
139.637,-59.4,50.5965
143.856,-61.2,52.2592
148.07,-63,53.9201
152.287,-64.8,55.5818
156.5,-66.6,57.2418
160.715,-68.4,58.9855
164.934,-70.2,60.7303
169.149,-72,62.4742
173.368,-73.8,64.2103
177.587,-75.6,65.9461
181.805,-77.4,67.6814
186.019,-79.2,69.4155
190.232,-81,71.2008
194.452,-82.8,72.9887
198.666,-84.6,74.7742
202.887,-86.4,76.5617
207.102,-88.2,78.3874
211.321,-90,80.2135
215.534,-91.8,82.0378
219.751,-93.6,83.8471
223.971,-95.4,85.6572
228.188,-97.2,87.4663
232.432,-99,89.2424
236.649,-100.8,91.0086
240.861,-102.6,92.7715
245.081,-104.4,94.5372
249.292,-106.2,96.0982
253.512,-108,97.6618
257.728,-109.8,99.2241
261.945,-111.6,100.787
266.154,-113.4,102.589
270.414,-115.2,104.394
274.635,-117,106.222
278.91,-118.8,108.082
283.13,-120.6,109.919
287.347,-122.4,111.754
291.564,-124.2,113.59
295.777,-126,115.404
299.989,-127.8,117.218
304.209,-129.6,119.036
308.42,-131.4,120.907
312.641,-133.2,122.783
316.86,-135,124.659
321.077,-136.8,126.533
325.286,-138.6,128.209
329.506,-140.4,129.888
333.749,-142.2,131.577
337.966,-144,133.255
342.183,-145.8,135.122
346.394,-147.6,136.986
350.61,-149.4,138.852
354.827,-151.2,140.69
359.039,-153,142.525
363.257,-154.8,144.363
367.47,-156.6,146.19
371.687,-158.4,148.019
375.898,-160.2,149.844
380.112,-162,151.671
384.33,-163.8,153.489
388.543,-165.6,155.305
392.762,-167.4,157.123
396.975,-169.2,158.94
401.194,-171,160.808
405.405,-172.8,162.673
409.621,-174.6,164.541
413.843,-176.4,166.38
418.056,-178.2,168.215
422.274,-180,170.052
426.487,-181.8,171.887
430.699,-183.6,173.687
434.942,-185.4,175.499
439.155,-187.2,177.299
443.372,-189,179.103
447.586,-190.8,180.905
451.803,-192.6,182.708
456.014,-194.4,184.509
460.227,-196.2,186.294
464.446,-198,188.082
468.659,-199.8,189.866
472.876,-201.6,191.653
477.091,-203.4,193.452
481.31,-205.2,195.251
485.522,-207,197.05
489.738,-208.8,198.836
493.956,-210.6,200.624
498.168,-212.4,202.409
502.387,-214.2,204.216
506.6,-216,206.02
510.812,-217.8,207.824
515.035,-219.6,209.631
519.25,-221.4,211.447
523.468,-223.2,213.264
527.682,-225,215.079
531.901,-226.8,216.896
536.141,-228.6,218.737
540.355,-230.4,220.566
544.575,-232.2,222.398
548.789,-234,224.199
553.008,-235.8,226.003
557.222,-237.6,227.804
561.44,-239.4,229.608
565.653,-241.2,231.443
569.866,-243,233.278
574.086,-244.8,235.117
578.301,-246.6,236.935
582.521,-248.4,238.756
586.736,-250.2,240.574
590.99,-252,242.409
595.203,-253.8,244.222
599.418,-255.6,246.037
603.638,-257.4,247.853
607.852,-259.2,249.667
612.07,-261,251.49
616.284,-262.8,253.311
620.498,-264.6,255.132
624.716,-266.4,256.945
628.931,-268.2,258.755
633.148,-270,260.568
637.387,-271.8,262.389
641.609,-273.6,264.202
645.82,-275.4,266.011
650.036,-277.2,267.821
654.256,-279,269.625
658.471,-280.8,271.426
662.689,-282.6,273.229
666.902,-284.4,275.03
671.124,-286.2,276.861
675.338,-288,278.688
679.553,-289.8,280.516
683.772,-291.6,282.357
687.986,-293.4,284.196
692.207,-295.2,286.037
696.418,-297,287.874
700.638,-298.8,289.706
704.857,-300.6,291.536
709.07,-302.4,293.364
713.288,-304.2,295.202
717.507,-306,297.04
721.728,-307.8,298.879
725.942,-309.6,300.714
730.155,-311.4,302.535
734.373,-313.2,304.358
738.615,-315,306.191
742.836,-316.8,308.015
747.05,-318.6,309.837
751.268,-320.4,311.661
755.484,-322.2,313.483
759.698,-324,315.283
763.916,-325.8,317.085
768.135,-327.6,318.887
772.355,-329.4,320.689
776.569,-331.2,322.503
780.782,-333,324.318
785.003,-334.8,326.135
789.271,-336.6,327.969
793.494,-338.4,329.783
797.709,-340.2,331.593
801.929,-342,333.404
806.142,-343.8,335.225
810.357,-345.6,337.045
814.583,-347.4,338.869
818.797,-349.2,340.704
823.017,-351,342.541
827.232,-352.8,344.375
831.453,-354.6,346.211
835.666,-356.4,348.032
839.906,-358.2,349.863
844.126,-360,351.68
848.342,-361.8,353.482
852.561,-363.6,355.266
856.805,-365.4,357.003
861.025,-367.2,358.466
865.24,-369,358.458
869.457,-370.8,357.016
873.677,-372.6,355.315
877.892,-374.4,353.552
882.11,-376.199,351.767
886.324,-377.999,349.975
890.539,-379.799,348.176
894.763,-381.599,346.381
898.978,-383.399,344.588
903.196,-385.199,342.791
907.409,-386.999,340.996
911.633,-388.799,339.182
915.85,-390.599,337.37
920.064,-392.399,335.56
924.281,-394.199,333.749
928.495,-395.999,331.94
932.714,-397.799,330.128
936.93,-399.599,328.318
941.149,-401.399,326.49
945.362,-403.199,324.666
949.576,-404.999,322.841
953.792,-406.799,321.048
958.007,-408.599,319.254
962.227,-410.399,317.459
966.441,-412.199,315.665
970.655,-413.999,314.085
974.876,-415.799,312.502
979.09,-417.599,310.921
983.308,-419.399,309.177
987.525,-421.199,307.434
991.744,-422.999,305.689
995.957,-424.799,303.948
1000.17,-426.599,302.179
1004.39,-428.399,300.407
1008.61,-430.199,298.637
1012.83,-431.999,296.866
1017.04,-433.799,295.118
1021.26,-435.599,293.37
1025.48,-437.399,291.624
1029.69,-439.199,289.771
1033.91,-440.999,287.918
1038.15,-442.799,286.056
1042.37,-444.599,284.201
1046.59,-446.399,282.383
1050.8,-448.199,280.565
1055.02,-449.999,278.746
1059.24,-451.799,276.955
1063.46,-453.599,275.163
1067.67,-455.399,273.374
1071.89,-457.199,271.581
1076.11,-458.999,269.793
1080.32,-460.799,268.004
1084.54,-462.599,266.213
1088.76,-464.399,264.54
1092.98,-466.199,262.866
1097.19,-467.999,261.194
1101.41,-469.799,259.52
1105.63,-471.599,257.793
1109.84,-473.399,256.064
1114.06,-475.199,254.336
1118.28,-476.999,252.608
1122.5,-478.799,250.753
1126.72,-480.599,248.901
1130.96,-482.399,247.035
1135.18,-484.199,245.297
1139.43,-485.999,243.549
1143.65,-487.799,241.809
1147.86,-489.599,240.06
1152.08,-491.399,238.31
1156.3,-493.199,236.563
1160.51,-494.999,234.813
1164.73,-496.799,233.065
1168.95,-498.599,231.318
1173.17,-500.399,229.569
1177.39,-502.199,227.821
1181.61,-503.999,226.064
1185.82,-505.799,224.311
1190.04,-507.599,222.558
1194.26,-509.399,220.715
1198.48,-511.199,218.875
1202.7,-512.999,217.033
1206.92,-514.799,215.191
1211.14,-516.599,213.363
1215.36,-518.399,211.538
1219.58,-520.199,209.714
1223.8,-521.999,207.865
1228.01,-523.799,206.016
1232.23,-525.599,204.167
1236.45,-527.398,202.319
1240.68,-529.198,200.416
1244.9,-530.998,198.522
1249.12,-532.798,196.628
1253.34,-534.598,194.732
1257.56,-536.398,192.916
1261.78,-538.198,191.099
1265.99,-539.998,189.284
1270.21,-541.798,187.497
1274.43,-543.598,185.711
1278.65,-545.398,183.923
1282.87,-547.198,182.135
1287.09,-548.998,180.333
1291.31,-550.798,178.53
1295.53,-552.598,176.729
1299.75,-554.398,174.942
1303.97,-556.198,173.153
1308.18,-557.998,171.368
1312.4,-559.798,169.581
1316.62,-561.598,167.787
1320.84,-563.398,165.993
1325.05,-565.198,164.199
1329.27,-566.998,162.384
1333.49,-568.798,160.569
1337.7,-570.598,158.756
1341.95,-572.398,156.929
1346.17,-574.198,155.108
1350.38,-575.998,153.285
1354.6,-577.798,151.461
1358.82,-579.598,149.631
1363.04,-581.398,147.799
1367.25,-583.198,145.968
1371.47,-584.998,144.135
1375.69,-586.798,142.318
1379.9,-588.598,140.499
1384.12,-590.398,138.679
1388.34,-592.198,136.873
1392.56,-593.998,135.065
1396.81,-595.798,133.243
1401.03,-597.598,131.435
1405.25,-599.398,129.616
1409.47,-601.198,127.796
1413.68,-602.998,125.975
1417.9,-604.798,124.154
1422.12,-606.598,122.336
1426.34,-608.398,120.521
1430.55,-610.198,118.705
1434.77,-611.998,116.907
1438.99,-613.798,115.111
1443.23,-615.598,113.303
1447.45,-617.398,111.506
1451.67,-619.198,109.672
1455.88,-620.998,107.84
1460.1,-622.798,106.008
1464.32,-624.598,104.187
1468.53,-626.398,102.368
1472.76,-628.198,100.545
1476.97,-629.998,98.7259
1481.19,-631.798,96.9043
1485.41,-633.598,95.0848
1489.63,-635.398,93.2642
1493.91,-637.198,91.4183
1498.26,-638.998,89.5227
1502.55,-640.798,87.6489
1506.79,-642.598,85.8094
1511.02,-644.398,83.9937
1515.23,-646.198,82.1935
1519.46,-647.998,80.389
1523.68,-649.798,78.5859
1527.9,-651.598,76.754
1532.12,-653.398,74.919
1536.34,-655.198,73.089
1540.55,-656.998,71.2633
1544.81,-658.798,69.4167
1549.03,-660.598,67.5905
1553.25,-662.398,65.7629
1557.47,-664.198,63.9358
1561.75,-665.998,62.1067
1565.97,-667.798,60.2507
1570.19,-669.598,58.4309
1574.41,-671.398,56.6097
1578.63,-673.198,54.7887
1582.85,-674.997,52.9674
1587.06,-676.797,51.1477
1591.28,-678.597,49.3265
1595.5,-680.397,47.5074
1599.72,-682.197,45.6739
1603.93,-683.997,43.8392
1608.15,-685.797,42.0054
1612.37,-687.597,40.1709
1616.59,-689.397,38.326
1620.81,-691.197,36.4831
1625.03,-692.997,34.6382
1629.24,-694.797,32.7708
1633.46,-696.597,30.9008
1637.68,-698.397,29.0339
1641.9,-700.197,27.1655
1646.14,-701.997,25.3043
1650.35,-703.797,23.452
1654.58,-705.597,21.5988
1658.79,-707.397,19.7481
1663.01,-709.197,17.8983
1667.23,-710.997,16.0529
1671.45,-712.797,14.2059
1675.66,-714.597,12.3889
1679.88,-716.397,10.5737
1684.1,-718.197,8.76194
1688.32,-719.997,6.96209
1692.54,-721.797,5.17661
1696.75,-723.597,3.44317
1701.01,-725.397,1.87674
1705.22,-727.197,1.39883
1709.43,-728.997,2.63371
1713.65,-730.797,4.30263
1717.87,-732.597,6.05281
1722.09,-734.397,7.83283
1726.3,-736.197,9.62225
1730.51,-737.997,11.4208
1734.73,-739.797,13.2322
1738.95,-741.597,15.0436
1743.17,-743.397,16.8583
1747.41,-745.197,18.6831
1751.63,-746.997,20.5047
1755.85,-748.797,22.3226
1760.06,-750.597,24.143
1764.28,-752.397,25.9636
1768.5,-754.197,27.7831
1772.72,-755.997,29.6058
1776.94,-757.797,31.4257
1781.16,-759.597,33.2323
1785.37,-761.397,35.0376
1789.59,-763.197,36.8435
1793.81,-764.997,38.6515
1798.03,-766.797,40.4482
1802.25,-768.597,42.2468
1806.46,-770.397,44.0432
1810.68,-772.197,45.6117
1814.9,-773.997,47.1832
1819.12,-775.797,48.7537
1823.34,-777.597,50.4592
1827.56,-779.397,52.1621
1831.78,-781.197,53.8675
1835.99,-782.997,55.5703
1840.21,-784.797,57.2763
1844.43,-786.597,58.9833
1848.67,-788.397,60.7
1852.89,-790.197,62.4085
1857.11,-791.997,64.0814
1861.33,-793.797,65.7561
1865.54,-795.597,67.4272
1869.76,-797.397,69.238
1873.98,-799.197,71.0493
1878.2,-800.997,72.8596
1882.42,-802.797,74.6703
1886.63,-804.597,76.5063
1890.85,-806.397,78.3412
1895.07,-808.197,80.1778
1899.29,-809.997,82.0035
1903.51,-811.797,83.8335
1907.73,-813.597,85.6613
1911.95,-815.397,87.4888
1916.16,-817.197,89.2877
1920.38,-818.997,91.0908
1924.6,-820.797,92.8928
1928.82,-822.596,94.6936
1933.04,-824.396,96.407
1937.26,-826.196,98.1193
1941.48,-827.996,99.8323
1945.69,-829.796,101.523
1949.94,-831.596,103.224
1954.16,-833.396,104.918
1958.37,-835.196,106.741
1962.59,-836.996,108.566
1966.81,-838.796,110.391
1971.03,-840.596,112.215
1975.25,-842.396,113.907
1979.46,-844.196,115.6
1983.68,-845.996,117.295
1987.9,-847.796,118.988
1992.12,-849.596,120.724
1996.33,-851.396,122.457
2000.55,-853.196,124.19
2004.77,-854.996,125.998
2008.99,-856.796,127.804
2013.21,-858.596,129.614
2017.43,-860.396,131.421
2021.65,-862.196,133.175
2025.86,-863.996,134.925
2030.08,-865.796,136.677
2034.3,-867.596,138.529
2038.52,-869.396,140.381
2042.74,-871.196,142.234
2046.96,-872.996,144.086
2051.2,-874.796,145.874
2055.42,-876.596,147.65
2059.63,-878.396,149.427
2063.85,-880.196,151.206
2068.07,-881.996,153.021
2072.29,-883.796,154.839
2076.51,-885.596,156.656
2080.72,-887.396,158.468
2084.94,-889.196,160.281
2089.16,-890.996,162.092
2093.38,-892.796,163.905
2097.59,-894.596,165.706
2101.81,-896.396,167.508
2106.03,-898.196,169.307
2110.24,-899.996,171.102
2114.46,-901.796,172.898
2118.68,-903.596,174.694
2122.9,-905.396,176.491
2127.12,-907.196,178.297
2131.34,-908.996,180.103
2135.55,-910.796,181.906
2139.77,-912.596,183.707
2143.98,-914.396,185.508
2148.2,-916.196,187.308
2152.44,-917.996,189.12
2156.66,-919.796,190.913
2160.87,-921.596,192.707
2165.09,-923.396,194.503
2169.31,-925.196,196.327
2173.53,-926.996,198.154
2177.75,-928.796,199.98
2181.97,-930.596,201.807
2186.18,-932.396,203.643
2190.46,-934.196,205.507
2194.68,-935.996,207.346
2198.9,-937.796,209.152
2203.12,-939.596,210.956
2207.34,-941.396,212.76
2211.56,-943.196,214.564
2215.78,-944.996,216.335
2220,-946.796,218.107
2224.22,-948.596,219.88
2228.44,-950.396,221.651
2232.66,-952.196,223.416
2236.88,-953.996,225.181
2241.1,-955.796,226.946
2245.32,-957.596,228.806
2249.53,-959.396,230.667
2253.78,-961.196,232.541
2257.99,-962.996,234.401
2262.21,-964.796,236.219
2266.43,-966.596,238.033
2270.65,-968.396,239.85
2274.87,-970.195,241.629
2279.08,-971.995,243.406
2283.3,-973.795,245.184
2287.52,-975.595,246.963
2291.74,-977.395,248.817
2295.96,-979.195,250.668
2300.17,-980.995,252.519
2304.39,-982.795,254.355
2308.61,-984.595,256.191
2312.83,-986.395,258.027
2317.05,-988.195,259.862
2321.27,-989.995,261.738
2325.49,-991.795,263.61
2329.7,-993.595,265.483
2333.92,-995.395,267.357
2338.14,-997.195,269.173
2342.36,-998.995,270.99
2346.58,-1000.8,272.805
2350.79,-1002.6,274.611
2355.04,-1004.4,276.428
2359.26,-1006.2,278.235
2363.48,-1008,280.043
2367.69,-1009.8,281.848
2371.91,-1011.6,283.655
2376.12,-1013.4,285.458
2380.34,-1015.2,287.303
2384.56,-1017,289.149
2388.77,-1018.8,290.992
2393,-1020.6,292.839
2397.21,-1022.4,294.681
2401.43,-1024.2,296.524
2405.65,-1026,298.366
2409.86,-1027.8,300.184
2414.09,-1029.6,302.004
2418.3,-1031.4,303.822
2422.53,-1033.2,305.643
2426.74,-1035,307.465
2431.03,-1036.8,309.319
2435.24,-1038.6,311.141
2439.46,-1040.4,312.962
2443.68,-1042.2,314.821
2447.89,-1044,316.679
2452.11,-1045.8,318.538
2456.35,-1047.6,320.422
2460.57,-1049.4,322.294
2464.79,-1051.2,324.169
2469.01,-1053,326.024
2473.23,-1054.8,327.88
2477.45,-1056.6,329.736
2481.67,-1058.4,331.592
2485.88,-1060.2,333.427
2490.1,-1062,335.263
2494.32,-1063.8,337.1
2498.53,-1065.6,338.934
2502.76,-1067.4,340.769
2506.97,-1069.2,342.597
2511.19,-1071,344.426
2515.41,-1072.8,346.242
2519.63,-1074.6,348.059
2523.85,-1076.4,349.867
2528.07,-1078.2,351.664
2532.28,-1080,353.444
2536.5,-1081.8,355.184
2540.72,-1083.6,356.826
2544.94,-1085.4,358.1
2549.15,-1087.2,358.038
2553.37,-1089,356.716
2557.61,-1090.8,355.048
2561.83,-1092.6,353.3
2566.04,-1094.4,351.52
2570.26,-1096.2,349.721
2574.48,-1098,347.911
2578.7,-1099.8,346.089
2582.92,-1101.6,344.262
2587.13,-1103.4,342.433
2591.35,-1105.2,340.615
2595.57,-1107,338.797
2599.78,-1108.8,336.978
2604.01,-1110.6,335.155
2608.22,-1112.4,333.339
2612.44,-1114.2,331.519
2616.65,-1116,329.703
2620.87,-1117.8,327.907
2625.09,-1119.6,326.111
2629.31,-1121.4,324.317
2633.53,-1123.2,322.521
2637.74,-1125,320.73
2641.96,-1126.8,318.937
2646.18,-1128.6,317.147
2650.39,-1130.4,315.556
2654.61,-1132.2,313.962
2658.85,-1134,312.362
2663.07,-1135.8,310.768
2667.29,-1137.6,309.101
2671.51,-1139.4,307.431
2675.73,-1141.2,305.764
2679.94,-1143,304.054
2684.16,-1144.8,302.342
2688.38,-1146.6,300.632
2692.6,-1148.4,298.919
2696.82,-1150.2,297.224
2701.04,-1152,295.529
2705.25,-1153.8,293.836
2709.47,-1155.6,292.022
2713.69,-1157.4,290.206
2717.91,-1159.2,288.392
2722.13,-1161,286.575
2726.34,-1162.8,284.752
2730.56,-1164.6,282.927
2734.78,-1166.4,281.102
2739,-1168.2,279.278
2743.22,-1170,277.466
2747.44,-1171.8,275.656
2751.65,-1173.6,273.846
2755.87,-1175.4,272.052
2760.11,-1177.2,270.247
2764.33,-1179,268.45
2768.55,-1180.8,266.655
2772.76,-1182.6,264.906
2776.98,-1184.4,263.159
2781.2,-1186.2,261.411
2785.42,-1188,259.751
2789.64,-1189.8,258.09
2793.86,-1191.6,256.428
2798.07,-1193.4,254.769
2802.29,-1195.2,253.018
2806.51,-1197,251.268
2810.73,-1198.8,249.519
2814.95,-1200.6,247.767
2819.17,-1202.4,245.951
2823.4,-1204.2,244.133
2827.61,-1206,242.318
2831.83,-1207.8,240.514
2836.04,-1209.6,238.715
2840.26,-1211.4,236.914
2844.48,-1213.2,235.111
2848.69,-1215,233.189
2852.91,-1216.8,231.265
2857.13,-1218.6,229.343
2861.37,-1220.4,227.597
2865.59,-1222.2,225.862
2869.8,-1224,224.129
2874.02,-1225.8,222.393
2878.24,-1227.6,220.561
2882.46,-1229.4,218.729
2886.67,-1231.2,216.899
2890.89,-1233,215.112
2895.11,-1234.8,213.326
2899.32,-1236.6,211.54
2903.54,-1238.4,209.754
2907.76,-1240.2,207.943
2911.98,-1242,206.132
2916.19,-1243.8,204.323
2920.45,-1245.6,202.485
2924.66,-1247.4,200.663
2928.88,-1249.2,198.841
2933.1,-1251,197.018
2937.32,-1252.8,195.205
2941.54,-1254.6,193.392
2945.75,-1256.4,191.579
2949.97,-1258.2,189.767
2954.19,-1260,187.965
2958.4,-1261.8,186.165
2962.64,-1263.6,184.353
2966.86,-1265.4,182.554
2971.08,-1267.2,180.754
2975.29,-1269,178.957
2979.51,-1270.8,177.157
2983.73,-1272.6,175.336
2987.94,-1274.4,173.516
2992.16,-1276.2,171.696
2996.41,-1278,169.855
3000.77,-1279.8,167.966
3005.03,-1281.6,166.11
3009.25,-1283.4,164.281
3013.47,-1285.2,162.499
3017.69,-1287,160.718
3021.92,-1288.8,158.933
3026.13,-1290.6,157.137
3030.35,-1292.4,155.342
3034.57,-1294.2,153.544
3038.78,-1296,151.748
3043,-1297.8,149.937
3047.22,-1299.6,148.127
3051.44,-1301.4,146.316
3055.65,-1303.2,144.528
3059.87,-1305,142.737
3064.13,-1306.8,140.93
3068.34,-1308.6,139.141
3072.56,-1310.4,137.345
3076.81,-1312.2,135.541
3081.03,-1314,133.746
3085.24,-1315.8,131.948
3089.45,-1317.6,130.149
3093.67,-1319.4,128.35
3097.89,-1321.2,126.55
3102.11,-1323,124.75
3106.32,-1324.8,122.951
3110.53,-1326.6,121.153
3114.76,-1328.4,119.353
3118.98,-1330.2,117.512
3123.19,-1332,115.673
3127.41,-1333.8,113.835
3131.64,-1335.6,111.966
3135.85,-1337.4,110.101
3140.06,-1339.2,108.237
3144.28,-1341,106.396
3148.49,-1342.8,104.556
3152.71,-1344.6,102.715
3156.93,-1346.4,100.876
3161.15,-1348.2,99.0821
3165.38,-1350,97.2812
3169.6,-1351.8,95.4873
3173.82,-1353.6,93.6937
3178.04,-1355.4,91.8952
3182.26,-1357.2,90.093
3186.47,-1359,88.2952
3190.69,-1360.8,86.5085
3194.91,-1362.6,84.7214
3199.13,-1364.4,82.9351
3203.35,-1366.2,81.1476
3207.56,-1368,79.317
3211.78,-1369.8,77.4856
3216,-1371.6,75.6563
3220.22,-1373.4,73.8434
3224.44,-1375.2,72.0305
3228.65,-1377,70.221
3232.87,-1378.8,68.409
3237.09,-1380.6,66.569
3241.31,-1382.4,64.7279
3245.52,-1384.2,62.8881
3249.74,-1386.01,61.0479
3253.96,-1387.81,59.1705
3258.18,-1389.61,57.296
3262.4,-1391.41,55.4202
3266.64,-1393.21,53.5107
3270.86,-1395.01,51.6115
3275.08,-1396.81,49.7116
3279.29,-1398.61,47.8138
3283.52,-1400.41,45.9302
3287.73,-1402.21,44.0524
3291.95,-1404.01,42.1716
3296.17,-1405.81,40.3411
3300.38,-1407.61,38.509
3304.6,-1409.41,36.6754
3308.82,-1411.21,34.8443
3313.04,-1413.01,33.0081
3317.26,-1414.81,31.1745
3321.48,-1416.61,29.337
3325.7,-1418.41,27.5045
3329.91,-1420.21,25.6627
3334.13,-1422.01,23.8197
3338.35,-1423.81,21.9787
3342.57,-1425.61,20.148
3346.79,-1427.41,18.3196
3351.02,-1429.21,16.4914
3355.23,-1431.01,14.6709
3359.45,-1432.81,12.851
3363.67,-1434.61,11.0369
3367.89,-1436.41,9.23159
3372.1,-1438.21,7.44473
3376.32,-1440.01,5.68993
3380.53,-1441.81,4.00172
3384.74,-1443.61,2.51793
3388.96,-1445.41,1.84392
3393.18,-1447.21,2.70613
3397.39,-1449.01,4.25561
3401.61,-1450.81,5.98123
3405.82,-1452.61,7.76131
3410.03,-1454.41,9.56713
3414.25,-1456.21,11.3894
3418.47,-1458.01,13.2072
3422.69,-1459.81,15.0333
3426.9,-1461.61,16.8592
3431.12,-1463.41,18.6729
3435.34,-1465.21,20.4863
3439.55,-1467.01,22.301
3443.77,-1468.81,24.1191
3447.99,-1470.61,25.9208
3452.21,-1472.41,27.7252
3456.42,-1474.21,29.5263
3460.64,-1476.01,31.3277
3464.86,-1477.81,33.1301
3469.1,-1479.61,34.9422
3473.32,-1481.41,36.7447
3477.54,-1483.21,38.529
3481.76,-1485.01,40.3153
3485.97,-1486.81,42.0993
3490.19,-1488.61,43.7625
3494.41,-1490.41,45.4278
3498.63,-1492.21,47.0933
3502.85,-1494.01,48.7594
3507.06,-1495.81,50.4387
3511.28,-1497.61,52.1206
3515.5,-1499.41,53.7996
3519.72,-1501.21,55.4821
3523.94,-1503.01,57.2394
3528.15,-1504.81,58.9953
3532.37,-1506.61,60.7524
3536.59,-1508.41,62.4789
3540.8,-1510.21,64.2057
3545.02,-1512.01,65.9346
3549.24,-1513.81,67.6626
3553.46,-1515.61,69.4475
3557.67,-1517.41,71.2301
3561.89,-1519.21,73.0157
3566.11,-1521.01,74.8294
3570.35,-1522.81,76.6539
3574.58,-1524.61,78.4759
3578.79,-1526.41,80.29
3583.02,-1528.21,82.0868
3587.23,-1530.01,83.8809
3591.45,-1531.81,85.6781
3595.67,-1533.61,87.4658
3599.88,-1535.41,89.2553
3604.1,-1537.21,91.0461
3608.31,-1539.01,92.8347
3612.53,-1540.81,94.5786
3616.75,-1542.61,96.3208
3621.01,-1544.41,98.0827
3625.22,-1546.21,99.8246
3629.44,-1548.01,101.429
3633.66,-1549.81,103.033
3637.94,-1551.61,104.659
3642.16,-1553.41,106.281
3646.37,-1555.21,107.901
3650.59,-1557.01,109.522
3654.8,-1558.81,111.144
3659.02,-1560.61,112.98
3663.24,-1562.41,114.818
3667.46,-1564.21,116.654
3671.7,-1566.01,118.545
3675.91,-1567.81,120.422
3680.13,-1569.61,122.301
3684.35,-1571.41,124.181
3688.57,-1573.21,126.037
3692.79,-1575.01,127.894
3697.01,-1576.81,129.749
3701.22,-1578.61,131.436
3705.44,-1580.41,133.121
3709.65,-1582.21,134.806
3713.87,-1584.01,136.492
3718.09,-1585.81,138.303
3722.31,-1587.61,140.116
3726.52,-1589.41,141.926
3730.74,-1591.21,143.76
3734.96,-1593.01,145.595
3739.18,-1594.81,147.428
3743.4,-1596.61,149.265
3747.62,-1598.41,151.063
3751.84,-1600.21,152.862
3756.05,-1602.01,154.657
3760.27,-1603.81,156.453
3764.49,-1605.61,158.264
3768.71,-1607.41,160.074
3772.95,-1609.21,161.895
3777.17,-1611.01,163.708
3781.39,-1612.81,165.523
3785.61,-1614.61,167.336
3789.82,-1616.41,169.146
3794.04,-1618.21,170.959
3798.26,-1620.01,172.77
3802.48,-1621.81,174.583
3806.69,-1623.61,176.418
3810.9,-1625.41,178.253
3815.12,-1627.21,180.093
3819.34,-1629.01,181.93
3823.57,-1630.81,183.754
3827.78,-1632.61,185.574
3832,-1634.41,187.397
3836.21,-1636.21,189.189
3840.43,-1638.01,190.983
3844.65,-1639.81,192.777
3848.87,-1641.61,194.572
3853.09,-1643.41,196.356
3857.3,-1645.21,198.139
3861.52,-1647.01,199.922
3865.74,-1648.81,201.71
3869.95,-1650.61,203.498
3874.2,-1652.41,205.298
3878.41,-1654.21,207.085
3882.63,-1656.01,208.881
3886.85,-1657.81,210.675
3891.07,-1659.61,212.47
3895.28,-1661.41,214.262
3899.5,-1663.21,216.066
3903.72,-1665.01,217.869
3907.94,-1666.81,219.672
3912.16,-1668.61,221.465
3916.37,-1670.41,223.255
3920.59,-1672.21,225.048
3924.81,-1674.01,226.841
3929.02,-1675.81,228.656
3933.24,-1677.61,230.472
3937.46,-1679.41,232.287
3941.68,-1681.21,234.146
3945.89,-1683.01,236.002
3950.11,-1684.81,237.86
3954.33,-1686.61,239.72
3958.54,-1688.41,241.57
3962.76,-1690.21,243.424
3966.98,-1692.01,245.275
3971.2,-1693.81,247.097
3975.44,-1695.61,248.928
3979.66,-1697.41,250.748
3983.88,-1699.21,252.572
3988.1,-1701.01,254.354
3992.33,-1702.81,256.143
3998.73,-1704.61,258.849
4003.44,-1706.41,260.853
4007.86,-1708.21,262.746
4012.28,-1710.01,264.632
4016.69,-1711.81,266.336
4021.23,-1713.61,268.098
4025.81,-1715.41,269.872
4030.42,-1717.21,271.658
4034.9,-1719.01,273.462
4039.25,-1720.81,275.209
4043.55,-1722.61,276.937
4047.77,-1724.41,278.594
4051.99,-1726.21,280.254
4056.2,-1728.01,281.909
4060.41,-1729.81,283.565
4064.63,-1731.61,285.383
4068.84,-1733.41,287.198
4073.06,-1735.21,289.018
4077.32,-1737.01,290.931
4081.54,-1738.81,292.829
4085.75,-1740.61,294.724
4089.96,-1742.41,296.619
4094.18,-1744.21,298.391
4098.39,-1746.01,300.161
4102.61,-1747.81,301.933
4106.83,-1749.61,303.711
4111.04,-1751.41,305.489
4115.25,-1753.21,307.264
4119.47,-1755.02,309.039
4123.7,-1756.82,310.869
4127.91,-1758.62,312.693
4132.13,-1760.42,314.517
4136.34,-1762.22,316.339
4140.55,-1764.02,318.205
4144.77,-1765.82,320.072
4148.98,-1767.62,321.937
4153.2,-1769.42,323.795
4157.41,-1771.22,325.651
4161.63,-1773.02,327.509
4165.84,-1774.82,329.363
4170.06,-1776.62,331.197
4174.28,-1778.42,333.031
4178.52,-1780.22,334.876
4182.74,-1782.02,336.7
4186.95,-1783.82,338.519
4191.17,-1785.62,340.339
4195.38,-1787.42,342.156
4199.59,-1789.22,344.013
4203.81,-1791.02,345.869
4208.02,-1792.82,347.72
4212.24,-1794.62,349.559
4216.45,-1796.42,351.386
4220.66,-1798.22,353.197
4224.89,-1800.02,354.979
4229.1,-1801.82,356.653
4233.32,-1803.62,357.995
4237.53,-1805.42,358.08
4241.75,-1807.22,356.813
4245.96,-1809.02,355.163
4250.17,-1810.82,353.411
4254.39,-1812.62,351.619
4258.6,-1814.42,349.819
4262.81,-1816.22,348.007
4267.03,-1818.02,346.191
4271.24,-1819.82,344.364
4275.45,-1821.62,342.536
4279.69,-1823.42,340.694
4283.91,-1825.22,338.859
4288.12,-1827.02,337.03
4292.34,-1828.82,335.199
4296.55,-1830.62,333.369
4300.76,-1832.42,331.538
4304.98,-1834.22,329.687
4309.19,-1836.02,327.837
4313.41,-1837.82,325.986
4317.61,-1839.62,324.137
4321.83,-1841.42,322.281
4326.06,-1843.22,320.423
4330.27,-1845.02,318.568
4334.49,-1846.82,316.73
4338.77,-1848.62,314.867
4342.99,-1850.42,313.029
4347.2,-1852.22,311.429
4351.42,-1854.02,309.827
4355.63,-1855.82,308.228
4359.84,-1857.62,306.629
4364.06,-1859.42,304.854
4368.27,-1861.22,303.081
4372.49,-1863.02,301.306
4376.7,-1864.82,299.566
4380.94,-1866.62,297.815
4385.16,-1868.42,296.071
4389.37,-1870.22,294.33
4393.59,-1872.02,292.629
4397.8,-1873.82,290.929
4402.02,-1875.62,289.228
4406.23,-1877.42,287.423
4410.44,-1879.22,285.617
4414.66,-1881.02,283.809
4418.88,-1882.82,281.999
4423.11,-1884.62,280.185
4427.32,-1886.42,278.377
4431.54,-1888.22,276.569
4435.75,-1890.02,274.763
4439.97,-1891.82,272.953
4444.18,-1893.62,271.142
4448.4,-1895.42,269.333
4452.61,-1897.22,267.537
4456.83,-1899.02,265.742
4461.04,-1900.82,263.947
4465.26,-1902.62,262.152
4469.47,-1904.42,260.496
4473.69,-1906.22,258.837
4477.9,-1908.02,257.18
4482.14,-1909.82,255.58
4486.35,-1911.62,253.99
4490.57,-1913.42,252.4
4494.8,-1915.22,250.805
4499.08,-1917.02,249.143
4503.79,-1918.82,247.307
4508.02,-1920.62,245.664
4512.23,-1922.42,243.974
4516.44,-1924.22,242.287
4520.65,-1926.02,240.6
4524.89,-1927.82,238.899
4529.1,-1929.62,237.148
4533.31,-1931.42,235.395
4537.51,-1933.22,233.645
4541.72,-1935.02,231.749
4545.93,-1936.82,229.857
4550.13,-1938.62,227.964
4554.35,-1940.42,226.068
4558.55,-1942.22,224.3
4562.76,-1944.02,222.53
4566.97,-1945.82,220.761
4571.19,-1947.62,218.987
4575.4,-1949.42,217.133
4579.61,-1951.22,215.28
4583.87,-1953.02,213.406
4588.09,-1954.82,211.602
4592.31,-1956.62,209.797
4596.52,-1958.42,207.995
4600.73,-1960.22,206.192
4604.95,-1962.02,204.367
4609.16,-1963.82,202.544
4613.37,-1965.62,200.72
4617.59,-1967.42,198.895
4621.81,-1969.22,197.068
4626.05,-1971.02,195.232
4630.26,-1972.82,193.406
4634.48,-1974.62,191.619
4638.69,-1976.42,189.834
4642.91,-1978.22,188.048
4647.12,-1980.02,186.26
4651.33,-1981.82,184.471
4655.54,-1983.62,182.684
4659.76,-1985.42,180.897
4663.97,-1987.22,179.095
4668.18,-1989.02,177.295
4672.4,-1990.82,175.492
4676.61,-1992.62,173.691
4680.82,-1994.42,171.889
4685.06,-1996.22,170.073
4689.28,-1998.02,168.27
4693.49,-1999.82,166.462
4697.7,-2001.62,164.656
4701.92,-2003.42,162.849
4706.13,-2005.22,161.031
4710.34,-2007.02,159.211
4714.55,-2008.82,157.39
4718.77,-2010.62,155.57
4723.01,-2012.42,153.739
4727.22,-2014.22,151.921
4731.44,-2016.02,150.102
4735.65,-2017.82,148.286
4739.87,-2019.62,146.479
4744.08,-2021.42,144.67
4748.29,-2023.22,142.863
4752.51,-2025.02,141.071
4756.72,-2026.82,139.28
4760.96,-2028.62,137.478
4765.18,-2030.42,135.684
4769.39,-2032.22,133.89
4773.61,-2034.02,132.094
4777.82,-2035.82,130.301
4782.03,-2037.62,128.516
4786.27,-2039.42,126.723
4790.48,-2041.22,124.939
4794.7,-2043.02,123.154
4798.91,-2044.82,121.325
4803.13,-2046.62,119.493
4807.34,-2048.42,117.664
4811.56,-2050.22,115.832
4815.76,-2052.02,114.015
4819.98,-2053.82,112.196
4824.22,-2055.62,110.363
4828.44,-2057.42,108.5
4832.66,-2059.22,106.635
4836.87,-2061.02,104.771
4841.09,-2062.82,102.942
4845.3,-2064.62,101.116
4849.51,-2066.42,99.2895
4853.72,-2068.22,97.4611
4857.94,-2070.02,95.6212
4862.15,-2071.82,93.7786
4866.36,-2073.62,91.9392
4870.58,-2075.42,90.0987
4874.79,-2077.22,88.2772
4879,-2079.02,86.4575
4883.22,-2080.82,84.6358
4887.46,-2082.62,82.8222
4891.68,-2084.42,81.0166
4895.89,-2086.22,79.2135
4900.1,-2088.02,77.4107
4904.32,-2089.82,75.627
4908.53,-2091.62,73.8449
4912.74,-2093.42,72.0613
4916.96,-2095.22,70.2672
4921.17,-2097.02,68.4707
4925.41,-2098.82,66.6656
4929.63,-2100.62,64.8701
4933.84,-2102.42,63.0742
4938.05,-2104.22,61.2799
4942.27,-2106.02,59.4845
4946.48,-2107.82,57.6913
4950.69,-2109.62,55.8872
4954.91,-2111.42,54.0815
4959.12,-2113.22,52.2771
4963.34,-2115.02,50.4637
4967.55,-2116.82,48.6521
4971.77,-2118.62,46.8393
4975.98,-2120.42,45.0287
4980.19,-2122.22,43.2002
4984.41,-2124.02,41.3702
4988.65,-2125.82,39.5313
4992.86,-2127.62,37.6926
4997.08,-2129.43,35.8566
5001.29,-2131.23,34.0195
5005.5,-2133.03,32.1849
5009.72,-2134.83,30.36
5013.93,-2136.63,28.5331
5018.15,-2138.43,26.7087
5022.36,-2140.23,24.8856
5026.6,-2142.03,23.0547
5030.82,-2143.83,21.2356
5035.03,-2145.63,19.4167
5039.31,-2147.43,17.5922
5043.52,-2149.23,15.7943
5047.74,-2151.03,14.0016
5051.95,-2152.83,12.2133
5056.16,-2154.63,10.4356
5060.38,-2156.43,8.6689
5064.59,-2158.23,6.92431
5068.8,-2160.03,5.22029
5073.01,-2161.83,3.6181
5077.22,-2163.63,2.34306
5081.44,-2165.43,2.10441
5085.64,-2167.23,3.14841
5089.88,-2169.03,4.70087
5094.09,-2170.83,6.39319
5098.3,-2172.63,8.14387
5102.52,-2174.43,9.92185
5106.72,-2176.23,11.7116
5110.98,-2178.03,13.5411
5115.19,-2179.83,15.3596
5119.4,-2181.63,17.1832
5123.65,-2183.43,19.0231
5127.87,-2185.23,20.8475
5132.08,-2187.03,22.6743
5136.29,-2188.83,24.499
5140.51,-2190.63,26.3251
5144.72,-2192.43,28.1424
5148.94,-2194.23,29.9582
5153.15,-2196.03,31.7765
5157.36,-2197.83,33.5827
5161.58,-2199.63,35.3912
5165.79,-2201.43,37.1971
5170,-2203.23,39.0044
5174.22,-2205.03,40.7954
5178.43,-2206.83,42.5856
5182.65,-2208.63,44.378
5186.86,-2210.43,46.0103
5191.1,-2212.23,47.654
5195.31,-2214.03,49.2863
5199.52,-2215.83,50.9187
5203.74,-2217.63,52.5471
5207.95,-2219.43,54.1741
5212.17,-2221.23,55.803
5216.38,-2223.03,57.4297
5220.6,-2224.83,59.2307
5224.84,-2226.63,61.0446
5229.05,-2228.43,62.8452
5233.27,-2230.23,64.6595
5237.48,-2232.03,66.4719
5241.7,-2233.83,68.286
5245.91,-2235.63,70.0975
5250.12,-2237.43,71.9766
5254.34,-2239.23,73.8577
5258.55,-2241.03,75.7379
5262.77,-2242.83,77.6101
5266.98,-2244.63,79.4809
5271.2,-2246.43,81.3536
5275.41,-2248.23,83.2231
5279.62,-2250.03,85.0405
5283.84,-2251.83,86.8597
5288.05,-2253.63,88.6773
5292.29,-2255.43,90.4945
5296.5,-2257.23,92.3001
5300.72,-2259.03,94.1053
5304.93,-2260.83,95.9122
5309.14,-2262.63,97.6152
5313.36,-2264.43,99.3199
5317.57,-2266.23,101.023
5321.79,-2268.03,102.729
5326.02,-2269.83,104.444
5330.24,-2271.63,106.15
5334.46,-2273.43,107.856
5338.67,-2275.23,109.648
5342.89,-2277.03,111.441
5347.1,-2278.83,113.232
5351.32,-2280.63,115.026
5355.53,-2282.43,116.815
5359.74,-2284.23,118.605
5363.96,-2286.03,120.397
5368.17,-2287.83,122.212
5372.38,-2289.63,124.029
5376.59,-2291.43,125.844
5380.81,-2293.23,127.66
5385.02,-2295.03,129.559
5389.24,-2296.83,131.457
5393.48,-2298.63,133.366
5397.69,-2300.43,135.131
5401.91,-2302.23,136.897
5406.12,-2304.03,138.66
5410.33,-2305.83,140.424
5414.55,-2307.63,142.273
5418.76,-2309.43,144.121
5422.98,-2311.23,145.971
5427.22,-2313.03,147.772
5431.44,-2314.83,149.563
5435.65,-2316.63,151.352
5439.87,-2318.43,153.141
5444.08,-2320.23,154.93
5448.3,-2322.03,156.718
5452.52,-2323.83,158.508
5456.73,-2325.63,160.294
5460.98,-2327.43,162.127
5465.19,-2329.23,163.943
5469.4,-2331.03,165.758
5473.62,-2332.83,167.553
5477.83,-2334.63,169.345
5482.05,-2336.43,171.14
5486.26,-2338.23,172.932
5490.47,-2340.03,174.724
5494.71,-2341.83,176.53
5498.93,-2343.63,178.324
5503.15,-2345.43,180.124
5507.36,-2347.23,181.921
5511.57,-2349.03,183.721
5515.78,-2350.83,185.517
5520,-2352.63,187.33
5524.24,-2354.43,189.156
5528.45,-2356.23,190.968
5532.67,-2358.03,192.791
5536.88,-2359.83,194.612
5541.1,-2361.63,196.434
5545.31,-2363.43,198.255
5549.52,-2365.23,200.072
5553.74,-2367.03,201.891
5557.95,-2368.83,203.709
5562.17,-2370.63,205.519
5566.38,-2372.43,207.327
5570.59,-2374.23,209.136
5574.81,-2376.03,210.946
5579.02,-2377.83,212.738
5583.24,-2379.63,214.532
5587.45,-2381.43,216.325
5591.66,-2383.23,218.119
5595.9,-2385.03,219.93
5600.11,-2386.83,221.731
5604.33,-2388.63,223.534
5608.54,-2390.43,225.35
5612.76,-2392.23,227.168
5616.97,-2394.03,228.983
5621.19,-2395.83,230.802
5625.43,-2397.63,232.601
5629.65,-2399.43,234.39
5633.86,-2401.23,236.18
5638.08,-2403.03,237.988
5642.29,-2404.83,239.799
5646.51,-2406.63,241.607
5650.72,-2408.43,243.415
5654.94,-2410.23,245.227
5659.15,-2412.03,247.037
5663.37,-2413.83,248.848
5667.58,-2415.63,250.71
5671.79,-2417.43,252.575
5676.01,-2419.23,254.437
5680.22,-2421.03,256.3
5684.44,-2422.83,258.15
5688.65,-2424.63,259.999
5692.87,-2426.43,261.85
5697.1,-2428.23,263.709
5701.32,-2430.03,265.516
5705.53,-2431.83,267.319
5709.74,-2433.63,269.124
5713.96,-2435.43,270.903
5718.17,-2437.23,272.682
5722.39,-2439.03,274.462
5726.63,-2440.83,276.251
5730.85,-2442.63,278.052
5735.1,-2444.43,279.872
5739.32,-2446.23,281.672
5743.54,-2448.03,283.46
5747.75,-2449.83,285.246
5751.97,-2451.63,287.034
5756.18,-2453.43,288.819
5760.39,-2455.23,290.619
5764.61,-2457.03,292.42
5768.82,-2458.83,294.218
5773.04,-2460.63,296.032
5777.25,-2462.43,297.844
5781.47,-2464.23,299.657
5785.68,-2466.03,301.468
5789.89,-2467.83,303.29
5794.11,-2469.63,305.113
5798.34,-2471.43,306.945
5802.56,-2473.23,308.779
5806.81,-2475.03,310.625
5811.03,-2476.83,312.459
5815.24,-2478.63,314.29
5819.45,-2480.43,316.111
5823.67,-2482.23,317.935
5827.91,-2484.03,319.768
5832.13,-2485.83,321.591
5836.34,-2487.63,323.41
5840.55,-2489.43,325.23
5844.77,-2491.23,327.051
5848.98,-2493.03,328.85
5853.2,-2494.83,330.651
5857.41,-2496.64,332.448
5861.63,-2498.44,334.247
5865.84,-2500.24,336.052
5870.05,-2502.04,337.855
5874.27,-2503.84,339.658
5878.48,-2505.64,341.458
5882.7,-2507.44,343.256
5886.91,-2509.24,345.047
5891.12,-2511.04,346.833
5895.34,-2512.84,348.61
5899.58,-2514.64,350.381
5903.79,-2516.44,352.117
5908.01,-2518.24,353.816
5912.22,-2520.04,355.41
5916.43,-2521.84,356.737
5920.65,-2523.64,357.365
5924.89,-2525.44,356.826
5929.11,-2527.24,355.526
5933.33,-2529.04,353.936
5937.54,-2530.84,352.233
5941.76,-2532.64,350.459
5945.97,-2534.44,348.657
5950.18,-2536.24,346.839
5954.4,-2538.04,345.015
5958.61,-2539.84,343.186
5962.82,-2541.64,341.35
5967.04,-2543.44,339.51
5971.25,-2545.24,337.666
5975.46,-2547.04,335.823
5979.68,-2548.84,333.976
5983.89,-2550.64,332.154
5988.11,-2552.44,330.332
5992.32,-2554.24,328.507
5996.55,-2556.04,326.682
6000.88,-2557.84,324.813
6005.17,-2559.64,322.953
6009.39,-2561.44,321.129
6013.61,-2563.24,319.342
6017.82,-2565.04,317.556
6022.04,-2566.84,315.767
6026.28,-2568.64,313.967
6030.5,-2570.44,312.31
6034.72,-2572.24,310.652
6038.93,-2574.04,308.996
6043.15,-2575.84,307.419
6047.36,-2577.64,305.844
6051.58,-2579.44,304.267
6055.79,-2581.24,302.693
6060.01,-2583.04,300.94
6064.22,-2584.84,299.185
6068.44,-2586.64,297.431
6072.65,-2588.44,295.615
6076.87,-2590.24,293.802
6081.08,-2592.04,291.986
6085.29,-2593.84,290.173
6089.51,-2595.64,288.299
6093.72,-2597.44,286.421
6097.97,-2599.24,284.531
6102.19,-2601.04,282.655
6106.4,-2602.84,280.783
6110.62,-2604.64,278.909
6114.83,-2606.44,277.033
6119.04,-2608.24,275.225
6123.26,-2610.04,273.414
6127.5,-2611.84,271.593
6131.72,-2613.64,269.781
6135.94,-2615.44,267.997
6140.15,-2617.24,266.212
6144.37,-2619.04,264.426
6148.58,-2620.84,262.694
6152.8,-2622.64,260.961
6157.01,-2624.44,259.229
6161.23,-2626.24,257.496
6165.44,-2628.04,255.863
6169.65,-2629.84,254.229
6173.87,-2631.64,252.593
6178.08,-2633.44,250.96
6182.3,-2635.24,249.175
6186.51,-2637.04,247.391
6190.72,-2638.84,245.607
6194.94,-2640.64,243.781
6199.18,-2642.44,241.946
6203.4,-2644.24,240.119
6207.61,-2646.04,238.25
6211.83,-2647.84,236.38
6216.04,-2649.64,234.513
6220.25,-2651.44,232.645
6224.47,-2653.24,230.744
6228.71,-2655.04,228.832
6232.93,-2656.84,226.929
6237.14,-2658.64,225.029
6241.36,-2660.44,223.338
6245.57,-2662.24,221.649
6249.79,-2664.04,219.96
6254,-2665.84,218.141
6258.21,-2667.64,216.324
6262.43,-2669.44,214.506
6266.64,-2671.24,212.69
6270.86,-2673.04,210.871
6275.07,-2674.84,209.05
6279.29,-2676.64,207.231
6283.5,-2678.44,205.411
6287.71,-2680.24,203.594
6291.93,-2682.04,201.774
6296.14,-2683.84,199.958
6300.38,-2685.64,198.132
6304.6,-2687.44,196.314
6308.81,-2689.24,194.498
6313.03,-2691.04,192.68
6317.24,-2692.84,190.877
6321.46,-2694.64,189.07
6325.7,-2696.44,187.255
6329.91,-2698.24,185.455
6334.14,-2700.04,183.648
6338.35,-2701.84,181.849
6342.57,-2703.64,180.026
6346.79,-2705.44,178.204
6351,-2707.24,176.382
6355.21,-2709.04,174.561
6359.43,-2710.84,172.736
6363.64,-2712.64,170.909
6367.85,-2714.44,169.085
6372.07,-2716.24,167.257
6376.28,-2718.04,165.446
6380.49,-2719.84,163.633
6384.71,-2721.64,161.819
6388.92,-2723.44,160.023
6393.14,-2725.24,158.227
6397.35,-2727.04,156.431
6401.59,-2728.84,154.624
6405.81,-2730.64,152.834
6410.02,-2732.44,151.044
6414.24,-2734.24,149.254
6418.45,-2736.04,147.454
6422.67,-2737.84,145.65
6426.91,-2739.64,143.836
6431.13,-2741.44,142.033
6435.4,-2743.24,140.189
6439.61,-2745.04,138.366
6443.83,-2746.84,136.543
6448.05,-2748.64,134.72
6452.27,-2750.44,132.914
6456.48,-2752.24,131.11
6460.69,-2754.04,129.307
6464.91,-2755.84,127.537
6469.12,-2757.64,125.77
6473.34,-2759.44,124
6477.55,-2761.24,122.152
6481.76,-2763.04,120.3
6485.97,-2764.84,118.452
6490.19,-2766.64,116.603
6494.41,-2768.44,114.753
6498.62,-2770.24,112.905
6502.86,-2772.04,111.045
6507.07,-2773.84,109.198
6511.29,-2775.64,107.34
6515.5,-2777.44,105.484
6519.71,-2779.24,103.629
6523.93,-2781.04,101.834
6528.17,-2782.84,100.031
6532.39,-2784.64,98.237
6536.6,-2786.44,96.446
6540.81,-2788.24,94.6666
6545.03,-2790.04,92.8853
6549.24,-2791.84,91.1064
6553.46,-2793.64,89.296
6557.67,-2795.44,87.4867
6561.89,-2797.24,85.6757
6566.1,-2799.04,83.8678
6570.31,-2800.84,82.0627
6574.53,-2802.64,80.2563
6578.74,-2804.44,78.4515
6582.96,-2806.24,76.6448
6587.17,-2808.04,74.8373
6591.39,-2809.84,73.028
6595.6,-2811.64,71.2214
6599.81,-2813.44,69.4041
6604.05,-2815.24,67.5743
6608.27,-2817.04,65.7558
6612.48,-2818.84,63.9218
6616.69,-2820.64,62.0906
6620.9,-2822.44,60.261
6625.12,-2824.24,58.4266
6629.36,-2826.04,56.5808
6633.58,-2827.84,54.7447
6637.8,-2829.64,52.9109
6642.01,-2831.44,51.0765
6646.23,-2833.24,49.2453
6650.44,-2835.04,47.4132
6654.66,-2836.84,45.5796
6658.87,-2838.64,43.7384
6663.09,-2840.44,41.8977
6667.3,-2842.24,40.0587
6671.52,-2844.04,38.2187
6675.73,-2845.84,36.4019
6679.94,-2847.64,34.5847
6684.16,-2849.44,32.7656
6688.37,-2851.24,30.9319
6692.59,-2853.04,29.0974
6696.81,-2854.84,27.2635
6701.02,-2856.64,25.4301
6705.26,-2858.44,23.5992
6709.47,-2860.24,21.7787
6713.69,-2862.04,19.9592
6717.9,-2863.84,18.1438
6722.12,-2865.65,16.3227
6726.36,-2867.45,14.4975
6730.58,-2869.25,12.689
6734.79,-2871.05,10.891
6739.01,-2872.85,9.10967
6743.22,-2874.65,7.3522
6747.43,-2876.45,5.62863
6751.65,-2878.25,4.01773
6755.85,-2880.05,2.73318
