10.2565,0.0791294
20.3806,0.131221
30.5234,0.185575
40.697,-0.256409
50.8161,-0.331022
60.9124,-0.40926
71.1033,-0.442347
81.214,-0.427958
91.2893,-0.413068
101.404,-0.422435
111.48,0.478062
121.548,0.543925
131.649,0.636734
141.728,0.768209
151.797,0.900479
161.913,1.06532
171.988,1.2214
182.057,1.37797
192.18,1.4639
202.256,1.44561
212.324,1.42818
222.435,1.36657
232.511,1.32705
242.579,1.29178
252.69,1.28205
262.765,1.28144
272.833,1.28327
282.94,1.29662
293.016,1.34171
303.101,1.38816
313.206,1.44236
323.284,1.4788
333.354,1.51591
343.465,1.54709
353.54,1.60811
363.609,1.66314
373.717,1.71869
383.793,1.74715
393.861,1.77647
403.972,1.78175
414.05,1.81698
424.119,1.88631
434.219,1.95478
444.295,2.01627
454.364,2.0718
464.474,2.12698
474.549,2.21919
484.619,2.3357
494.728,2.4521
504.804,2.54699
514.873,2.60352
524.979,2.66209
535.057,2.7119
545.127,2.79604
555.235,2.88097
565.364,3.01532
575.439,3.16008
585.549,3.30465
595.626,3.41692
605.694,3.48183
615.8,3.55018
625.879,3.59422
635.949,3.63731
646.065,3.6869
656.151,3.76921
666.22,3.89264
676.335,4.01617
686.413,4.1273
696.481,4.1967
706.588,4.27305
716.665,4.32332
726.733,4.39409
736.84,4.47494
746.916,4.58401
756.985,4.71385
767.079,4.84441
777.161,4.98931
787.23,5.13485
797.337,5.28068
807.413,5.44249
817.481,5.61108
827.587,5.78044
837.667,5.95604
847.735,6.13006
857.844,6.30451
867.92,6.48706
877.988,6.67014
888.085,6.84834
898.166,7.02704
908.234,7.19946
918.342,7.37284
928.416,7.5518
938.485,7.75848
948.578,7.95075
958.654,8.14935
968.722,8.3377
978.817,8.52354
988.892,8.70974
998.961,8.93942
1009.07,9.24075
1019.14,9.54244
1029.22,9.90002
1039.31,10.2428
1049.39,10.5858
1059.46,10.9123
1069.56,11.2522
1079.63,11.5923
1089.7,11.9383
1099.8,12.2556
1109.87,12.5731
1119.94,12.8497
1130.05,13.1068
1140.12,13.365
1150.19,13.6233
1160.29,13.8945
1170.36,14.1668
1180.43,14.4256
1190.53,14.6752
1200.6,14.9263
1210.67,15.1687
1220.78,15.4208
1230.85,15.6734
1240.92,15.9392
1251.03,16.2093
1261.11,16.4806
1271.17,16.7559
1281.29,17.0229
1291.37,17.2907
1301.44,17.5333
1311.54,17.7631
1321.62,17.9937
1331.69,18.2174
1341.79,18.4458
1351.87,18.6749
1361.94,18.9123
1372.05,19.1402
1382.13,19.3482
1392.2,19.5562
1402.35,19.762
1412.45,19.9682
1422.54,20.1843
1432.72,20.4251
1442.87,20.7258
1452.97,21.0288
1463.17,21.3866
1473.33,21.7325
1483.43,22.0849
1493.61,22.3997
1503.75,22.6637
1513.87,22.9274
1524.07,23.168
1534.23,23.3996
1544.33,23.6309
1554.56,23.8697
1564.7,24.1183
1574.8,24.3669
1584.96,24.6166
1595.1,24.8611
1605.2,25.1061
1615.4,25.3575
1625.54,25.6094
1635.65,25.8618
1645.83,26.1343
1655.97,26.4102
1666.07,26.6855
1676.26,26.9654
1686.46,27.2412
1696.57,27.5156
1706.74,27.7931
1716.88,28.0616
1727.06,28.3306
1737.28,28.6091
1747.43,28.8902
1757.53,29.1715
1767.7,29.4579
1777.87,29.754
1787.97,30.0535
1798.2,30.3551
1808.34,30.6633
1818.44,30.979
1828.64,31.2967
1838.81,31.6181
1848.92,31.9353
1859.17,32.255
1869.34,32.5734
1879.45,32.8852
1889.7,33.2008
1899.87,33.5224
1909.97,33.848
1920.2,34.1752
1930.36,34.5021
1940.47,34.8201
1950.68,35.1403
1960.85,35.4554
1970.95,35.7645
1981.19,36.0763
1991.35,36.386
2001.45,36.6882
2011.62,36.9916
2021.81,37.2963
2031.92,37.5881
2042.08,37.8554
2052.24,38.1233
2062.37,38.3834
2072.65,38.647
2082.8,38.9027
2092.91,39.1489
2103.09,39.3994
2113.24,39.6499
2123.35,39.9044
2133.53,40.1616
2143.69,40.4191
2153.79,40.665
2163.98,40.9063
2174.12,41.147
2184.24,41.3957
2194.44,41.6405
2204.61,41.8853
2214.71,42.1281
2224.92,42.3742
2235.09,42.6213
2245.19,42.8527
2255.4,43.0752
2265.56,43.2974
2275.66,43.521
2285.86,43.7384
2296.03,43.9559
2306.13,44.1698
2316.37,44.3838
2326.52,44.5992
2336.62,44.8143
2346.75,45.0468
2356.89,45.3052
2366.99,45.5632
2377.17,45.8287
2387.31,46.0941
2397.42,46.3588
2407.6,46.6205
2417.75,46.8818
2427.87,47.143
2438.08,47.3974
2448.23,47.6536
2458.33,47.9082
2468.53,48.1737
2478.68,48.4273
2488.78,48.6804
2498.96,48.9342
2509.11,49.1888
2519.21,49.4427
2529.41,49.6995
2539.55,49.9596
2549.65,50.2191
2559.83,50.4793
2569.97,50.7507
2580.08,51.0216
2590.28,51.2923
2600.43,51.5626
2610.54,51.832
2620.81,52.1002
2630.97,52.3565
2641.08,52.6113
2651.29,52.8539
2661.43,53.0741
2671.54,53.2508
2681.75,53.4287
2691.89,53.5884
2701.99,53.7327
2712.19,53.8784
2722.34,54.0359
2732.45,54.2307
2742.66,54.427
2752.82,54.6534
2762.93,54.8976
2773.2,55.1447
2783.36,55.4023
2793.47,55.6747
2803.67,55.9487
2813.82,56.2365
2823.93,56.5411
2834.13,56.8477
2844.3,57.1688
2854.41,57.4925
2864.59,57.8172
2874.75,58.1439
2884.85,58.4624
2895.05,58.782
2905.21,59.0984
2915.31,59.4155
2925.5,59.734
2935.66,60.0593
2945.77,60.3813
2955.92,60.6957
2966.07,61.0114
2976.18,61.3272
2986.41,61.6524
2996.57,61.9772
3006.68,62.2985
3016.84,62.6094
3026.98,62.9207
3037.08,63.2235
3047.25,63.5157
3057.4,63.8082
3067.5,64.0983
3077.66,64.3948
3087.8,64.6922
3097.91,64.9659
3108.09,65.2109
3118.23,65.4554
3128.33,65.7123
3138.49,65.9796
3148.64,66.2473
3158.74,66.5193
3168.92,66.7966
3179.09,67.0744
3189.2,67.3463
3199.41,67.5975
3209.67,67.851
3219.77,68.102
3229.95,68.3661
3240.09,68.6303
3250.2,68.8888
3260.41,69.1421
3270.56,69.3832
3280.66,69.6238
3290.88,69.8645
3301.04,70.1
3311.16,70.3357
3321.37,70.5753
3331.51,70.8025
3341.62,71.0293
3351.81,71.2485
3361.96,71.468
3372.06,71.6868
3382.32,71.9175
3392.48,72.1415
3402.58,72.3646
3412.78,72.5829
3422.92,72.8186
3433.04,73.0541
3443.28,73.2847
3453.42,73.5159
3463.52,73.7464
3473.7,73.9735
3483.85,74.207
3493.95,74.44
3504.19,74.6787
3514.34,74.9035
3524.44,75.1275
3534.69,75.356
3544.85,75.5963
3554.95,75.8408
3565.21,76.0883
3575.38,76.3332
3585.49,76.5932
3595.7,76.8559
3605.85,77.1255
3615.96,77.3743
3626.18,77.6254
3636.33,77.8636
3647.16,78.1019
3657.34,78.3279
3667.49,78.5395
3677.6,78.7392
3687.77,78.9393
3697.93,79.1256
3708.05,79.2942
3718.24,79.4634
3728.39,79.6256
3738.49,79.7822
3748.7,79.9398
3758.87,80.105
3768.98,80.2866
3779.22,80.4695
3789.4,80.6582
3799.52,80.8547
3809.77,81.0533
3819.92,81.2595
3830.03,81.483
3840.17,81.7083
3850.32,81.9352
3860.43,82.152
3870.61,82.3711
3880.76,82.59
3890.88,82.8019
3901.1,83.0225
3911.24,83.2418
3921.35,83.4581
3931.52,83.6628
3941.68,83.8677
3951.79,84.0518
3962.03,84.2297
3972.19,84.4079
3982.31,84.5736
3992.55,84.737
4002.7,84.9001
4012.81,85.0773
4023,85.2658
4033.2,85.4548
4043.31,85.6464
4053.48,85.8304
4063.61,86.0141
4073.72,86.1946
4083.91,86.3845
4094.07,86.5803
4104.18,86.7753
4114.41,86.9724
4124.56,87.1735
4134.68,87.374
4144.82,87.5511
4154.96,87.7325
4165.06,87.9135
4175.24,88.0944
4185.41,88.2581
4195.51,88.421
4205.69,88.5859
4215.83,88.7575
4225.93,88.9288
4236.15,89.1106
4246.34,89.2775
4256.44,89.4445
4266.6,89.589
4276.74,89.7322
4286.84,89.8751
4296.99,90.0162
4307.17,90.1454
4317.29,90.274
4327.49,90.3946
4337.67,90.5184
4347.79,90.6417
4357.96,90.7714
4368.1,90.8876
4378.2,91.0035
4388.36,91.1157
4398.51,91.212
4408.61,91.2918
4418.79,91.3719
4428.93,91.438
4439.04,91.4898
4449.23,91.5418
4459.42,91.5753
4469.52,91.5934
4479.67,91.6114
4489.82,91.6449
4499.93,91.6845
4510.14,91.7243
4520.29,91.7586
4530.39,91.8101
4540.58,91.8619
4550.73,91.9151
4560.83,91.9679
4571.04,92.0208
4581.21,92.0613
4591.31,92.0861
4601.48,92.111
4611.64,92.1211
4621.75,92.133
4631.92,92.1451
4642.05,92.1653
4652.13,92.1801
4662.24,92.195
4672.32,92.1852
4682.39,92.1688
4692.5,92.1524
4702.58,92.1329
4712.65,92.1196
4722.76,92.1064
4732.83,92.1038
4742.92,92.1033
4753.1,92.1121
4763.26,92.1209
4773.36,92.1197
4783.49,92.1186
4793.65,92.1175
4803.75,92.1074
4813.9,92.0736
4824.06,92.0396
4834.18,91.9937
4844.33,91.9419
4854.48,91.8901
4864.58,91.8426
4874.73,91.8029
4884.92,91.7628
4895.05,91.722
4905.24,91.6607
4915.4,91.5995
4925.5,91.5073
4935.68,91.402
4945.83,91.2966
4955.94,91.1887
4966.15,91.0733
4976.34,90.958
4986.44,90.8271
4996.59,90.6808
5006.74,90.5343
5016.84,90.3629
5026.98,90.1835
5037.18,90.0026
5047.29,89.8134
5057.46,89.6167
5067.71,89.4196
5077.81,89.2185
5087.96,89.021
5098.1,88.8179
5108.2,88.6152
5118.36,88.4292
5128.51,88.2433
5138.61,88.0646
5148.78,87.8741
5158.93,87.6801
5169.05,87.4864
5179.25,87.2786
5189.4,87.0455
5199.49,86.8133
5209.67,86.5557
5219.81,86.2838
5229.92,86.0126
5240.07,85.7438
5250.21,85.4652
5260.31,85.1873
5270.55,84.9007
5280.7,84.607
5290.81,84.3145
5301.03,84.0192
5311.17,83.7196
5321.27,83.4218
5331.45,83.1188
5341.58,82.8269
5351.68,82.5356
5361.85,82.2334
5371.99,81.9294
5382.11,81.624
5392.28,81.318
5402.42,81.0137
5412.52,80.729
5422.7,80.4434
5432.84,80.1495
5442.94,79.8629
5453.17,79.5746
5463.31,79.2776
5473.42,78.9721
5483.61,78.6653
5493.78,78.3736
5503.9,78.0896
5514.08,77.8052
5524.22,77.4956
5534.33,77.1814
5544.5,76.8662
5554.63,76.544
5564.73,76.2082
5574.92,75.871
5585.07,75.5452
5595.17,75.2237
5605.36,74.9008
5615.52,74.5781
5625.63,74.2482
5635.8,73.9174
5645.96,73.5606
5656.06,73.1962
5666.33,72.8303
5676.51,72.4757
5686.61,72.1366
5696.82,71.7961
5706.99,71.4547
5717.1,71.0988
5727.24,70.7438
5737.39,70.3841
5747.5,70.0409
5757.63,69.6981
5767.77,69.3678
5777.88,69.0417
5788.03,68.7117
5798.17,68.3806
5808.28,68.0674
5818.42,67.7576
5828.58,67.4467
5838.68,67.1332
5848.81,66.8241
5858.97,66.514
5869.07,66.195
5879.25,65.861
5889.43,65.5257
5899.54,65.1842
5909.73,64.8445
5919.92,64.5041
5930.04,64.1691
5940.24,63.835
5950.39,63.5019
5960.5,63.1758
5970.67,62.8521
5980.82,62.5289
5990.93,62.1983
6001.15,61.8578
6011.28,61.4953
6021.38,61.1347
6031.55,60.7477
6041.69,60.3463
6051.79,59.9466
6061.97,59.5826
6072.11,59.2562
6082.23,58.93
6092.42,58.609
6102.57,58.2998
6112.67,57.9918
6122.89,57.6755
6133.07,57.3382
6143.17,57.0036
6153.35,56.6698
6163.49,56.3469
6173.59,56.0249
6183.77,55.7011
6193.91,55.3766
6204.02,55.0525
6214.21,54.7256
6224.35,54.4063
6234.46,54.0879
6244.63,53.7798
6254.77,53.4824
6264.88,53.1855
6275.08,52.8833
6285.22,52.5791
6295.32,52.2756
6305.48,51.9701
6315.64,51.6439
6325.76,51.3182
6335.95,50.9921
6346.09,50.6719
6356.2,50.3527
6366.42,50.0475
6376.55,49.7507
6386.65,49.4644
6396.81,49.1777
6406.95,48.8706
6417.05,48.5556
6427.23,48.2395
6437.37,47.9246
6447.47,47.6183
6457.63,47.3115
6467.77,46.9954
6477.9,46.6641
6488.08,46.3306
6498.23,45.988
6508.34,45.6478
6518.52,45.3075
6528.68,44.97
6538.79,44.6256
6548.98,44.2798
6559.19,43.9316
6569.32,43.5977
6579.51,43.2623
6589.64,42.9387
6599.74,42.609
6609.91,42.2781
6620.09,41.9486
6630.19,41.6274
6640.37,41.3052
6650.53,40.975
6660.64,40.6326
6670.77,40.2985
6680.93,39.9635
6691.04,39.6414
6701.2,39.3263
6711.36,39.0106
6721.47,38.7069
6731.64,38.4039
6741.8,38.0985
6751.92,37.7817
6762.1,37.4681
6772.25,37.1547
6782.35,36.8365
6792.52,36.5199
6802.65,36.2037
6812.75,35.8849
6822.92,35.5639
6833.08,35.243
6843.18,34.9223
6853.35,34.5966
6863.49,34.2713
6873.59,33.9423
6883.77,33.5905
6893.91,33.2395
6904.02,32.8894
6914.21,32.5557
6924.39,32.2224
6934.5,31.9045
6944.7,31.5963
6954.91,31.2881
6965.04,30.9617
6975.25,30.6171
6985.39,30.2729
6995.5,29.9266
7005.67,29.5838
7015.81,29.2487
7025.91,28.9148
7036.12,28.5916
7046.32,28.2681
7056.42,27.9447
7066.58,27.6274
7076.72,27.2976
7086.82,26.9687
7096.97,26.6333
7107.1,26.2885
7117.21,25.9441
7127.39,25.5985
7137.54,25.2482
7147.65,24.8996
7157.83,24.5322
7167.97,24.1676
7178.06,23.8044
7188.23,23.4386
7198.38,23.0669
7208.48,22.6964
7218.66,22.3284
7228.8,21.9916
7238.9,21.6556
7249.1,21.3525
7259.27,21.0721
7269.38,20.8163
7279.52,20.561
7289.65,20.3132
7299.75,20.0664
7309.93,19.8162
7320.07,19.576
7330.17,19.3445
7340.38,19.1121
7350.54,18.8704
7360.66,18.614
7370.85,18.3566
7381.03,18.0806
7391.14,17.804
7401.32,17.5275
7411.46,17.2398
7421.56,16.9177
7435.07,16.4882
7445.21,16.1369
7455.39,15.8297
7465.68,15.5835
7475.8,15.3394
7485.94,15.0977
7496.22,14.8482
7506.33,14.6025
7516.44,14.3419
7526.64,14.0691
7536.76,13.7992
7546.88,13.534
7557.2,13.2583
7567.33,12.9864
7577.45,12.7247
7587.69,12.4894
7597.81,12.2568
7607.94,12.0436
7618.22,11.8332
7628.35,11.6257
7638.49,11.4126
7648.72,11.207
7658.84,11.0137
7668.98,10.8223
7679.32,10.6439
7689.44,10.4828
7699.57,10.3224
7709.81,10.1606
7719.94,9.99605
7730.07,9.83403
7740.33,9.66289
7750.52,9.49313
7760.68,9.32524
7770.94,9.20243
7781.07,9.08616
7791.21,8.96987
7801.46,8.86602
7811.58,8.76891
7821.71,8.67197
7831.95,8.56663
7842.07,8.44719
7852.26,8.32754
7862.52,8.20052
7872.65,8.07102
7882.81,7.94217
7893.2,7.80639
7903.3,7.67321
7913.44,7.54069
7923.67,7.40845
7933.8,7.27424
7943.91,7.13048
7954.19,6.98489
7964.31,6.82681
7974.43,6.67038
7984.54,6.51633
7994.61,6.37651
8004.79,6.23381
8014.91,6.09188
8024.99,5.95433
8035.21,5.81488
8045.33,5.67642
8055.41,5.54892
8065.6,5.42505
8075.76,5.30111
8085.83,5.18749
8096.06,5.09475
8106.18,5.00154
8116.26,4.89377
8126.41,4.77949
8136.53,4.66711
8146.6,4.54542
8156.75,4.4248
8166.86,4.3059
8176.94,4.1898
8187.16,4.09091
8197.28,3.99565
8207.36,3.89324
8217.54,3.77627
8227.66,3.65984
8237.73,3.56228
8247.92,3.46153
8258.02,3.36149
8268.1,3.26558
8278.28,3.18131
8288.39,3.11366
8298.46,3.04785
8308.65,3.00283
8318.76,2.96638
8328.83,2.93081
8339.07,2.90397
8349.17,2.88586
8359.25,2.86981
8369.5,2.85778
8379.62,2.85038
8389.69,2.84378
8399.88,2.83385
8409.99,2.82167
8420.06,2.80916
8430.25,2.79183
8440.35,2.77778
8450.43,2.76507
8460.61,2.76082
8470.72,2.77524
8480.79,2.78959
8491.02,2.8286
8501.13,2.87254
8511.21,2.91957
8521.4,2.964
8531.51,2.98846
8541.58,3.01272
8551.77,3.02103
8561.88,3.00309
8571.95,2.9861
8582.18,2.95898
8592.29,2.90909
8602.36,2.8597
8612.57,2.82056
8622.68,2.80805
8632.75,2.79548
8642.97,2.79716
8653.13,2.79604
8663.2,2.7952
8673.4,2.78594
8683.51,2.76705
8693.59,2.74889
8703.78,2.7306
8713.89,2.71277
8723.96,2.70178
8734.18,2.69017
8744.29,2.67646
8754.36,2.66884
8764.55,2.66268
8774.67,2.64794
8784.77,2.62299
8794.9,2.5981
8805.28,2.57571
8815.4,2.57905
8825.53,2.58512
8835.77,2.61911
8845.9,2.67558
8856.05,2.73404
8866.45,2.79295
8876.56,2.83855
8886.69,2.88559
8896.9,2.91474
8907.04,2.92091
8917.17,2.92813
8927.4,2.9099
8937.53,2.90317
8947.65,2.91876
8957.82,2.93428
8967.95,2.9505
8978.07,2.94333
8988.24,2.93561
8998.37,2.91527
9008.51,2.91205
9018.7,2.9099
9028.83,2.92091
9038.96,2.92867
9049.31,2.93694
9059.44,2.93027
9069.57,2.92251
9079.81,2.91474
9089.94,2.89696
9100.08,2.85559
9110.32,2.81501
9120.44,2.77722
9130.58,2.75798
9140.81,2.74518
9150.92,2.75628
9161.05,2.79071
9171.33,2.82611
9181.51,2.87635
9191.67,2.92278
9202.16,2.97191
9212.26,3.01428
9222.39,3.04374
9232.57,3.07419
9242.69,3.10485
9252.82,3.12971
9263.07,3.15438
9273.19,3.17145
9283.32,3.18917
9293.55,3.2068
9303.66,3.22554
9313.79,3.25381
9323.95,3.28922
9334.08,3.32496
9344.22,3.36521
9354.56,3.40545
9364.68,3.44567
9374.81,3.49663
9385.09,3.55524
9395.23,3.61356
9405.37,3.67584
9415.62,3.74065
9425.74,3.80538
9435.88,3.87631
9446.2,3.9533
9456.32,4.02921
9466.44,4.10447
9476.69,4.19241
9486.83,4.28129
9496.96,4.38999
9507.22,4.52314
9517.34,4.66224
9527.48,4.80155
9537.67,4.94074
9547.8,5.07797
9557.91,5.21534
9568.18,5.35855
9578.32,5.51864
9588.44,5.67849
9598.64,5.86129
9608.76,6.06186
9618.89,6.26238
9629.28,6.47183
9639.4,6.67331
9649.52,6.87322
9659.74,7.0811
9669.87,7.31857
9680.02,7.55843
9690.3,7.83423
9700.41,8.12933
9710.54,8.42425
9720.78,8.71649
9730.9,8.99211
9741.06,9.26818
9751.33,9.53636
9761.51,9.80833
9771.75,10.0817
9782.03,10.3588
9792.16,10.6369
9802.27,10.9227
9812.5,11.2113
9822.63,11.5041
9832.75,11.7988
9843.03,12.0964
9853.16,12.3909
9863.27,12.6672
9873.52,12.9469
9883.65,13.2102
9893.8,13.4894
9904.13,13.7722
9914.24,14.0561
9924.37,14.3376
9934.6,14.6216
9944.73,14.8887
9954.86,15.1409
9965.18,15.3978
9975.4,15.649
9985.53,15.9087
9995.8,16.1711
10005.9,16.4523
10016.1,16.7393
10026.7,17.0403
10036.8,17.3225
10046.9,17.5887
10057.2,17.8375
10067.3,18.0867
10077.4,18.3438
10087.6,18.6097
10097.7,18.8752
10107.8,19.1608
10118.1,19.4526
10128.2,19.7433
10138.4,20.024
10148.7,20.3026
10158.8,20.58
10168.9,20.8519
10179.2,21.1395
10189.3,21.4243
10199.5,21.7096
10209.7,21.9951
10219.8,22.2787
10230,22.5541
10240.2,22.8262
10250.4,23.0951
10260.5,23.3744
10270.8,23.6685
10280.9,23.962
10291,24.2538
10301.4,24.5568
10311.5,24.8606
10321.6,25.1636
10331.9,25.4777
10342,25.7792
10352.2,26.0799
10362.4,26.3623
10372.5,26.6481
10382.7,26.9331
10392.9,27.2242
10403,27.5123
10413.2,27.8005
10423.4,28.0811
10433.6,28.3585
10443.8,28.634
10454.1,28.9059
10464.3,29.1827
10474.4,29.4579
10484.6,29.7385
10494.7,30.0174
10504.9,30.3028
10515.2,30.5917
10525.3,30.8998
10535.4,31.2093
10545.6,31.5213
10555.7,31.8251
10565.9,32.0995
10576.2,32.3778
10586.4,32.6338
10596.5,32.8812
10606.7,33.1296
10616.9,33.3957
10627,33.6762
10637.3,33.9616
10647.4,34.263
10657.5,34.5704
10667.8,34.8799
10677.9,35.1914
10688,35.489
10698.3,35.7892
10708.4,36.0816
10718.5,36.3637
10728.8,36.6499
10738.9,36.9231
10749.1,37.1998
10759.3,37.4793
10769.4,37.7641
10779.6,38.0586
10789.8,38.3552
10799.9,38.6558
10810.1,38.9627
10820.3,39.2719
10830.4,39.5903
10840.5,39.9137
10850.7,40.2434
10860.8,40.5729
10871,40.9065
10881.2,41.2378
10891.3,41.5668
10901.4,41.8896
10911.7,42.2131
10921.8,42.5368
10931.9,42.8512
10942.2,43.1758
10952.3,43.4969
10962.4,43.8187
10972.7,44.1426
10982.8,44.4646
10992.9,44.7699
11003.2,45.0836
11013.3,45.3934
11023.5,45.7056
11033.8,46.0278
11043.9,46.3478
11054.1,46.6584
11065.1,46.9926
11075.2,47.3045
11085.4,47.6172
11095.5,47.9279
11105.6,48.2304
11115.8,48.5341
11125.9,48.8514
11136,49.1623
11146.2,49.4743
11156.4,49.776
11166.5,50.0605
11176.6,50.345
11186.8,50.6202
11196.9,50.8837
11207,51.1474
11217.2,51.4037
11227.3,51.6603
11237.5,51.9162
11247.6,52.1748
11257.7,52.433
11267.8,52.6909
11278.1,52.9505
11288.2,53.2027
11298.4,53.4541
11308.6,53.7137
11318.7,53.9657
11328.8,54.2182
11339,54.4738
11349.1,54.7335
11359.3,54.9928
11369.5,55.2547
11379.6,55.5205
11389.7,55.7911
11399.9,56.0635
11410,56.3272
11420.2,56.5738
11430.3,56.8215
11440.4,57.056
11450.6,57.2803
11460.7,57.5055
11470.8,57.7295
11481,57.9571
11491.2,58.1866
11501.3,58.4232
11511.4,58.6604
11521.6,58.8987
11531.7,59.1489
11541.9,59.4001
11552.1,59.653
11562.2,59.8928
11572.3,60.1374
11582.5,60.383
11592.6,60.6272
11602.7,60.8756
11612.9,61.1252
11623,61.3795
11633.2,61.6454
11643.3,61.9218
11653.4,62.1982
11663.5,62.464
11673.7,62.7266
11683.8,62.9884
11693.9,63.2448
11704.1,63.4989
11714.2,63.7534
11724.3,63.9953
11734.5,64.2315
11744.6,64.4677
11754.7,64.7026
11764.9,64.9361
11775,65.1694
11785.2,65.4006
11795.3,65.6275
11805.4,65.8542
11815.5,66.0886
11825.6,66.3137
11835.7,66.5385
11846,66.7633
11856.1,66.9893
11866.2,67.2136
11876.4,67.4395
11886.5,67.667
11896.6,67.8935
11906.8,68.1317
11916.9,68.3709
11927,68.609
11937.3,68.8439
11947.4,69.0669
11957.4,69.2881
11967.7,69.5014
11977.8,69.7024
11987.9,69.902
11998.2,70.1055
12008.3,70.3171
12018.4,70.5274
12028.6,70.7372
12038.7,70.9429
12048.8,71.1521
12059,71.3637
12069.2,71.5736
12079.2,71.8006
12089.5,72.0308
12099.6,72.2602
12109.7,72.4878
12119.9,72.7177
12130.1,72.9459
12140.2,73.1687
12150.4,73.3938
12160.5,73.6223
12170.6,73.8389
12180.8,74.0577
12190.9,74.2702
12201,74.4815
12211.3,74.6958
12221.4,74.9185
12231.5,75.1375
12241.6,75.3572
12251.8,75.5776
12261.9,75.7908
12272,76.004
12282.3,76.2155
12292.4,76.4359
12302.6,76.6578
12312.9,76.8714
12323,77.0842
12333.1,77.2965
12343.4,77.5083
12353.5,77.7154
12363.6,77.9237
12373.8,78.1337
12384,78.3382
12394.1,78.5386
12404.4,78.7409
12414.5,78.9371
12424.6,79.1351
12434.9,79.3355
12445,79.5364
12455.2,79.738
12465.4,79.9414
12475.5,80.1253
12485.7,80.3135
12495.9,80.5031
12506,80.6837
12516.2,80.8534
12526.4,81.0236
12536.5,81.2048
12546.6,81.3902
12556.8,81.5756
12567.7,81.7549
12577.8,81.9072
12587.9,82.0595
12598,82.1882
12608.2,82.3145
12618.3,82.4529
12628.4,82.5912
12638.5,82.726
12648.6,82.8528
12658.7,82.9793
12668.8,83.0965
12679,83.2052
12689.1,83.314
12699.2,83.4254
12709.3,83.5426
12719.4,83.6596
12729.6,83.774
12739.7,83.8697
12749.8,83.9653
12759.9,84.0582
12770,84.145
12780.1,84.2318
12790.3,84.3194
12800.4,84.4142
12810.5,84.5088
12820.7,84.5837
12830.8,84.6453
12840.9,84.7067
12851,84.7559
12861.2,84.7963
12871.3,84.8369
12881.4,84.8807
12891.5,84.9556
12901.6,85.0302
12911.8,85.1117
12921.9,85.1758
12932,85.2595
12942.1,85.3434
12952.3,85.4389
12962.4,85.5285
12972.5,85.618
12982.7,85.7187
12992.8,85.824
13002.9,85.929
13013.1,86.0195
13023.2,86.1132
13033.3,86.2069
13043.4,86.2957
13053.5,86.3572
13063.6,86.4186
13073.8,86.4658
13083.9,86.4958
13094,86.526
13104.2,86.5649
13114.3,86.6048
13124.4,86.6446
13134.6,86.6648
13144.7,86.6852
13154.8,86.7057
13164.9,86.7358
13175,86.7673
13185.2,86.7988
13195.3,86.8296
13205.4,86.8556
13215.6,86.8816
13225.7,86.9049
13235.8,86.9267
13245.9,86.9486
13256.1,86.9718
13266.2,86.9935
13276.3,87.0151
13286.5,87.0327
13296.6,87.0542
13306.7,87.0677
13316.8,87.0813
13326.9,87.0871
13337.1,87.0929
13347.2,87.0993
13357.3,87.1124
13367.4,87.1184
13377.6,87.1246
13387.7,87.1252
13397.8,87.113
13407.9,87.1007
13418.1,87.0866
13428.2,87.0653
13438.4,87.0439
13448.5,87.0278
13458.6,87.0173
13468.8,87.0068
13478.9,86.9929
13489,86.9875
13499.2,86.9822
13509.3,86.9657
13519.5,86.9431
13529.7,86.9207
13539.8,86.8981
13549.9,86.8819
13560.1,86.8656
13570.2,86.8484
13580.3,86.8266
13590.4,86.8046
13600.5,86.7728
13610.7,86.755
13620.8,86.7439
13630.9,86.7328
13641,86.7253
13651.2,86.7021
13661.3,86.679
13671.4,86.6527
13681.5,86.6258
13691.6,86.5988
13701.7,86.5674
13711.8,86.5316
13721.9,86.4958
13732.1,86.4473
13742.2,86.3965
13752.3,86.3457
13762.4,86.2816
13772.5,86.2091
13782.6,86.1367
13792.7,86.0413
13802.9,85.9321
13813,85.8228
13823.1,85.7013
13833.3,85.5759
13843.4,85.4508
13853.5,85.3458
13863.7,85.2614
13873.8,85.1775
13883.9,85.1141
13894.1,85.0562
13904.2,84.9983
13914.3,84.9354
13924.5,84.8621
13934.6,84.789
13944.7,84.7064
13954.9,84.6342
13965,84.5624
13975.1,84.4839
13985.3,84.3948
13995.4,84.3063
14005.5,84.1942
14016.1,84.062
14026.4,83.9224
14036.6,83.7816
14046.7,83.6523
14056.8,83.5112
14067.5,83.3618
14077.7,83.2227
14087.8,83.0764
14098,82.9293
14108.2,82.7694
14118.2,82.6057
14128.4,82.4411
14138.6,82.2783
14148.7,82.1146
14158.9,81.9499
14169,81.7817
14179.1,81.6068
14189.4,81.4306
14199.5,81.2436
14209.6,81.0648
14219.8,80.8852
14230,80.7044
14240.1,80.5177
14250.3,80.3039
14260.4,80.0897
14270.5,79.8698
14280.7,79.6533
14290.9,79.4353
14301,79.2225
14311.3,78.9899
14321.5,78.758
14331.6,78.4955
14341.8,78.2213
14351.9,77.9476
14362.1,77.6876
14372.3,77.4367
14382.4,77.1861
14392.5,76.9265
14402.7,76.6647
14412.9,76.4027
14423,76.1548
14433.2,75.9132
14443.3,75.6721
14453.5,75.4074
14463.7,75.1389
14473.9,74.8711
14484,74.6033
14494.2,74.3331
14504.3,74.0641
14514.4,73.7945
14524.6,73.5274
14534.8,73.2605
14544.9,72.9967
14555.1,72.7235
14565.3,72.4484
14575.4,72.1756
14585.6,71.9016
14595.7,71.6163
14605.8,71.332
14616,71.0183
14626.2,70.7035
14636.3,70.3898
14646.5,70.0809
14656.7,69.7904
14666.8,69.5007
14677,69.2005
14687.1,68.8946
14697.2,68.5916
14707.4,68.2864
14717.6,67.9868
14727.7,67.6884
14737.9,67.3906
14748,67.0787
14758.1,66.7683
14768.3,66.464
14778.5,66.1459
14788.6,65.8294
14798.8,65.4687
14808.9,65.0871
14819,64.7082
14829.3,64.3266
14839.4,64.0047
14849.5,63.728
14859.7,63.4492
14869.9,63.1619
14880,62.8773
14890.3,62.5844
14900.4,62.28
14910.5,61.9815
14920.7,61.6812
14930.9,61.4012
14941,61.1016
14951.2,60.7988
14961.3,60.5033
14971.4,60.1841
14981.6,59.8632
14991.8,59.5526
15001.9,59.2493
15012.1,58.9421
15022.3,58.6437
15032.4,58.3354
15042.6,58.0252
15052.8,57.7207
15062.9,57.4178
15073.2,57.1108
15083.3,56.8142
15093.4,56.5202
15103.6,56.2254
15113.7,55.935
15123.8,55.6514
15134,55.3654
15144.2,55.0793
15154.3,54.7931
15164.5,54.5059
15174.6,54.2184
15184.7,53.9422
15194.9,53.6742
15205,53.4058
15215.1,53.1266
15225.3,52.8538
15235.5,52.5806
15245.6,52.3114
15255.8,52.0535
15266,51.7947
15276.1,51.5261
15286.4,51.2364
15296.5,50.9486
15306.6,50.6502
15316.8,50.3607
15326.9,50.0713
15337,49.8001
15347.2,49.5427
15357.4,49.2859
15367.5,49.0254
15377.7,48.7533
15387.8,48.4813
15397.9,48.2123
15408.1,47.9473
15418.3,47.6812
15428.4,47.4069
15438.5,47.119
15448.7,46.8308
15458.8,46.5333
15468.9,46.2302
15479.1,45.9398
15489.2,45.6527
15499.3,45.3744
15509.4,45.1026
15519.5,44.8318
15529.6,44.5423
15539.7,44.2403
15549.8,43.9387
15560,43.6307
15570.1,43.3272
15580.2,43.0246
15590.3,42.728
15600.4,42.4274
15610.5,42.1274
15620.6,41.8223
15630.7,41.5155
15640.8,41.2093
15651,40.9008
15661.1,40.5892
15671.1,40.2788
15681.3,39.9789
15691.4,39.6802
15701.5,39.3828
15711.6,39.0949
15721.7,38.7955
15731.8,38.497
15742,38.1821
15752.1,37.8583
15762.1,37.5358
15772.3,37.2185
15782.4,36.9058
15792.4,36.5935
15802.6,36.2875
15812.7,35.9775
15822.8,35.6682
15832.9,35.358
15843,35.0491
15853.1,34.7411
15863.3,34.4461
15873.4,34.1505
15883.5,33.8465
15893.6,33.5425
15903.8,33.2429
15913.9,32.9442
15924,32.6453
15934.2,32.3373
15944.3,32.0153
15954.4,31.6939
15964.5,31.3788
15974.6,31.0775
15984.7,30.7772
15994.9,30.4928
16005,30.2215
16015.1,29.951
16025.3,29.6876
16035.4,29.4066
16045.5,29.1297
16055.7,28.8363
16065.8,28.5462
16075.9,28.2568
16086,27.9802
16096.1,27.7092
16106.3,27.4386
16116.4,27.1677
16126.5,26.8897
16136.7,26.6124
16146.8,26.3264
16156.9,26.0389
16167,25.7509
16177.2,25.4675
16187.3,25.1838
16197.4,24.9002
16207.5,24.61
16217.6,24.3331
16227.8,24.0658
16237.9,23.798
16248,23.5295
16258.2,23.2749
16268.3,23.0202
16278.4,22.7626
16288.5,22.5081
16298.7,22.2535
16308.8,21.9969
16318.9,21.7279
16329,21.4586
16339.1,21.1859
16349.3,20.9318
16359.4,20.6772
16369.5,20.4322
16379.7,20.1867
16389.8,19.941
16399.9,19.6926
16410,19.451
16420.2,19.2107
16430.3,18.9732
16440.4,18.7346
16450.5,18.4953
16460.6,18.2545
16470.8,18.0116
16480.9,17.7685
16491,17.5308
16501.2,17.3137
16511.3,17.0972
16521.4,16.8807
16531.5,16.6719
16541.7,16.4621
16551.8,16.2645
16561.9,16.0746
16572,15.8839
16582.1,15.7041
16592.3,15.5349
16602.4,15.3653
16612.5,15.1764
16622.7,14.9952
16632.8,14.8364
16642.9,14.6782
16653,14.5254
16663.2,14.3522
16673.3,14.1801
16683.4,13.9909
16693.6,13.7786
16703.7,13.567
16713.8,13.3693
16723.9,13.1856
16734,13.0021
16744.1,12.8417
16754.3,12.6997
16764.4,12.5595
16774.5,12.4253
16784.6,12.2861
16794.7,12.1478
16804.9,12.0016
16815,11.8575
16825.1,11.7142
16835.3,11.5673
16845.4,11.4114
16855.5,11.2568
16865.6,11.082
16875.8,10.8946
16885.9,10.7074
16896,10.5263
16906.2,10.3565
16916.4,10.1862
16926.5,10.0332
16936.6,9.87982
16946.7,9.72722
16956.9,9.56303
16967,9.40606
16977.1,9.25388
16987.3,9.1021
16997.4,8.95089
17007.5,8.78747
17017.6,8.62369
17027.8,8.46451
17037.9,8.3088
17048,8.15396
17058.2,8.00172
17068.8,7.84403
17079,7.69349
17089.2,7.56848
17099.3,7.45871
17109.4,7.35284
17119.5,7.23786
17129.6,7.08652
17139.8,6.94091
17149.9,6.77441
17160,6.60525
17170.1,6.44066
17180.3,6.28435
17190.4,6.12009
17200.5,5.95631
17210.7,5.79168
17220.8,5.65348
17230.9,5.51594
17241,5.37299
17251.1,5.21624
17261.3,5.0926
17271.4,4.96903
17281.5,4.89425
17291.7,4.84651
17301.8,4.80074
17311.9,4.74249
17322,4.63749
17332.2,4.53317
17342.3,4.4124
17352.4,4.30063
17362.5,4.18867
17372.6,4.06672
17382.7,3.96635
17392.9,3.866
17403,3.82426
17413.1,3.80209
17423.3,3.7831
17433.4,3.72135
17443.5,3.62998
17453.7,3.53869
17463.8,3.50401
17473.9,3.52051
17484,3.53781
17494.2,3.544
17504.3,3.50714
17514.4,3.46966
17524.5,3.44294
17534.7,3.48767
17544.8,3.5336
17554.9,3.59357
17565,3.61442
17575.2,3.63537
17585.3,3.62826
17595.4,3.62718
17605.5,3.6261
17615.6,3.65127
17625.8,3.64204
17635.9,3.59966
17646,3.55767
17656.1,3.51939
17666.3,3.50133
17676.4,3.4834
17686.5,3.49058
17696.6,3.5165
17706.7,3.54201
17716.9,3.544
17727,3.52895
17737.1,3.51383
17747.2,3.51316
17757.4,3.53736
17767.5,3.56118
17777.6,3.63623
17787.7,3.72177
17797.8,3.80847
17808,3.85951
17818.1,3.83183
17828.2,3.80477
17838.4,3.73709
17848.5,3.74985
17858.6,3.76256
17868.8,3.81709
17878.9,3.84773
17889,3.87813
17899.1,3.8522
17909.3,3.82017
17919.4,3.78868
17929.5,3.79797
17939.6,3.80436
17949.7,3.81073
17959.9,3.78868
17970,3.77378
17980.1,3.78517
17990.2,3.79653
18000.4,3.79343
18010.5,3.79034
18020.6,3.76069
18030.8,3.72492
18040.8,3.71608
18051.2,3.70723
18061.3,3.74546
18071.4,3.7924
18081.6,3.83938
18091.7,3.84468
18101.8,3.8136
18112,3.78393
18122.2,3.7893
18132.3,3.84346
18142.4,3.89826
18152.5,3.98604
18162.6,4.06268
18172.8,4.13961
18182.9,4.21104
18193.1,4.25929
18203.2,4.30954
18213.3,4.34157
18223.4,4.37802
18233.6,4.41701
18243.7,4.47669
18253.8,4.57341
18264,4.6708
18274.1,4.81263
18284.2,4.93725
18294.4,5.06485
18304.5,5.18975
18314.6,5.32571
18324.7,5.47076
18334.9,5.61805
18345,5.78599
18355.1,5.95578
18365.3,6.14015
18375.4,6.35523
18385.5,6.57769
18395.6,6.80118
18405.7,7.01666
18415.9,7.21098
18426,7.40739
18436.1,7.59152
18446.3,7.77462
18456.6,7.96197
18466.7,8.13925
18476.8,8.29455
18487,8.45257
18497.1,8.5953
18507.2,8.74099
18517.4,8.88862
18527.5,9.0406
18537.6,9.2072
18547.7,9.37418
18557.8,9.58537
18570.8,9.86688
18581,10.1024
18591.1,10.3369
18601.4,10.5715
18611.5,10.8047
18621.6,11.0361
18631.8,11.2762
18642,11.5147
18652.1,11.7526
18662.3,11.9853
18672.4,12.2196
18682.5,12.4537
18692.7,12.6751
18702.9,12.8922
18713,13.1089
18723.2,13.33
18733.3,13.5742
18743.4,13.8186
18753.7,14.081
18763.8,14.3591
18774,14.6353
18784.2,14.9119
18794.4,15.149
18804.5,15.3848
18814.7,15.6057
18824.9,15.839
18835,16.1023
18845.3,16.3691
18855.4,16.6455
18865.5,16.9116
18875.7,17.1799
18885.8,17.4566
18895.9,17.7439
18906.2,18.0345
18916.3,18.3296
18926.4,18.632
18936.6,18.9352
18946.8,19.2301
18956.9,19.5324
18967.1,19.838
18977.3,20.1504
18987.4,20.4771
18997.7,20.8084
19007.8,21.1502
19019.6,21.563
19029.8,21.9343
19039.9,22.3061
19050,22.6974
19060.2,23.0998
19070.3,23.5041
19080.4,23.8762
19090.5,24.1995
19100.7,24.5239
19110.7,24.7957
19120.8,25.0428
19130.9,25.2898
19141,25.5314
19151.1,25.7806
19161.1,26.0304
19171.2,26.2716
19181.3,26.4998
19191.4,26.7279
19201.5,26.953
19211.6,27.1779
19221.7,27.4036
19231.8,27.681
19242,27.985
19252.2,28.2895
19262.3,28.5975
19272.5,28.8814
19282.6,29.1655
19292.7,29.4384
19303,29.7072
19313.2,29.9802
19323.3,30.2569
19333.5,30.5294
19343.6,30.8018
19353.7,31.0779
19364,31.3486
19374.1,31.6153
19384.2,31.8802
19394.4,32.1534
19404.6,32.441
19414.7,32.7278
19424.9,33.027
19435,33.3329
19445.1,33.6378
19455.3,33.9409
19465.5,34.2314
19475.6,34.5208
19485.8,34.7816
19496,35.0398
19506.1,35.2966
19516.3,35.5535
19526.5,35.8253
19536.5,36.0956
19546.7,36.3743
19556.8,36.6525
19566.9,36.93
19577,37.195
19587.2,37.4546
19597.3,37.7133
19607.5,37.9667
19617.6,38.2254
19627.7,38.4834
19637.9,38.7455
19648,39.0376
19658.1,39.3566
19668.3,39.6768
19678.4,40.0005
19688.5,40.323
19698.7,40.6503
19708.9,40.9649
19719,41.2678
19729.2,41.5725
19739.4,41.8587
19749.5,42.152
19759.7,42.4473
19769.8,42.7382
19779.9,43.0238
19790.1,43.3116
19800.3,43.5958
19810.4,43.8798
19820.6,44.1651
19830.7,44.4654
19840.8,44.7864
19851,45.1096
19861.2,45.4477
19871.3,45.7643
19881.5,46.0821
19891.7,46.3681
19901.8,46.634
19912,46.9036
19922.2,47.1598
19932.3,47.4247
19942.6,47.6942
19952.8,47.959
19962.9,48.2209
19973.1,48.484
19983.3,48.7569
19993.4,49.0396
20003.5,49.3515
20013.7,49.6647
20023.8,49.9987
20034,50.3351
20044.1,50.6737
20054.2,51.0035
20064.4,51.3407
20074.6,51.6782
20084.7,52.0089
20094.9,52.3477
20105.1,52.6877
20115.2,53.0152
20125.4,53.3349
20135.6,53.6539
20145.7,53.9787
20155.9,54.3178
20166.1,54.6569
20176.2,55.0109
20186.4,55.3807
20196.5,55.7494
20206.6,56.1032
20216.7,56.4455
20226.9,56.7876
20237,57.1326
20247.2,57.4826
20257.3,57.8318
20267.4,58.1727
20277.6,58.5094
20287.7,58.8354
20297.8,59.1608
20308.1,59.4997
20318.2,59.8367
20328.3,60.1715
20338.6,60.5074
20348.7,60.8481
20358.8,61.1879
20369,61.5303
20379.1,61.863
20389.2,62.1947
20399.4,62.5269
20409.6,62.8356
20419.7,63.1435
20429.9,63.4256
20440,63.7
20450.1,63.9737
20460.3,64.2566
20470.4,64.5438
20480.5,64.8309
20490.7,65.1276
20500.8,65.4417
20510.9,65.7547
20521.2,66.0767
20531.3,66.3933
20541.5,66.7083
20551.6,67.0095
20561.8,67.289
20571.9,67.5778
20582.1,67.8685
20592.2,68.1562
20602.3,68.4381
20612.5,68.7221
20622.6,69.0129
20632.7,69.2981
20642.9,69.5846
20653.1,69.8608
20663.2,70.1197
20673.4,70.3797
20683.5,70.6254
20693.6,70.8445
20703.8,71.0647
20714,71.2524
20724.1,71.3945
20734.3,71.5378
20744.5,71.7437
20754.6,71.9076
20764.8,72.0721
20775,72.2634
20785.1,72.4765
20795.2,72.6896
20805.4,72.893
20815.5,73.1044
20825.7,73.3169
20835.8,73.5324
20845.9,73.751
20856.2,73.9716
20866.3,74.1914
20876.4,74.4096
20886.6,74.6288
20896.8,74.8595
20906.9,75.0744
20917.2,75.2907
20927.3,75.494
20937.4,75.6813
20947.6,75.8587
20957.7,76.0363
20967.8,76.2042
20978,76.3452
20988.2,76.4859
20998.3,76.632
21008.5,76.7761
21018.6,76.9201
21028.7,77.1005
21038.9,77.2855
21049,77.4706
21059.1,77.6647
21069.3,77.8781
21079.5,78.0908
21089.6,78.3174
21099.8,78.5552
21110,78.7931
21120.1,79.0151
21130.3,79.2282
21140.4,79.4407
21150.6,79.6374
21160.7,79.8495
21170.9,80.0653
21181,80.2809
21191.2,80.4749
21201.3,80.6723
21211.4,80.8693
21221.6,81.0601
21231.7,81.2161
21241.8,81.3719
21252,81.5131
21262.2,81.6593
21272.3,81.8049
21282.5,81.9635
21292.6,82.1276
21302.7,82.2913
21313,82.4524
21323.1,82.6118
21333.2,82.77
21343.4,82.9259
21353.6,83.0913
21363.7,83.2564
21373.8,83.4226
21384,83.6084
21394.1,83.7941
21404.3,83.9694
21414.4,84.1277
21424.5,84.2856
21434.6,84.4192
21444.8,84.5516
21454.9,84.6837
21465.1,84.801
21475.2,84.8897
21485.3,84.9787
21495.5,85.0652
21505.6,85.1535
21515.7,85.2345
21526,85.3162
21536.1,85.4113
21546.2,85.4845
21556.4,85.5587
21566.6,85.6013
21576.7,85.6471
21586.9,85.693
21597,85.759
21607.1,85.8332
21617.2,85.9076
21627.4,85.9909
21637.5,86.059
21647.7,86.1274
21657.8,86.1905
21667.9,86.2361
21678.1,86.2821
21688.3,86.2898
21698.4,86.2895
21708.5,86.2893
21718.6,86.289
21728.7,86.3118
21738.9,86.3347
21749.1,86.3544
21759.2,86.3557
21769.5,86.3569
21779.7,86.3452
21789.8,86.3285
21800,86.3117
21810.1,86.3018
21820.2,86.288
21830.4,86.2714
21840.6,86.2549
21850.7,86.2356
21860.8,86.2137
21871,86.1918
21881.1,86.1648
21891.3,86.1331
21901.4,86.1015
21911.5,86.0657
21921.7,86.0395
21931.8,86.0133
21941.9,85.9809
21952.2,85.956
21962.3,85.9311
21972.4,85.8973
21982.7,85.865
21992.8,85.8326
22003,85.7983
22013.2,85.7437
22023.3,85.6893
22033.4,85.6216
22043.6,85.5579
22053.8,85.4943
22063.9,85.4309
22074.1,85.359
22084.2,85.2868
22094.3,85.2159
22104.6,85.1281
22114.7,85.0409
22124.8,84.9554
22135,84.8685
22145.2,84.7819
22155.4,84.6797
22165.6,84.5706
22175.7,84.4455
22185.8,84.3207
22196,84.1869
22206.1,84.04
22216.2,83.8934
22226.4,83.7174
22236.5,83.5314
22246.6,83.3458
22256.8,83.1488
22266.9,82.9582
22277.1,82.7681
22287.3,82.5597
22297.4,82.3481
22307.5,82.1372
22317.6,81.9162
22327.8,81.6771
22337.9,81.4391
22348.1,81.1578
22358.2,80.8628
22368.3,80.5691
22378.6,80.2769
22388.7,79.9892
22398.9,79.7024
22409.1,79.4433
22419.2,79.1912
22429.3,78.9424
22439.5,78.655
22449.6,78.3135
22459.7,77.9646
22469.8,77.6163
22479.9,77.3048
22490,77.0174
22500.1,76.7295
22510.1,76.4213
22520.2,76.0729
22530.3,75.7241
22540.4,75.3222
22550.5,74.8647
22560.6,74.4074
22570.6,73.9534
22580.7,73.5332
22590.8,73.1122
22600.9,72.7257
22610.9,72.3363
22621.1,71.9466
22631.1,71.5487
22641.2,71.1574
22651.3,70.7652
22661.4,70.3869
22671.4,70.0272
22681.5,69.6668
22691.6,69.3009
22701.7,68.9654
22711.8,68.6296
22721.8,68.2973
22731.9,67.9785
22742,67.6592
22752.1,67.3683
22762.2,67.122
22772.3,66.8754
22782.4,66.5929
22792.4,66.2432
22802.5,65.8936
22812.6,65.4891
22822.7,65.0459
22832.8,64.6034
22842.9,64.166
22852.9,63.746
22863,63.3259
22873.1,62.9475
22883.2,62.5887
22893.3,62.2295
22903.4,61.8655
22913.4,61.4906
22923.5,61.1156
22933.6,60.7596
22943.7,60.4407
22953.8,60.1217
22963.8,59.8334
22973.9,59.5292
22984,59.2246
22994.1,58.8902
23004.1,58.5287
23014.2,58.1661
23024.3,57.8036
23034.4,57.4664
23044.5,57.1481
23054.5,56.8294
23064.6,56.5097
23074.7,56.189
23084.8,55.8679
23094.9,55.5351
23105,55.2129
23115,54.8904
23125.1,54.5818
23135.2,54.2815
23145.3,53.9815
23155.4,53.6804
23165.5,53.3736
23175.6,53.0665
23185.8,52.7533
23196,52.4304
23206.2,52.1082
23216.3,51.7682
23226.5,51.4214
23236.6,51.0741
23246.7,50.735
23256.9,50.4204
23267.1,50.1035
23277.2,49.7848
23287.4,49.445
23297.5,49.105
23307.6,48.7662
23317.8,48.4505
23328,48.134
23338.1,47.8629
23348.3,47.6127
23358.5,47.3551
23368.6,47.0991
23378.8,46.8379
23389,46.5784
23399.1,46.307
23409.3,46.0381
23419.4,45.746
23429.5,45.4555
23439.7,45.1231
23449.9,44.7869
23460,44.4523
23470.2,44.1101
23480.3,43.7811
23490.4,43.4538
23500.6,43.106
23510.8,42.7442
23520.9,42.3849
23531.2,42.0152
23541.3,41.6599
23551.4,41.3073
23561.6,40.9986
23571.7,40.6997
23581.8,40.4016
23592.1,40.0695
23602.2,39.7038
23612.3,39.339
23622.5,38.9727
23632.6,38.6322
23642.7,38.2927
23652.8,37.9527
23663,37.6036
23673.1,37.2639
23683.3,36.9224
23693.4,36.5834
23703.5,36.2442
23713.7,35.9051
23723.8,35.5454
23733.9,35.1908
23744.1,34.8337
23754.3,34.4943
23764.4,34.1796
23774.6,33.8642
23784.7,33.5593
23794.8,33.251
23805.1,32.9389
23815.2,32.6487
23825.3,32.3659
23835.5,32.0821
23845.6,31.788
23855.7,31.4924
23865.9,31.1965
23876.1,30.9061
23886.2,30.6365
23896.4,30.3654
23906.5,30.0954
23916.6,29.8214
23926.8,29.5471
23937,29.2757
23947.1,29.0076
23957.2,28.739
23967.4,28.4571
23977.5,28.1705
23987.7,27.8823
23997.9,27.5926
24008,27.3203
24018.1,27.0439
24028.3,26.7682
24038.4,26.4713
24048.5,26.1651
24058.7,25.8607
24068.7,25.5635
24079,25.2828
24089.1,25.0009
24099.2,24.7303
24109.4,24.4575
24119.6,24.1862
24129.7,23.9222
24139.9,23.6547
24150,23.3877
24160.1,23.132
24170.3,22.8986
24180.5,22.6653
24190.6,22.4282
24200.8,22.176
24211,21.9223
24221.1,21.6518
24231.3,21.386
24241.5,21.1207
24251.6,20.8526
24261.8,20.5765
24271.9,20.2905
24282,20.0053
24292.2,19.7282
24302.3,19.4513
24312.4,19.2066
24322.7,18.9796
24332.8,18.7432
24342.9,18.5081
24353.2,18.2543
24363.3,18.004
24373.4,17.7553
24383.7,17.5088
24393.8,17.2619
24403.9,17.0172
24414.2,16.7602
24424.3,16.4992
24434.4,16.239
24444.6,15.9763
24454.7,15.7167
24464.8,15.4583
24475.1,15.1957
24485.2,14.9279
24495.3,14.6625
24505.5,14.3873
24515.7,14.122
24525.8,13.8578
24536,13.6158
24546.1,13.3996
24556.3,13.1857
24566.6,12.9757
24576.7,12.7562
24586.8,12.538
24597,12.311
24607.2,12.0895
24617.3,11.8853
24627.4,11.6811
24637.6,11.4823
24647.7,11.2756
24657.9,11.0686
24668,10.8369
24678.1,10.6063
24688.3,10.3751
24698.4,10.1506
24708.5,9.95906
24718.7,9.76798
24728.9,9.61199
24739,9.46982
24749.2,9.32785
24759.4,9.15411
24769.5,8.971
24779.7,8.78703
24789.8,8.63122
24799.9,8.50974
24810.1,8.38977
24820.2,8.25261
24830.3,8.07403
24840.5,7.89499
24850.7,7.69584
24860.8,7.53695
24870.9,7.42883
24881.1,7.32339
24891.2,7.19891
24901.3,7.02391
24911.5,6.8488
24921.6,6.67437
24931.7,6.54307
24941.8,6.41337
24951.9,6.29593
24962.1,6.16192
24972.2,6.02909
24982.3,5.88702
24992.5,5.73147
25002.7,5.57707
25012.8,5.39176
25022.9,5.22808
25033.1,5.06438
25043.2,4.92884
25053.4,4.78424
25063.6,4.64053
25073.7,4.48263
25083.9,4.36082
25094.1,4.24105
25104.2,4.13828
25114.3,4.01967
25124.5,3.90328
25134.6,3.7957
25144.8,3.74002
25154.9,3.68945
25165.1,3.63278
25175.2,3.50714
25185.4,3.38285
25195.5,3.24923
25205.7,3.18131
25215.9,3.18303
25226,3.18623
25236.2,3.19383
25246.4,3.16478
25256.5,3.13671
25266.6,3.07827
25276.8,3.04683
25286.9,3.01584
25297.1,3.02413
25307.2,3.05196
25317.3,3.08004
25327.5,3.10813
25337.6,3.12671
25347.7,3.14493
25357.9,3.1227
25368,3.10888
25378.1,3.09576
25388.3,3.13046
25398.4,3.185
25408.5,3.23958
25418.7,3.22942
25428.8,3.13895
25438.9,3.05017
25449.2,2.96347
25459.3,2.94466
25469.4,2.92599
25479.7,2.94785
25489.8,2.96611
25499.9,2.98532
25510.1,3.00778
25520.3,2.99892
25530.4,2.94227
25540.6,2.8864
25550.7,2.8638
25560.8,2.89831
25571,2.93321
25581.1,2.99396
25591.2,3.04863
25601.4,3.10359
25611.5,3.14369
25621.7,3.14443
25631.9,3.14593
25642,3.11417
25652.1,3.10208
25662.3,3.08994
25672.4,3.11567
25682.6,3.16626
25692.8,3.21849
25703,3.28398
25713.1,3.31789
25723.3,3.35239
25733.4,3.31718
25743.5,3.27276
25753.7,3.22821
25763.9,3.24682
25774,3.30489
25784.1,3.36335
25794.3,3.37798
25804.4,3.37358
25814.6,3.3694
25824.7,3.368
25834.8,3.36707
25845,3.42356
25855.1,3.48115
25865.3,3.58965
25875.4,3.65448
25885.6,3.72051
25895.7,3.73458
25905.8,3.73059
25916,3.72618
25926.1,3.76506
25936.2,3.83183
25946.4,3.89826
25956.5,3.94041
25966.7,3.95191
25976.8,3.96358
25986.9,3.9878
25997.1,4.04356
26007.3,4.09932
26017.4,4.12957
26027.5,4.11171
26037.7,4.09378
26047.8,4.10294
26058,4.16149
26068.1,4.21958
26078.3,4.24788
26088.5,4.23237
26098.6,4.21792
26108.7,4.22774
26118.9,4.26039
26129.1,4.29407
26139.2,4.33417
26149.4,4.3628
26159.5,4.39195
26169.6,4.39017
26179.8,4.36603
26190,4.32694
26200.1,4.28969
26210.2,4.29753
26220.4,4.37194
26230.5,4.44722
26240.7,4.54007
26250.8,4.58845
26260.9,4.63901
26271.2,4.69354
26281.3,4.79192
26291.4,4.89217
26301.6,4.99903
26311.8,5.10335
26321.9,5.20963
26332.2,5.30642
26342.3,5.41783
26352.4,5.53139
26362.7,5.67918
26372.8,5.82605
26382.9,5.97521
26393.1,6.1293
26403.2,6.29929
26413.3,6.47147
26423.4,6.65863
26433.4,6.83861
26443.5,7.02035
26453.6,7.19902
26463.7,7.3721
26473.7,7.54682
26483.8,7.71951
26493.9,7.91441
26504,8.13694
26514.1,8.36106
26524.2,8.58992
26534.2,8.80351
26544.3,9.01839
26554.4,9.21375
26564.5,9.43168
26574.6,9.65218
26584.6,9.89915
26594.7,10.1439
26604.8,10.3896
26614.9,10.6175
26625,10.8483
26635.1,11.0812
26645.1,11.3306
26655.2,11.6042
26665.3,11.8793
26675.4,12.1729
26685.5,12.4634
26695.6,12.7546
26705.6,13.0118
26715.7,13.2635
26725.8,13.517
26735.9,13.7846
26745.9,14.078
26756.1,14.3729
26766.1,14.6902
26776.2,15.0143
26786.3,15.3411
26796.4,15.6815
26806.5,16.0405
26816.6,16.4011
26826.6,16.7792
26836.7,17.1624
26846.8,17.5461
26856.9,17.9289
26866.9,18.2992
26877,18.6706
26887.1,19.0437
26897.2,19.4131
26907.3,19.7836
26917.4,20.1462
26927.4,20.4887
26937.5,20.8318
26947.7,21.168
26957.7,21.5155
26967.8,21.8974
26977.9,22.28
26988,22.6513
26998.1,23.0232
27008.1,23.3435
27018.2,23.6143
27028.3,23.856
27038.4,24.1004
27048.5,24.3343
27058.6,24.5825
27068.6,24.8328
27078.7,25.1272
27088.8,25.4399
27098.9,25.7528
27108.9,26.0472
27119,26.3273
27129.1,26.6095
27139.2,26.8937
27149.3,27.1862
27159.3,27.4794
27169.4,27.7887
27179.5,28.1166
27189.6,28.4448
27199.7,28.7899
27209.8,29.1257
27220,29.462
27230.1,29.783
27240.2,30.0954
27250.4,30.408
27260.5,30.7243
27270.7,31.0546
27280.8,31.3835
27290.9,31.7098
27301.1,32.0477
27311.3,32.3843
27321.4,32.7158
27331.7,33.0558
27341.8,33.3935
27351.9,33.74
27362.1,34.0877
27372.3,34.4343
27382.4,34.7727
27392.6,35.1176
27402.7,35.4729
27412.8,35.8266
27423,36.1832
27433.2,36.5255
27443.3,36.8661
27453.4,37.1823
27463.6,37.4864
27473.7,37.7899
27483.8,38.1232
27494,38.4702
27504.1,38.8166
27514.3,39.1668
27524.4,39.4952
27534.6,39.8215
27544.8,40.1462
27554.9,40.4913
27565,40.8362
27575.2,41.1752
27585.3,41.5024
27595.4,41.8287
27611.6,42.3498
27621.7,42.6943
27631.8,43.0595
27642.1,43.4203
27652.2,43.7766
27662.3,44.1648
27672.5,44.5272
27682.6,44.8891
27692.7,45.2259
27702.9,45.5508
27713,45.8754
27723.1,46.2026
27733.2,46.5274
27743.3,46.8516
27753.5,47.1733
27763.6,47.4953
27773.7,47.8165
27783.9,48.1435
27794,48.4679
27804.2,48.7923
27814.3,49.1083
27824.5,49.4284
27834.6,49.7478
27844.8,50.0791
27855,50.4229
27865.1,50.7649
27875.2,51.1022
27885.4,51.4175
27895.5,51.7312
27905.6,52.0188
27915.8,52.3041
27925.9,52.5885
27936,52.8843
27946.2,53.1964
27956.3,53.5067
27966.4,53.8098
27976.6,54.0996
27986.7,54.3887
27996.8,54.6611
28007,54.936
28017.1,55.2106
28027.3,55.5044
28037.5,55.8274
28047.6,56.1555
28057.7,56.4831
28067.9,56.7887
28078.1,57.0756
28088.2,57.3617
28098.3,57.6585
28108.5,57.9635
28118.6,58.2681
28128.8,58.589
28138.9,58.8913
28149,59.1931
28159.2,59.4792
28169.4,59.7439
28179.5,60.008
28189.7,60.2799
28199.8,60.5711
28209.9,60.8619
28220.1,61.1757
28230.2,61.4745
28240.4,61.7728
28250.6,62.0521
28260.7,62.3307
28270.9,62.6099
28281,62.9033
28291.1,63.2009
28301.3,63.4982
28311.5,63.7845
28321.6,64.05
28331.7,64.3115
28341.9,64.5748
28352,64.8468
28362.1,65.124
28372.3,65.403
28382.4,65.6854
28392.5,65.9523
28402.7,66.2205
28412.8,66.4922
28422.9,66.7826
28433.1,67.0754
28443.2,67.3499
28453.3,67.5953
28463.5,67.8433
28473.7,68.0785
28483.8,68.3334
28494,68.5894
28504.1,68.8625
28514.2,69.1501
28524.4,69.4393
28534.5,69.7043
28544.6,69.9437
28554.8,70.1846
28565,70.4275
28575.1,70.6857
28585.3,70.9448
28595.4,71.1993
28605.5,71.4509
28615.9,71.7082
28626,71.9553
28636.1,72.1971
28646.3,72.4578
28656.4,72.7165
28666.6,73.0121
28676.8,73.312
28686.9,73.6213
28697.1,73.9239
28707.2,74.219
28717.3,74.5134
28727.4,74.8051
28737.6,75.064
28747.7,75.3225
28757.8,75.5705
28768,75.7807
28778.1,75.991
28788.3,76.1928
28798.4,76.4051
28808.5,76.6169
28818.7,76.8365
28828.8,77.061
28838.9,77.2848
28849.1,77.5079
28859.3,77.7466
28869.4,77.9847
28879.5,78.2017
28889.8,78.4143
28899.9,78.6226
28910.1,78.8241
28920.3,79.0319
28930.4,79.2391
28940.5,79.4222
28950.7,79.5975
28960.8,79.7607
28970.9,79.9237
28981.2,80.0919
28991.3,80.2603
29001.4,80.4284
29011.6,80.5797
29021.7,80.7228
29031.8,80.8659
29042,81.0148
29052.1,81.1466
29062.3,81.2783
29072.5,81.4136
29082.7,81.537
29092.8,81.6596
29103,81.7957
29113.1,81.9222
29123.3,82.0486
29133.4,82.1589
29143.6,82.2722
29153.7,82.3853
29163.8,82.5055
29174,82.6252
29184.1,82.7446
29194.3,82.8344
29204.4,82.9037
29214.5,82.973
29224.7,83.037
29234.8,83.0795
29245,83.1222
29255.1,83.158
29265.3,83.1878
29275.5,83.2177
29285.7,83.2459
29295.8,83.2724
29305.9,83.2877
29316.3,83.3034
29326.4,83.3041
29336.6,83.3032
29346.7,83.3023
29356.8,83.3013
29367,83.3033
29377.1,83.3054
29387.2,83.274
29397.4,83.2348
29407.6,83.1952
29417.7,83.162
29427.9,83.136
29438.1,83.1097
29448.2,83.0501
29458.4,82.9763
29468.6,82.9019
29478.7,82.8382
29488.8,82.7904
29499,82.7423
29509.1,82.671
29519.3,82.5737
29529.4,82.4761
29539.6,82.3743
29549.7,82.2907
29559.8,82.2151
29569.9,82.1396
29580.1,82.0538
29590.3,81.9524
29600.5,81.8526
29610.6,81.7373
29620.9,81.6211
29631,81.506
29641.2,81.3859
29651.3,81.2701
29661.4,81.1547
29671.6,81.0507
29681.7,80.9501
29691.8,80.8498
29702,80.7422
29712.1,80.6253
29722.2,80.5089
29732.4,80.3873
29742.5,80.2474
29752.6,80.1081
29762.8,79.9595
29773,79.8134
29783.1,79.6682
29793.2,79.5243
29803.4,79.3421
29813.5,79.1605
29823.7,78.962
29833.9,78.7588
29844.1,78.5559
29854.2,78.3378
29864.4,78.0877
29874.5,77.8383
29884.6,77.5916
29894.8,77.3604
29904.9,77.1377
29915.1,76.9156
29925.3,76.6907
29935.4,76.455
29945.5,76.2197
29955.7,75.9812
29965.8,75.7473
29975.9,75.5133
29986.1,75.2728
29996.2,75.0244
30006.4,74.7755
30016.6,74.5016
30026.7,74.2314
30036.8,73.9613
30047,73.7007
30057.2,73.4544
30067.3,73.2094
30077.4,72.9568
30087.6,72.6563
30097.7,72.3565
30107.8,72.047
30118,71.7153
30128.1,71.3843
30138.2,71.0722
30148.4,70.7671
30158.5,70.4627
30168.6,70.1468
30178.8,69.8074
30188.9,69.4448
30199.1,69.0783
30209.2,68.6907
30219.3,68.3045
30229.5,67.933
30239.7,67.5632
30249.8,67.2042
30260,66.843
30270.1,66.4825
30280.3,66.1243
30290.6,65.7576
30300.7,65.3816
30310.9,64.9975
30321.1,64.6099
30331.2,64.2144
30341.3,63.8411
30351.5,63.4658
30361.6,63.0965
30371.7,62.7163
30381.9,62.3334
30392,61.9584
30402.2,61.6068
30412.3,61.2539
30422.4,60.95
30432.5,60.654
30442.7,60.3582
30452.7,60.0286
30462.9,59.6775
30473,59.3256
30483.1,58.9871
30493.3,58.6724
30503.4,58.3575
30513.5,58.0686
30523.7,57.7438
30533.8,57.4198
30543.9,57.0947
30554,56.7649
30564.1,56.4284
30574.2,56.0931
30584.4,55.7419
30594.5,55.4011
30604.5,55.0613
30614.7,54.7505
30624.8,54.4676
30634.8,54.1855
30645,53.9032
30655.1,53.5854
30665.2,53.2691
30675.3,52.9282
30685.4,52.5678
30695.5,52.2082
30705.7,51.8463
30715.8,51.486
30725.8,51.1266
30736.1,50.774
30746.2,50.4241
30756.3,50.0751
30766.4,49.7216
30776.6,49.3556
30786.7,48.9905
30796.8,48.6273
30807,48.27
30817.1,47.913
30827.3,47.5749
30837.5,47.2484
30847.6,46.9229
30857.8,46.5787
30867.9,46.2102
30878,45.8425
30888.2,45.4643
30898.3,45.1073
30908.4,44.7472
30918.6,44.3877
30929,43.9984
30939.1,43.5834
30949.2,43.1695
30959.4,42.7122
30969.6,42.2511
30979.7,41.7924
30989.9,41.3497
31000,40.948
31010.2,40.5477
31020.4,40.166
31030.5,39.7676
31040.6,39.3702
31050.8,38.9045
31060.9,38.4432
31071.1,37.9843
31081.2,37.531
31091.3,37.1079
31101.5,36.6859
31111.6,36.2864
31121.8,35.9091
31131.9,35.5322
31142.1,35.1556
31152.2,34.7741
31162.4,34.3937
31172.5,34.0096
31182.6,33.6392
31192.8,33.2687
31203,32.9138
31213.1,32.5536
31223.4,32.1915
31233.6,31.7963
31243.7,31.4024
31253.8,31.0341
31264,30.6632
31274.1,30.3168
31284.2,29.9753
31294.4,29.6328
31304.5,29.2819
31314.6,28.9189
31324.8,28.5538
31334.9,28.1898
31345.1,27.8421
31355.3,27.4935
31365.4,27.1701
31375.5,26.8525
31385.7,26.5332
31395.8,26.2156
31405.9,25.9023
31416.1,25.5883
31426.3,25.2847
31436.4,24.9934
31446.6,24.7016
31456.7,24.4062
31466.8,24.091
31477,23.7742
31487.1,23.4448
31497.2,23.1198
31507.3,22.8225
31517.4,22.5257
31527.6,22.2587
31537.7,21.9734
31547.8,21.6885
31558,21.3888
31568.1,21.1021
31578.2,20.8166
31588.3,20.5557
31598.5,20.3043
31608.6,20.0537
31618.7,19.7934
31628.9,19.5299
31639,19.2686
31649.2,19.0229
31659.4,18.8009
31669.5,18.58
31679.6,18.3572
31689.9,18.0932
31700,17.8313
31710.1,17.5586
31720.3,17.2996
31730.4,17.0419
31740.5,16.8041
31750.7,16.563
31760.8,16.3228
31771,16.0733
31781.1,15.8244
31791.3,15.5766
31801.4,15.3424
31811.5,15.1103
31821.6,14.8683
31831.8,14.6264
31842,14.3865
31852.1,14.1478
31862.2,13.9312
31872.4,13.7291
31882.6,13.5041
31892.7,13.279
31902.9,13.0237
31913,12.7656
31923.2,12.509
31933.3,12.2588
31943.4,12.0161
31953.6,11.7739
31963.7,11.545
31973.9,11.3447
31984,11.1444
31994.2,10.9763
32004.3,10.8131
32014.4,10.6505
32024.6,10.474
32034.7,10.3002
32044.9,10.1267
32055.1,9.97478
32065.2,9.82541
32075.3,9.67739
32085.5,9.52707
32095.7,9.3505
32105.8,9.1748
32116,8.96305
32126.1,8.74753
32136.2,8.53291
32146.4,8.33309
32156.5,8.14647
32166.6,7.96246
32176.8,7.76262
32186.9,7.55128
32197,7.36189
32207.2,7.17264
32217.3,7.01365
32227.4,6.86365
32237.6,6.71578
32247.7,6.53169
32257.8,6.3241
32267.9,6.11561
32278,5.93061
32288.2,5.76525
32298.3,5.60186
32308.4,5.41523
32318.5,5.21954
32328.7,5.02278
32338.8,4.84893
32349,4.70786
32359.1,4.57289
32369.2,4.41701
32379.4,4.22088
32389.6,4.02415
32399.7,3.82897
32409.8,3.6852
32419.9,3.54378
32430,3.51004
32440.2,3.45474
32450.3,3.41096
32460.4,3.25693
32470.6,3.07419
32480.7,2.93694
32490.8,2.80721
32501,2.69888
32511.1,2.59871
32521.2,2.47687
32531.4,2.37722
32541.5,2.33469
32551.6,2.29479
32561.7,2.32326
32571.9,2.34072
32582,2.35937
32592.1,2.30126
32602.3,2.19685
32612.4,2.09472
32622.5,2.05777
32632.6,2.08385
32642.8,2.11184
32652.9,2.09957
32663.1,1.99598
32673.2,1.89376
32683.3,1.79531
32693.5,1.75519
32703.7,1.71596
32713.8,1.72732
32724,1.78613
32734.1,1.84604
32744.2,1.90407
32754.3,1.94031
32764.4,1.97549
32774.6,1.95437
32784.7,1.91186
32794.8,1.8983
32805,1.88506
32815.2,1.91227
32825.3,1.93869
32835.4,1.96516
32845.6,1.94595
32855.7,1.89252
32865.8,1.8401
32876,1.83499
32886.1,1.89087
32896.2,1.94675
32906.5,2.01122
32916.6,2.03521
32926.7,2.05929
32936.8,2.03213
32947,2.00147
32957.1,1.97311
32967.2,1.96834
32977.3,1.98773
32987.5,2.00732
32997.6,2.05358
33007.7,2.05358
33017.8,2.05511
33028,1.99049
33038.1,1.95157
33048.2,1.91309
33058.4,1.92003
33068.5,1.96277
33078.6,2.00498
33088.8,2.0186
33098.9,1.98734
33109,1.95718
33119.2,1.92166
33129.3,1.90653
33139.4,1.89128
33149.6,1.90407
33159.7,1.95357
33169.8,2.00459
33180,2.03674
33190.1,2.01005
33200.2,1.98458
33210.4,1.96197
33220.5,1.97826
33230.6,2.01161
33240.8,2.04786
33250.9,2.06764
33261,2.07557
33271.2,2.08798
33281.3,2.10292
33291.4,2.13579
33301.6,2.17321
33311.7,2.2206
33321.8,2.25904
33332,2.30058
33342.1,2.30839
33352.2,2.29922
33362.4,2.29684
33372.5,2.28933
33382.7,2.31821
33392.8,2.37062
33402.9,2.49451
33413.1,2.67675
33423.2,2.8608
33433.3,3.09045
33443.5,3.33789
33453.6,3.58768
33463.8,3.84142
33473.9,4.10199
33484,4.36405
33494.1,4.63496
33504.3,4.91564
33514.4,5.19774
33524.5,5.47262
33534.7,5.73325
33544.8,5.97704
33554.9,6.22023
33565.1,6.45863
33575.2,6.702
33585.4,6.94475
33595.5,7.20902
33605.6,7.48439
33615.7,7.75989
33625.8,8.0437
33636,8.32942
33646.1,8.61451
33656.2,8.88915
33666.4,9.15343
33676.5,9.41647
33686.6,9.67747
33696.7,9.94583
33706.8,10.2151
33716.9,10.4876
33727.1,10.7621
33737.2,11.0368
33747.3,11.3039
33757.4,11.5836
33767.5,11.8649
33777.6,12.1582
33787.8,12.4651
33797.9,12.7713
33808,13.0793
33818.1,13.382
33828.2,13.6844
33838.3,13.9805
33848.5,14.2789
33858.6,14.5741
33868.7,14.8693
33878.8,15.1536
33888.9,15.4214
33899.1,15.6893
33909.2,15.9599
33919.3,16.2418
33929.4,16.524
33939.6,16.8332
33949.7,17.1688
33959.8,17.5073
33970,17.8678
33980.1,18.2274
33990.2,18.5884
34000.3,18.953
34010.4,19.3242
34020.4,19.6948
34030.5,20.0609
34040.6,20.4192
34050.8,20.7797
34060.9,21.1304
34071,21.4888
34081.1,21.8487
34091.2,22.208
34101.3,22.5567
34111.4,22.9066
34121.5,23.2455
34131.6,23.5661
34141.7,23.8878
34151.8,24.1996
34161.9,24.5002
34172.1,24.8029
34182.2,25.1009
34192.3,25.4017
34202.4,25.7024
34212.5,25.991
34222.6,26.267
34232.8,26.5429
34242.9,26.8065
34253,27.0612
34263.1,27.316
34273.3,27.5817
34283.4,27.8595
34293.5,28.1371
34303.7,28.4344
34313.8,28.7184
34323.9,28.9879
34334,29.2585
34344.1,29.5003
34354.3,29.7436
34364.4,29.9877
34374.5,30.2337
34384.6,30.4969
34394.8,30.7611
34404.9,31.0273
34415,31.3042
34425.1,31.582
34435.2,31.8502
34445.3,32.1122
34455.5,32.3748
34465.6,32.6373
34475.7,32.9114
34485.8,33.1867
34495.9,33.4721
34506.1,33.7601
34516.2,34.049
34526.3,34.3399
34536.4,34.6373
34546.6,34.9354
34556.7,35.244
34566.8,35.5564
34576.9,35.8697
34587,36.1837
34597.1,36.511
34607.3,36.8387
34617.4,37.1778
34627.5,37.5131
34637.6,37.8489
34647.7,38.1759
34657.9,38.506
34668,38.8373
34678.1,39.1735
34688.2,39.5082
34698.4,39.8386
34708.5,40.1686
34718.6,40.5079
34728.7,40.8644
34738.8,41.221
34748.9,41.6104
34759,41.9836
34769.1,42.3568
34779.2,42.7235
34789.3,43.0932
34799.4,43.4628
34809.5,43.8537
34819.7,44.2523
34829.8,44.6506
34839.9,45.0406
34850,45.43
34860.1,45.8186
34870.2,46.193
34880.3,46.5691
34890.4,46.9447
34900.6,47.3124
34910.7,47.6723
34920.8,48.0313
34930.9,48.3932
34941,48.7543
34951.1,49.1144
34961.2,49.4752
34971.4,49.8296
34981.5,50.1834
34991.6,50.5395
35001.7,50.9118
35011.8,51.2833
35021.9,51.6614
35032.1,52.0363
35042.2,52.4098
35052.3,52.7745
35062.4,53.1275
35072.5,53.4795
35082.6,53.8389
35092.8,54.1905
35102.9,54.5435
35113,54.8963
35123.1,55.249
35133.2,55.6228
35143.4,55.9965
35153.5,56.3738
35163.6,56.7446
35173.7,57.1152
35183.8,57.4816
35193.9,57.8407
35204,58.1997
35214.2,58.5589
35224.3,58.9179
35234.4,59.2772
35244.5,59.6424
35254.6,59.9808
35264.7,60.319
35274.9,60.6514
35285,60.9743
35295.1,61.297
35305.2,61.6197
35315.3,61.9238
35325.4,62.2278
35335.5,62.5359
35345.6,62.8513
35355.7,63.1667
35365.9,63.4982
35376,63.8309
35386.1,64.164
35396.2,64.489
35406.3,64.7837
35416.4,65.0783
35426.5,65.3648
35436.6,65.6513
35446.8,65.9378
35456.9,66.233
35467,66.5111
35477.1,66.789
35487.2,67.0561
35497.3,67.3068
35507.4,67.5574
35517.6,67.8096
35527.7,68.0761
35537.8,68.3542
35547.9,68.6336
35558,68.9189
35568.1,69.1989
35578.2,69.4799
35588.3,69.7611
35598.5,70.025
35608.6,70.2901
35618.7,70.5463
35628.8,70.7991
35639,71.0534
35649.1,71.2875
35659.2,71.5279
35669.4,71.7694
35679.5,72.0039
35689.6,72.2676
35699.7,72.5325
35709.8,72.7936
35719.9,73.0579
35730.1,73.3235
35740.2,73.5803
35750.3,73.8385
35760.4,74.0981
35770.5,74.3704
35780.6,74.6493
35790.8,74.9295
35800.9,75.1915
35811,75.4301
35821.2,75.67
35831.3,75.8918
35841.4,76.0924
35851.5,76.2938
35861.6,76.466
35871.7,76.6397
35881.8,76.8177
35891.9,76.9954
35902.1,77.161
35912.2,77.3268
35922.3,77.484
35932.4,77.6404
35942.5,77.802
35952.6,77.9633
35962.7,78.1185
35972.8,78.2849
35982.9,78.4512
35993,78.6145
36003.2,78.7703
36013.3,78.9259
36023.4,79.0694
36033.5,79.2012
36043.6,79.3329
36053.7,79.4582
36063.9,79.5843
36074,79.7102
36084.1,79.8268
36094.2,79.9576
36104.3,80.088
36114.4,80.2139
36124.5,80.3279
36135.6,80.4512
36154.2,80.6539
36164.3,80.7638
36174.4,80.877
36184.6,80.9885
36194.7,81.0998
36204.9,81.1953
36215.2,81.2856
36225.4,81.3739
36235.5,81.4566
36245.8,81.5398
36255.9,81.6218
36266,81.7058
36276.2,81.7817
36286.4,81.8572
36296.5,81.9448
36306.7,82.0518
36316.8,82.1586
36326.9,82.285
36337.2,82.3893
36347.3,82.4678
36357.4,82.5463
36367.6,82.6045
36377.7,82.6603
36387.9,82.7161
36398.1,82.7859
36408.2,82.8594
36418.4,82.9328
36428.6,82.9861
36438.7,83.0401
36448.8,83.0941
36459.1,83.149
36469.2,83.2278
36479.3,83.3066
36489.6,83.3939
36499.7,83.4723
36509.8,83.5507
36520,83.6067
36530.1,83.6697
36540.2,83.7373
36550.4,83.8053
36560.5,83.8798
36570.7,83.9199
36580.8,83.96
36591,83.9958
36601.1,84.0075
36611.3,84.0193
36621.4,84.0296
36631.5,84.0264
36641.7,84.0231
36651.8,84.0517
36662,84.0979
36672.2,84.1445
36682.3,84.1893
36692.4,84.2286
36702.6,84.2683
36712.8,84.312
36722.9,84.3763
36733.1,84.4411
36743.2,84.5194
36753.4,84.585
36763.6,84.651
36773.7,84.7129
36783.8,84.7628
36794.1,84.8135
36804.2,84.8463
36814.4,84.8461
36824.6,84.846
36834.8,84.8204
36844.9,84.7972
36855.1,84.7739
36865.2,84.7428
36875.3,84.7185
36885.6,84.6939
36895.8,84.6777
36905.9,84.6599
36916.1,84.6392
36926.2,84.6186
36936.3,84.5895
36946.5,84.561
36956.6,84.5327
36966.7,84.5185
36976.9,84.509
36987,84.4995
36997.2,84.4921
37007.3,84.4761
37017.5,84.4603
37027.6,84.4363
37037.9,84.4069
37048,84.378
37058.1,84.3563
37068.3,84.3371
37078.4,84.318
37088.5,84.3053
37098.7,84.2845
37108.8,84.2638
37119,84.2498
37129.3,84.2323
37139.4,84.2148
37149.5,84.1974
37159.8,84.1704
37169.9,84.1438
37180,84.1173
37190.3,84.0956
37200.4,84.0959
37210.5,84.0962
37220.7,84.0997
37230.8,84.1192
37241,84.1387
37251.2,84.1618
37261.3,84.1822
37271.4,84.2027
37281.6,84.2136
37291.7,84.2159
37301.9,84.2182
37312.1,84.2276
37322.2,84.2305
37332.3,84.2333
37342.6,84.2239
37352.8,84.204
37362.9,84.1842
37373.2,84.1566
37383.3,84.1453
37393.4,84.134
37403.6,84.1296
37413.7,84.1193
37423.9,84.109
37434,84.0891
37444.1,84.0652
37454.3,84.0411
37464.4,84.015
37474.5,83.9805
37484.7,83.9457
37494.8,83.9169
37504.9,83.8915
37515,83.8739
37525.2,83.8563
37535.3,83.826
