10.2102,0.0969133
20.3417,0.209357
30.508,0.349426
40.672,0.474777
50.8177,0.605224
60.9179,0.620549
71.091,0.533757
81.2544,0.454564
91.357,0.323851
101.582,0.279765
111.696,0.347179
121.769,0.418713
131.877,0.494163
141.98,0.573347
152.056,0.563711
162.166,0.476422
172.245,0.391671
182.313,0.333378
192.426,-0.306467
202.504,-0.311533
212.573,-0.311533
222.679,-0.321425
232.785,-0.318981
242.853,-0.321425
252.96,-0.301316
263.035,-0.301316
273.103,-0.30901
283.209,-0.326259
293.286,-0.338041
303.356,-0.351659
313.465,-0.353877
323.544,-0.335718
333.613,-0.326259
343.719,-0.311533
353.799,-0.323851
363.867,-0.349426
373.973,-0.375344
384.05,-0.383594
394.119,-0.387653
404.226,-0.426125
414.303,-0.506676
424.371,-0.597414
434.514,-0.641632
444.621,-0.646493
454.713,-0.652518
464.872,-0.676083
475.012,-0.701089
485.111,-0.729538
495.272,-0.741245
505.415,-0.73913
515.516,-0.740189
525.691,0.73701
535.841,0.73913
545.944,0.745457
556.126,0.786334
566.26,0.857744
576.363,0.91428
586.539,0.977979
596.663,1.01413
606.762,1.06971
616.939,1.1302
627.081,1.23478
637.181,1.36198
647.355,1.4925
657.493,1.62554
667.598,1.77161
677.802,1.91962
687.957,2.05815
698.058,2.20361
708.242,2.35239
718.382,2.49608
728.485,2.6352
738.667,2.77693
748.82,2.91044
758.916,3.03034
769.089,3.15413
779.239,3.2816
789.342,3.41119
799.531,3.54378
809.739,3.67925
819.842,3.81545
829.999,3.95409
840.132,4.13601
850.234,4.3148
860.406,4.49537
870.546,4.70703
880.648,4.92392
890.797,5.1408
900.943,5.35898
911.044,5.57271
921.22,5.78789
931.342,6.0405
941.453,6.31146
951.595,6.57781
961.714,6.84491
971.814,7.13707
981.958,7.44283
992.112,7.75121
1002.21,8.06189
1012.35,8.36209
1022.5,8.66447
1032.6,8.96541
1042.75,9.25126
1052.9,9.53776
1063,9.80697
1073.17,10.0809
1083.32,10.3552
1093.45,10.6173
1103.63,10.8842
1113.77,11.1503
1123.87,11.4092
1134.04,11.6623
1144.18,11.9153
1154.28,12.1876
1164.45,12.4606
1174.59,12.734
1184.69,12.9894
1194.88,13.2327
1205.04,13.4767
1215.14,13.7254
1225.32,13.9752
1235.45,14.2245
1245.55,14.5554
1255.73,14.9566
1265.85,15.3458
1275.95,15.7345
1286.14,16.0747
1296.28,16.3126
1306.38,16.5497
1316.56,16.9219
1326.69,17.2243
1336.79,17.5271
1346.96,17.7811
1357.1,18.0875
1367.2,18.3938
1377.38,18.6501
1387.52,18.9155
1397.62,19.1803
1407.81,19.5022
1417.95,19.8347
1428.05,20.1663
1438.24,20.4916
1448.37,20.8066
1458.47,21.1213
1468.64,21.4003
1478.78,21.6563
1488.89,21.9117
1499.07,22.1831
1509.2,22.5046
1519.34,22.8266
1529.53,23.1653
1539.67,23.5291
1549.77,23.8902
1559.97,24.2534
1570.1,24.5998
1580.2,24.9448
1590.39,25.2866
1600.52,25.6272
1610.63,25.969
1620.81,26.3122
1630.94,26.6677
1641.04,27.0546
1651.21,27.4432
1661.33,27.8311
1671.43,28.2116
1681.61,28.5942
1691.74,28.9717
1701.84,29.3572
1712.01,29.7439
1722.15,30.1323
1732.25,30.5059
1742.43,30.8807
1752.57,31.2575
1762.67,31.6381
1772.84,32.02
1782.97,32.4057
1793.07,32.7976
1803.26,33.1918
1813.46,33.6034
1823.56,33.9987
1833.73,34.3928
1843.86,34.7666
1853.97,35.1345
1864.12,35.5034
1874.24,35.8918
1884.34,36.2972
1894.51,36.7041
1904.64,37.0942
1914.73,37.4644
1924.88,37.8338
1935.03,38.2049
1945.13,38.5757
1955.29,38.9412
1965.45,39.3081
1975.55,39.659
1985.7,40.0051
1995.82,40.351
2005.92,40.7051
2016.09,41.0637
2026.21,41.4221
2036.31,41.7725
2046.51,42.1237
2056.66,42.4751
2066.76,42.8293
2076.92,43.2039
2087.07,43.5793
2097.17,43.9528
2107.35,44.3127
2117.5,44.6725
2127.6,45.0186
2137.8,45.3672
2147.92,45.7149
2158.02,46.06
2168.2,46.3954
2178.34,46.7305
2188.47,47.0616
2198.67,47.4025
2208.8,47.742
2218.89,48.0574
2229.09,48.3942
2239.23,48.7308
2249.34,49.1114
2259.51,49.5015
2269.65,49.891
2279.75,50.2793
2289.93,50.6851
2300.07,51.1086
2310.17,51.5308
2320.34,51.9538
2330.47,52.3767
2340.57,52.7982
2350.76,53.2112
2360.9,53.615
2371,54.0171
2381.17,54.4141
2391.29,54.8265
2401.39,55.2384
2411.56,55.6933
2421.69,56.1624
2431.79,56.6303
2441.96,57.0707
2452.1,57.506
2462.2,57.9399
2472.38,58.3871
2482.51,58.8071
2492.62,59.2262
2502.79,59.6218
2512.93,60.0085
2523.03,60.394
2533.2,60.7813
2543.32,61.1631
2553.44,61.5372
2563.61,61.9119
2573.74,62.2672
2583.84,62.6127
2594.01,62.9594
2604.15,63.3293
2614.25,63.7235
2624.41,64.1187
2634.56,64.4681
2644.66,64.7748
2654.83,65.0825
2664.96,65.3998
2675.06,65.7291
2685.23,66.0601
2695.35,66.3918
2705.45,66.7016
2715.62,67.0126
2725.75,67.3162
2735.84,67.6378
2746,67.9602
2756.13,68.307
2766.23,68.6329
2776.41,68.9605
2786.53,69.2554
2796.63,69.5342
2806.81,69.8143
2816.93,70.0988
2827.03,70.3974
2837.21,70.6972
2847.33,71.0046
2857.43,71.3008
2867.62,71.5985
2877.74,71.8784
2887.84,72.1781
2898.03,72.4794
2908.15,72.7924
2918.25,73.0822
2928.42,73.3348
2938.54,73.5875
2948.64,73.8138
2958.83,74.041
2968.95,74.2707
2979.05,74.5141
2989.2,74.7516
2999.35,74.9897
3009.45,75.2126
3019.61,75.4276
3029.77,75.6432
3039.87,75.8546
3050.02,76.0845
3060.17,76.3151
3070.27,76.5457
3080.46,76.7457
3090.59,76.9454
3100.69,77.0846
3110.88,77.1715
3121.03,77.2585
3131.13,77.3266
3141.31,77.4181
3151.45,77.5103
3161.55,77.643
3171.73,77.7918
3181.87,77.9409
3191.97,78.0898
3202.17,78.2522
3212.32,78.4146
3222.42,78.6192
3232.59,78.809
3242.72,78.9985
3252.82,79.1678
3262.99,79.3483
3273.12,79.5281
3283.21,79.7076
3293.39,79.8886
3303.51,80.072
3313.61,80.255
3323.76,80.4419
3333.88,80.6148
3343.97,80.7875
3354.12,80.9417
3364.25,81.0747
3374.34,81.2075
3384.5,81.3327
3394.63,81.4472
3404.72,81.5615
3414.89,81.6501
3425.01,81.724
3435.11,81.7978
3445.27,81.8874
3455.39,81.9896
3465.49,82.0915
3475.68,82.194
3485.81,82.281
3495.9,82.3678
3506.07,82.4152
3516.2,82.4397
3526.29,82.4642
3536.45,82.4796
3546.58,82.492
3556.67,82.5043
3566.83,82.5092
3576.96,82.4883
3587.05,82.4676
3597.21,82.4395
3607.34,82.4156
3617.43,82.4029
3627.6,82.3903
3637.77,82.3771
3647.87,82.3535
3658.03,82.3298
3668.16,82.3015
3678.26,82.2728
3688.36,82.244
3698.44,82.2099
3708.5,82.1631
3718.6,82.1163
3728.68,82.0641
3738.74,82.0185
3748.83,81.9728
3758.9,81.9388
3768.97,81.8956
3779.07,81.8524
3789.14,81.7872
3799.21,81.7206
3809.3,81.6539
3819.38,81.5839
3829.45,81.5019
3839.54,81.4198
3849.62,81.3261
3859.69,81.2273
3869.79,81.1284
3879.86,81.028
3889.93,80.9176
3900.03,80.807
3910.11,80.6878
3920.17,80.5682
3930.27,80.4485
3940.35,80.332
3950.41,80.2215
3960.52,80.1109
3970.59,79.9983
3980.65,79.8749
3990.76,79.7513
4000.83,79.6127
4010.92,79.468
4021.02,79.3229
4031.1,79.1895
4041.16,79.0692
4051.25,78.9488
4061.33,78.8399
4071.4,78.7278
4081.48,78.6081
4091.56,78.4884
4101.62,78.3641
4111.72,78.2395
4121.8,78.1194
4131.86,77.973
4141.95,77.8044
4152.03,77.6358
4162.09,77.4541
4172.18,77.2426
4182.26,77.031
4192.32,76.809
4202.41,76.5777
4212.49,76.3462
4222.55,76.101
4232.65,75.8615
4242.72,75.6222
4252.79,75.3918
4262.87,75.1357
4272.95,74.8794
4283.01,74.6032
4293.1,74.3523
4303.17,74.1013
4313.24,73.8416
4323.33,73.5435
4333.4,73.2455
4343.48,72.9211
4353.57,72.6057
4363.64,72.29
4373.7,71.9678
4383.8,71.6069
4393.87,71.246
4403.93,70.8774
4414.03,70.5075
4424.1,70.1377
4434.17,69.7634
4444.26,69.3859
4454.34,69.0084
4464.41,68.639
4474.51,68.2676
4484.58,67.8963
4494.64,67.5213
4504.73,67.1464
4514.8,66.7712
4524.87,66.4087
4534.97,66.0691
4545.04,65.7295
4555.11,65.3893
4565.2,65.0026
4575.27,64.6163
4585.36,64.1964
4595.53,63.7898
4605.65,63.4148
4615.75,63.0409
4625.92,62.6617
4636.06,62.2823
4646.16,61.8706
4656.32,61.4817
4666.43,61.1136
4676.52,60.7463
4686.69,60.3457
4696.82,59.9368
4706.92,59.5295
4717.1,59.1635
4727.22,58.8347
4737.32,58.5067
4747.5,58.1467
4757.62,57.7615
4767.72,57.3772
4777.88,56.9785
4788.01,56.6187
4798.1,56.2597
4808.28,55.926
4818.41,55.5788
4828.5,55.2326
4838.7,54.8776
4848.83,54.5253
4858.93,54.1738
4869.1,53.819
4879.23,53.4452
4889.33,53.0725
4899.49,52.6989
4909.62,52.3327
4919.71,51.9673
4929.88,51.5963
4940.01,51.2136
4950.1,50.832
4960.28,50.459
4970.42,50.1086
4980.52,49.7926
4990.69,49.4752
5000.82,49.185
5010.92,48.9141
5021.09,48.6428
5031.22,48.3591
5041.32,48.0446
5051.58,47.7263
5061.73,47.3734
5071.82,46.9738
5082,46.5736
5092.14,46.1731
5102.24,45.7561
5112.42,45.3374
5122.55,44.9128
5132.64,44.4873
5142.83,44.0599
5152.97,43.6463
5163.07,43.24
5173.25,42.8323
5183.4,42.416
5193.55,42.0041
5203.68,41.5948
5213.81,41.202
5223.9,40.8071
5234.03,40.4122
5244.17,40.0071
5254.27,39.6123
5264.44,39.2169
5274.58,38.8123
5284.68,38.4041
5294.82,37.9959
5304.95,37.5767
5315.04,37.1598
5325.17,36.7432
5335.3,36.3215
5345.39,35.9394
5355.52,35.5578
5365.64,35.1513
5375.74,34.7613
5385.87,34.3544
5395.99,33.9474
5406.09,33.5575
5416.22,33.1637
5426.36,32.7687
5436.46,32.3667
5446.61,31.9589
5456.73,31.5509
5466.83,31.1555
5476.97,30.7842
5487.09,30.4127
5497.19,30.0488
5507.33,29.6593
5517.46,29.2701
5527.56,28.8696
5537.71,28.47
5547.85,28.0699
5557.96,27.6658
5568.14,27.2779
5578.26,26.8921
5588.36,26.4996
5598.5,26.0924
5608.64,25.6843
5618.74,25.281
5628.91,24.8956
5639.04,24.5116
5649.14,24.131
5659.31,23.752
5669.43,23.3836
5679.52,23.0169
5689.67,22.6536
5699.81,22.278
5709.9,21.9041
5720.1,21.5387
5730.24,21.1833
5740.34,20.8308
5750.5,20.4867
5760.64,20.1226
5770.74,19.7612
5780.91,19.3865
5791.03,19.0185
5801.13,18.6517
5811.3,18.3268
5821.42,18.0437
5831.52,17.7712
5841.7,17.5238
5851.82,17.2457
5861.92,16.9773
5872.09,16.721
5882.21,16.4471
5892.31,16.1761
5902.48,15.8513
5912.61,15.5149
5922.7,15.1792
5932.88,14.8882
5943.01,14.6374
5953.11,14.3888
5963.28,14.1507
5973.45,13.8925
5983.55,13.6504
5993.72,13.4089
6003.86,13.1479
6013.96,12.8877
6024.13,12.6048
6034.26,12.3338
6044.36,12.0907
6054.52,11.8472
6064.66,11.6131
6074.76,11.3583
6084.95,11.1029
6095.09,10.8589
6105.19,10.6315
6115.39,10.404
6125.52,10.1759
6135.62,9.92003
6145.79,9.6637
6155.93,9.40798
6166.03,9.18385
6176.21,8.95885
6186.35,8.7486
6196.46,8.56489
6206.64,8.38118
6216.79,8.19966
6226.89,8.01082
6237.08,7.82163
6247.21,7.61706
6257.3,7.39151
6267.48,7.16609
6277.63,6.96963
6287.73,6.81831
6297.91,6.66721
6308.06,6.53804
6318.16,6.3987
6328.34,6.25938
6338.49,6.08918
6348.58,5.89791
6358.76,5.70779
6368.92,5.52743
6379.02,5.37008
6389.18,5.24647
6399.3,5.1234
6409.4,5.03477
6419.56,4.94644
6429.71,4.86747
6439.81,4.77916
6449.98,4.66258
6460.11,4.54679
6470.29,4.39034
6480.45,4.23089
6490.57,4.07288
6500.67,3.93265
6510.82,3.8214
6520.97,3.70976
6531.08,3.62135
6541.25,3.53604
6551.39,3.45225
6561.49,3.36382
6571.66,3.25742
6581.82,3.15065
6591.92,3.06144
6602.1,2.99997
6612.25,2.94014
6622.36,2.89939
6632.54,2.8534
6642.68,2.77468
6652.78,2.6983
6662.97,2.63965
6673.1,2.5836
6683.24,2.5522
6693.5,2.50359
6703.64,2.46198
6713.74,2.42223
6723.88,2.40439
6734.01,2.39493
6744.11,2.38871
6754.27,2.3597
6764.42,2.3236
6774.52,2.29001
6784.67,2.28556
6794.81,2.31246
6804.9,2.34339
6815.07,2.36633
6825.21,2.37194
6835.31,2.38084
6845.48,2.38248
6855.61,2.40048
6865.71,2.41964
6875.88,2.48129
6886.01,2.53929
6896.11,2.60051
6906.29,2.63341
6916.43,2.64853
6926.53,-2.6662
6936.7,-2.71709
6946.82,-2.79324
6956.91,-2.87308
6967.01,-2.93881
6977.1,-2.95633
6987.24,-2.97586
6997.42,-2.98007
7007.64,-2.95316
7017.75,-2.96136
7027.84,-2.97033
7038.02,-2.99997
7048.16,-2.96849
7058.26,-2.93934
7068.42,-2.88396
7078.55,-2.86298
7088.65,-2.84295
7098.83,-2.86162
7108.97,-2.89615
7119.06,-2.93107
7129.24,-2.94067
7139.37,-2.89939
7149.47,-2.86107
7159.64,-2.78116
7169.79,-2.71162
7179.92,-2.64439
7190.1,-2.62418
7200.24,-2.65738
7210.33,-2.69133
7220.51,-2.72486
7230.65,-2.73375
7240.74,-2.74347
7250.92,-2.74917
7261.06,-2.78875
7271.15,-2.8286
7281.33,-2.89182
7291.46,-2.93214
7301.56,-2.97323
7311.74,-2.98138
7321.87,-2.98401
7331.97,-2.98663
7342.14,-3.01376
7352.27,-3.03679
7362.37,-3.03937
7372.55,-3.0422
7382.69,-3.01636
7392.79,-3.0148
7402.95,-3.01298
7413.1,-3.01947
7423.21,-3.05376
7433.38,-3.08867
7443.53,-3.13171
7453.63,-3.13571
7463.81,-3.13995
7473.96,-3.1217
7484.06,-3.12996
7494.23,-3.13895
7504.38,-3.19922
7514.48,-3.26917
7524.65,-3.33906
7534.8,-3.40154
7544.9,-3.42995
7555.07,-3.45859
7565.2,-3.46696
7575.3,-3.44816
7585.47,-3.43018
7595.62,-3.40568
7605.72,-3.38169
7615.89,-3.35846
7626.04,-3.35193
7636.14,-3.36521
7646.32,-3.37868
7656.47,-3.41784
7666.58,-3.45859
7676.73,-3.4852
7686.87,-3.5116
7696.97,-3.51761
7707.13,-3.50959
7717.27,-3.50223
7727.37,-3.52273
7737.52,-3.55723
7747.67,-3.59226
7757.76,-3.63731
7767.93,-3.6487
7778.05,-3.66048
7788.15,-3.66689
7798.32,-3.69263
7808.47,-3.71861
7818.55,-3.7715
7828.65,-3.81504
7838.73,-3.85931
7848.79,-3.85119
7858.9,-3.83081
7868.97,-3.81093
7879.04,-3.8175
7889.14,-3.80353
7899.21,-3.79013
7909.28,-3.72429
7919.42,-3.67222
7929.52,-3.62091
7939.61,-3.60618
7949.79,-3.60987
7959.94,-3.61377
7970.04,-3.61204
7980.22,-3.58921
7990.37,-3.5669
8000.47,-3.56184
8010.66,-3.58856
8020.81,-3.61594
8030.91,-3.63645
8041.09,-3.63214
8051.24,-3.62739
8061.34,-3.60488
8071.52,-3.58594
8081.66,-3.57873
8091.76,-3.57172
8101.93,-3.58594
8112.07,-3.61529
8122.17,-3.64462
8132.34,-3.71608
8142.48,-3.80374
8152.58,-3.89324
8162.75,-3.93225
8172.89,-3.88599
8183.03,-3.84122
8193.24,-3.75235
8203.38,-3.68796
8213.48,-3.6248
8223.62,-3.61356
8233.76,-3.62545
8243.86,-3.63838
8254.02,-3.6487
8264.16,-3.64333
8274.25,-3.63817
8284.42,-3.58397
8294.56,-3.53559
8304.66,-3.48924
8314.83,-3.4735
8324.98,-3.50647
8335.09,-3.53958
8345.25,-3.55789
8355.39,-3.52917
8365.5,-3.50044
8375.67,-3.46357
8385.8,-3.42927
8395.9,-3.39555
8406.07,-3.36149
8416.22,-3.30205
8426.31,-3.2316
8436.47,-3.16132
8446.6,-3.08385
8456.71,-3.00752
8466.9,-2.93214
8477.05,-2.8534
8487.15,-2.80358
8497.32,-2.75713
8507.46,-2.70786
8517.57,-2.67412
8527.75,-2.64587
8537.87,-2.56261
8547.96,-2.53898
8558.14,-2.52414
8568.27,-2.60141
8578.37,-2.73117
8588.56,-2.87689
8598.71,-2.99631
8608.81,-3.13396
8618.99,-3.28708
8629.14,3.52606
8639.24,3.79405
8649.4,4.0723
8659.52,4.30517
8669.62,4.47774
8679.72,4.6604
8689.87,4.79666
8699.99,4.88593
8710.28,4.98931
8720.45,5.0667
8730.55,5.13851
8740.69,5.24946
8750.93,5.3711
8761.07,5.56821
8771.23,5.7719
8781.44,6.03415
8791.58,6.29643
8801.72,6.54247
8811.97,6.79807
8822.09,7.04885
8832.23,7.29918
8842.48,7.55719
8852.6,7.81331
8862.74,8.06665
8872.99,8.33093
8883.13,8.61014
8893.27,8.88192
8903.51,9.16002
8913.65,9.41222
8923.79,9.64941
8934,9.89329
8944.15,10.138
8954.29,10.3948
8964.48,10.6546
8974.62,10.9218
8984.76,11.1913
8994.95,11.4624
9005.09,11.7157
9015.23,11.938
9025.4,12.164
9035.52,12.3901
9045.67,12.6448
9055.85,12.9416
9066,13.2389
9076.15,13.5953
9086.36,13.9753
9096.49,14.354
9106.64,14.7357
9116.86,15.092
9126.98,15.4471
9137.12,15.7818
9147.33,16.1073
9157.47,16.4325
9167.61,16.7547
9177.8,17.0876
9187.94,17.4208
9198.09,17.7499
9208.25,18.0783
9218.39,18.4069
9228.53,18.7241
9238.76,19.0524
9248.9,19.3801
9259.05,19.7162
9269.2,20.0388
9279.35,20.3614
9289.5,20.6928
9299.76,21.0236
9309.91,21.3522
9320.05,21.6824
9330.3,21.9984
9340.42,22.2986
9350.58,22.599
9360.83,22.8944
9370.95,23.2058
9381.11,23.518
9391.35,23.831
9401.48,24.1564
9411.63,24.4818
9421.88,24.8108
9432,25.1506
9442.16,25.4908
9452.39,25.8593
9462.52,26.2207
9472.67,26.5822
9482.9,26.9389
9493.04,27.2845
9503.19,27.6299
9513.47,27.9734
9523.61,28.321
9533.74,28.666
9543.96,29.0163
9554.08,29.3474
9564.22,29.6779
9574.39,30.0078
9584.53,30.3273
9594.66,30.6368
9604.87,30.9481
9615,31.2312
9625.14,31.5184
9635.37,31.8077
9645.49,32.0992
9655.63,32.3868
9665.85,32.6763
9676,32.9531
9686.16,33.2483
9696.38,33.5452
9706.52,33.8538
9716.66,34.1555
9726.87,34.4585
9737.01,34.7647
9747.16,35.0671
9757.38,35.3713
9767.52,35.6641
9777.66,35.9629
9787.9,36.2639
9798.04,36.5665
9808.19,36.8575
9818.42,37.1508
9828.56,37.437
9838.7,37.7406
9848.95,38.0465
9859.08,38.3524
9869.22,38.6444
9879.41,38.9509
9889.55,39.257
9899.69,39.5889
9909.91,39.9229
9920.06,40.2691
9930.2,40.623
9940.38,40.9619
9950.5,41.3005
9960.66,41.6317
9970.82,41.9653
9980.94,42.2985
9991.09,42.6271
10001.3,42.9566
10011.4,43.2848
10021.6,43.6174
10031.8,43.9701
10042,44.3217
10052.1,44.6872
10062.3,45.0515
10072.4,45.4151
10082.6,45.7788
10092.8,46.1314
10102.9,46.483
10113.1,46.8382
10123.3,47.2062
10133.5,47.5647
10143.6,47.9224
10153.8,48.2836
10164,48.6379
10174.1,48.9914
10184.3,49.3411
10194.4,49.6874
10204.6,50.0329
10214.8,50.3693
10224.9,50.6856
10235,51.0012
10245.2,51.3311
10255.4,51.6762
10265.5,52.0212
10275.7,52.3694
10285.9,52.7282
10296,53.0864
10306.2,53.4471
10316.4,53.8141
10326.5,54.1806
10336.7,54.5597
10346.9,54.9291
10357,55.2988
10367.3,55.6577
10377.4,56.0172
10387.6,56.3759
10397.8,56.7511
10407.9,57.134
10418.1,57.5176
10428.3,57.9063
10438.4,58.2772
10448.6,58.6474
10458.8,59.0002
10468.9,59.3272
10479.1,59.6436
10489.3,59.9628
10499.5,60.2748
10509.7,60.5734
10519.9,60.8766
10530,61.1788
10540.2,61.5303
10550.4,61.8845
10560.6,62.2337
10570.7,62.5585
10580.9,62.8859
10591.1,63.2012
10601.2,63.527
10611.4,63.8543
10621.6,64.193
10631.7,64.512
10641.9,64.8329
10652.1,65.1272
10662.2,65.4179
10672.4,65.7089
10682.6,66.0055
10692.7,66.3055
10702.9,66.6076
10713.1,66.9041
10723.2,67.2056
10733.5,67.5078
10743.6,67.7836
10753.8,68.0952
10763.9,68.4077
10774.1,68.7203
10784.2,68.9857
10794.4,69.2447
10804.5,69.5035
10814.7,69.771
10824.9,70.041
10835,70.3109
10845.1,70.5676
10855.3,70.8355
10865.5,71.103
10875.6,71.3601
10885.8,71.6207
10895.9,71.8814
10906.1,72.1445
10916.2,72.4327
10926.4,72.7204
10936.5,73.007
10946.7,73.2732
10956.9,73.5388
10967,73.7878
10977.2,74.0496
10987.3,74.3113
10997.5,74.5792
11007.6,74.842
11017.8,75.1051
11027.9,75.3492
11038.1,75.5865
11048.2,75.8209
11058.4,76.0554
11068.6,76.2711
11078.7,76.4598
11088.8,76.6487
11099,76.8354
11109.2,77.0256
11119.3,77.216
11129.5,77.4268
11139.7,77.6301
11149.8,77.8333
11160,78.0351
11170,78.2512
11180.1,78.4677
11190.3,78.6733
11200.3,78.8619
11210.5,79.0509
11220.6,79.2368
11230.6,79.4056
11240.8,79.5747
11250.9,79.7373
11260.9,79.8631
11271.1,79.9892
11281.2,80.1049
11291.3,80.2182
11301.4,80.3317
11311.5,80.4308
11321.6,80.5147
11331.7,80.5997
11341.8,80.643
11351.9,80.6369
11362,80.6319
11372.2,80.6206
11382.3,80.6368
11392.4,80.6395
11402.6,80.6435
11412.7,80.5983
11422.9,80.5304
11433.1,80.4627
11443.2,80.4731
11453.3,80.5692
11463.5,80.6658
11473.7,80.7702
11483.8,80.8811
11494,80.9923
11504.1,81.1268
11514.2,81.2718
11524.4,81.417
11534.5,81.5582
11544.7,81.6795
11554.8,81.8012
11565,81.8981
11575.1,81.9972
11585.3,82.0967
11595.4,82.2033
11605.6,82.2925
11615.7,82.3818
11625.9,82.459
11636,82.538
11646.2,82.6171
11656.3,82.6751
11666.5,82.7279
11676.6,82.7976
11686.8,82.8675
11696.9,82.9411
11707.1,83.0041
11717.2,83.0671
11727.3,83.1132
11737.5,83.1492
11747.6,83.1852
11757.8,83.232
11767.9,83.2528
11778.1,83.2736
11788.2,83.2823
11798.4,83.3018
11808.5,83.3213
11818.6,83.3559
11828.8,83.391
11839,83.4261
11849.1,83.4352
11859.3,83.4388
11869.4,83.4424
11879.6,83.4692
11889.8,83.5289
11899.9,83.5884
11910,83.6557
11920.2,83.6882
11930.4,83.7205
11940.5,83.7068
11950.7,83.6849
11960.9,83.6632
11971,83.6523
11981.2,83.6231
11991.4,83.5836
12001.5,83.5442
12011.7,83.4956
12021.8,83.4522
12032,83.409
12042.1,83.3788
12052.3,83.3511
12062.4,83.3233
12072.6,83.2953
12082.7,83.2748
12092.8,83.2544
12103,83.2173
12113.1,83.1566
12123.3,83.0959
12133.5,83.0165
12143.7,82.9427
12153.8,82.869
12164,82.8063
12174.1,82.729
12184.2,82.6518
12194.4,82.5668
12204.5,82.4858
12214.7,82.4048
12224.9,82.3225
12235,82.2278
12245.1,82.1332
12255.3,82.0249
12265.5,81.8977
12275.6,81.7664
12285.8,81.6348
12295.9,81.499
12306,81.3638
12316.2,81.2283
12326.3,81.0782
12336.5,80.861
12346.6,80.6432
12356.8,80.3905
12366.9,80.165
12377.1,79.9392
12387.2,79.705
12397.3,79.4213
12407.5,79.1359
12417.7,78.8196
12427.8,78.533
12438,78.2447
12448.2,77.9773
12458.3,77.6952
12468.5,77.4121
12478.6,77.0917
12488.8,76.7722
12498.9,76.4525
12509.1,76.16
12519.2,75.8596
12529.4,75.5583
12539.5,75.214
12549.7,74.8619
12559.8,74.5084
12570,74.1943
12580.1,73.9089
12590.3,73.6234
12600.4,73.3066
12610.6,72.911
12620.7,72.4897
12630.9,72.0681
12641,71.6244
12651.2,71.1747
12661.3,70.7258
12671.4,70.2695
12681.5,69.8346
12691.7,69.3991
12701.8,68.9906
12711.9,68.5708
12722.1,68.1515
12732.2,67.7397
12742.3,67.3428
12752.4,66.9452
12762.5,66.5654
12772.7,66.1832
12782.8,65.8015
12792.9,65.3853
12803.1,64.9436
12813.2,64.5031
12823.3,64.0641
12833.6,63.6251
12843.7,63.1881
12853.8,62.7714
12863.9,62.3782
12874.1,61.9843
12884.2,61.5772
12894.3,61.1368
12904.5,60.696
12914.6,60.2352
12924.8,59.7853
12934.9,59.3554
12945,58.9265
12955.1,58.4946
12965.3,58.0617
12975.4,57.6296
12985.5,57.1958
12995.7,56.7449
13005.8,56.2955
13015.9,55.846
13026.1,55.3848
13036.2,54.9249
13046.3,54.458
13056.5,54.0259
13066.6,53.5952
13076.8,53.1965
13086.9,52.8116
13097,52.4275
13107.1,52.0189
13117.3,51.6019
13127.4,51.1862
13137.6,50.7762
13147.7,50.4032
13157.8,50.0306
13167.9,49.6398
13178.1,49.1936
13188.2,48.7487
13198.3,48.2901
13208.5,47.8346
13218.6,47.3806
13228.7,46.9347
13238.9,46.4633
13249,45.9928
13259.1,45.5283
13269.3,45.0886
13279.4,44.6508
13289.6,44.2244
13299.7,43.8401
13309.8,43.4564
13319.9,43.0689
13330.1,42.6582
13340.2,42.2795
13350.4,41.8993
13360.5,41.5272
13370.6,41.1824
13380.7,40.8367
13390.9,40.4529
13401,40.0716
13411.1,39.6896
13421.3,39.3014
13431.4,38.9196
13441.6,38.5358
13451.7,38.1193
13461.8,37.6787
13472,37.2364
13482.1,36.7724
13492.2,36.3012
13502.4,35.8289
13512.5,35.3445
13522.6,34.851
13532.8,34.361
13542.9,33.8932
13553,33.4674
13563.2,33.0419
13573.4,32.6525
13583.5,32.2696
13593.6,31.886
13603.8,31.4723
13613.9,31.0562
13624,30.6402
13634.1,30.2235
13644.2,29.8144
13654.4,29.4054
13664.6,28.9945
13674.7,28.5884
13684.8,28.192
13694.9,27.7963
13705,27.3929
13715.2,26.9863
13725.3,26.5792
13735.4,26.1741
13745.6,25.7631
13755.7,25.3531
13765.8,24.9804
13776,24.6144
13786.1,24.2481
13796.2,23.8422
13806.4,23.414
13816.5,22.9847
13826.6,22.5772
13836.8,22.1993
13846.9,21.8206
13857,21.446
13867.2,21.0725
13877.3,20.7002
13887.4,20.3109
13897.6,19.9155
13907.7,19.5371
13917.8,19.1598
13928,18.7914
13938.1,18.4329
13948.2,18.0756
13958.4,17.7306
13968.6,17.3948
13978.6,17.0601
13988.8,16.7038
13999,16.3246
14009,15.9467
14019.3,15.5907
14029.4,15.2793
14039.5,14.9714
14049.7,14.6784
14059.8,14.3735
14069.9,14.0692
14080.1,13.7579
14090.2,13.4587
14100.3,13.1612
14110.5,12.8443
14120.6,12.5232
14130.7,12.2037
14140.9,11.8723
14151,11.5645
14161.1,11.2595
14171.3,10.9676
14181.5,10.6874
14191.6,10.4084
14201.8,10.0888
14211.9,9.74887
14222,9.41097
14232.2,9.0928
14242.3,8.83549
14252.5,8.58326
14262.7,8.35178
14272.8,8.09331
14282.9,7.83683
14293.1,7.55771
14303.2,7.25958
14313.3,6.97603
14323.5,6.69358
14333.6,6.42825
14343.7,6.19664
14353.9,5.96904
14364,5.7541
14374.1,5.53408
14384.3,5.31644
14394.4,5.07334
14404.5,4.81588
14414.7,4.56158
14424.8,4.33977
14434.9,4.14301
14445.1,3.95053
14455.3,3.79612
14465.4,3.6975
14475.5,3.60814
14485.7,3.49193
14495.8,3.33531
14506,3.18303
14516.1,3.0148
14526.2,2.88586
14536.4,2.76705
14546.5,2.70786
14556.6,2.65001
14566.8,2.59931
14576.9,2.51202
14587,2.43769
14597.2,2.39428
14607.3,2.35937
14617.4,-2.34373
14627.5,-2.32293
14637.5,-2.31584
14647.6,-2.32764
14657.7,-2.35206
14667.8,-2.38544
14677.8,-2.40439
14688.1,-2.39461
14698.3,-2.38871
14708.4,-2.39003
14718.5,-2.40732
14728.7,-2.4274
14738.8,-2.44891
14748.9,-2.47181
14759.1,-2.49702
14769.3,-2.52755
14779.4,-2.55741
14789.6,-2.59086
14799.7,-2.60592
14809.9,-2.61971
14820,-2.63935
14830.2,-2.6788
14840.3,-2.74261
14850.5,-2.80972
14860.6,-2.87172
14870.8,-2.91688
14880.9,-2.96374
14891.1,-2.98768
14901.2,-3.00492
14911.4,-3.02336
14921.6,-3.05119
14931.7,-3.08589
14941.9,-3.1222
14952,-3.16651
14962.1,-3.19824
14972.3,-3.23354
14982.4,-3.26941
14992.6,-3.30891
15002.7,-3.34398
15012.9,-3.38123
15023,-3.41073
15033.2,-3.43953
15043.3,-3.47012
15053.5,-3.51272
15063.7,-3.56711
15073.8,-3.62221
15083.9,-3.69835
15094.1,-3.76734
15104.2,-3.83632
15114.4,-3.88841
15124.5,-3.94497
15134.7,-4.00211
15144.8,-4.03542
15155,-4.05767
15165.1,-4.07998
15175.3,-4.09225
15185.4,-4.10333
15195.5,-4.11609
15205.7,-4.14716
15215.9,-4.16675
15226,-4.18718
15236.2,-4.20658
15246.3,-4.22088
15256.5,-4.23514
15266.6,-4.25947
15276.8,-4.28494
15286.9,-4.3079
15297.1,-4.33074
15307.2,-4.34391
15317.4,-4.36316
15327.5,-4.38231
15337.7,-4.40761
15347.8,-4.43841
15358,-4.46934
15368.2,-4.49589
15378.3,-4.50111
15388.4,-4.5065
15398.6,-4.50789
15408.7,-4.51344
15418.9,-4.52089
15429.1,-4.52885
15439.2,-4.53524
15449.3,-4.54163
15459.5,-4.53783
15469.7,-4.53438
15479.8,-4.53093
15490,-4.53404
15500.1,-4.5511
15510.2,-4.56878
15520.4,-4.58623
15530.5,-4.59254
15540.7,-4.59952
15550.9,-4.59186
15561,-4.57426
15571.2,-4.5566
15581.3,-4.54834
15591.5,-4.54387
15601.6,-4.53904
15611.8,-4.54163
15621.9,-4.54197
15632.1,-4.53248
15642.2,-4.52418
15652.4,-4.50406
15662.5,-4.47529
15672.7,-4.44757
15682.8,-4.4124
15693,-4.38856
15703.2,-4.36531
15713.3,-4.35022
15723.5,-4.34085
15733.7,-4.33273
15743.8,-4.32278
15753.9,-4.28987
15764.1,-4.25892
15774.2,-4.21699
15784.3,-4.166
15794.5,-4.11571
15804.7,-4.06865
15814.8,-4.02862
15825,-3.99055
15835.1,-3.93882
15845.2,-3.86944
15855.4,-3.80127
15865.5,-3.72324
15875.7,-3.67073
15885.8,-3.64548
15896,-3.62156
15906.1,-3.61485
15916.2,-3.61789
15926.4,-3.62113
15936.5,-3.62739
15946.7,-3.63795
15956.8,-3.65191
15967,-3.64333
15977.1,-3.59966
15987.3,-3.55745
15997.4,-3.47733
16007.6,-3.35239
16017.7,-3.22918
16027.9,-3.1227
16038,-3.00622
16048.2,-2.89182
16058.3,-2.77919
16068.5,-2.67851
16078.6,-2.58239
16088.8,-2.50422
16099,-2.44283
16109.1,-2.3897
16119.3,-2.32764
16129.4,-2.28076
16139.6,-2.24548
16149.7,-2.21283
16159.9,-2.15912
16170.1,-2.11702
16180.2,-2.04633
16190.4,-1.98537
16200.5,-1.94916
16210.7,1.95437
16220.8,2.01472
16231,2.11813
16241.1,2.24339
16251.3,2.39003
16261.4,2.54237
16271.5,2.70873
16281.7,2.86872
16291.8,3.05478
16302,3.24972
16312.2,3.47079
16322.3,3.72555
16332.4,3.98604
16342.6,4.25285
16352.7,4.5183
16362.8,4.79013
16373,5.05215
16383.1,5.29623
16393.3,5.54313
16403.5,5.79721
16413.6,6.04931
16423.8,6.30289
16433.9,6.56506
16444.1,6.82956
16454.2,7.09547
16464.4,7.35795
16474.5,7.61295
16484.6,7.87214
16494.8,8.13405
16504.9,8.40954
16515.1,8.70128
16525.2,8.99447
16535.4,9.30126
16545.5,9.60954
16555.7,9.91916
16565.8,10.2085
16575.9,10.4886
16586.1,10.7704
16596.2,11.0565
16606.4,11.3328
16616.6,11.6101
16626.7,11.8904
16636.8,12.1865
16647,12.4842
16657.1,12.795
16667.3,13.1068
16677.4,13.4219
16687.6,13.7489
16697.7,14.0879
16707.9,14.4287
16718,14.7921
16728.1,15.1657
16738.3,15.5415
16748.5,15.9309
16758.6,16.3059
16768.8,16.6834
16778.9,17.0466
16789,17.3963
16799.2,17.7471
16809.3,18.0953
16819.4,18.4463
16829.6,18.7982
16839.8,19.1544
16849.9,19.5136
16860,19.8727
16870.2,20.2333
16880.3,20.6016
16890.5,20.9679
16900.6,21.334
16910.7,21.696
16920.9,22.0536
16931,22.4112
16941.1,22.7623
16951.3,23.1081
16961.4,23.4538
16971.6,23.8021
16981.7,24.1368
16991.9,24.4733
17002,24.8043
17012.2,25.1412
17022.3,25.4786
17032.4,25.8202
17042.6,26.1696
17052.8,26.5192
17062.9,26.8706
17073.1,27.2292
17083.2,27.588
17093.3,27.9369
17103.5,28.2667
17113.7,28.5849
17123.8,28.9028
17134,29.2244
17144.1,29.5452
17154.2,29.8717
17164.4,30.1946
17174.5,30.5195
17184.6,30.8443
17194.8,31.1648
17204.9,31.4814
17215,31.7979
17225.2,32.1211
17235.3,32.4581
17245.5,32.7957
17255.6,33.148
17265.8,33.497
17275.9,33.8458
17286.1,34.179
17296.2,34.5127
17306.3,34.8465
17316.5,35.1747
17326.6,35.4845
17336.8,35.7944
17346.9,36.1301
17357.1,36.4721
17367.2,36.8141
17377.4,37.1618
17387.5,37.5026
17397.7,37.843
17407.8,38.2046
17418,38.56
17428.1,38.916
17438.3,39.2825
17448.4,39.6449
17458.5,40.0075
17468.7,40.3786
17478.8,40.7443
17489,41.1107
17499.1,41.4742
17509.3,41.8566
17519.4,42.2384
17529.6,42.6218
17539.7,43
17549.8,43.373
17560,43.7479
17570.1,44.1252
17580.3,44.5011
17590.4,44.8778
17600.6,45.2569
17610.7,45.6373
17620.9,46.0182
17631,46.3898
17641.1,46.7565
17651.3,47.1249
17661.4,47.4884
17671.6,47.8618
17681.7,48.2362
17691.9,48.6138
17702,48.9693
17712.2,49.3263
17722.3,49.673
17732.4,49.9974
17742.6,50.3242
17752.8,50.6872
17762.9,51.0766
17773,51.4668
17783.2,51.858
17793.3,52.2423
17803.5,52.6276
17813.6,53.0046
17823.7,53.3847
17833.9,53.7844
17844,54.1852
17854.1,54.5622
17864.2,54.9347
17874.4,55.3092
17884.5,55.6614
17894.6,55.9981
17904.8,56.3355
17914.8,56.6669
17925,56.9901
17935.2,57.3148
17945.2,57.6158
17955.3,57.9092
17965.4,58.2033
17975.5,58.487
17985.6,58.7875
17995.7,59.0883
18005.7,59.4027
18015.8,59.7183
18025.9,60.0339
18036,60.3496
18046.1,60.6664
18056.2,60.9831
18066.2,61.3061
18076.3,61.6307
18086.4,61.9556
18096.5,62.2558
18106.6,62.5476
18116.7,62.8397
18126.7,63.1429
18136.8,63.4603
18146.9,63.7778
18157,64.0802
18167.2,64.3618
18177.3,64.6428
18187.4,64.9132
18197.6,65.1931
18207.7,65.4576
18217.8,65.7218
18228,65.9766
18238.1,66.2268
18248.2,66.4765
18258.4,66.7646
18268.5,67.0523
18278.6,67.3391
18288.8,67.6048
18299,67.8614
18309,68.1171
18319.2,68.3971
18329.4,68.6739
18339.5,68.9498
18349.6,69.2197
18359.8,69.4802
18369.9,69.7399
18380,70.0118
18390.2,70.2893
18400.3,70.5664
18410.5,70.8403
18420.6,71.1098
18430.7,71.3782
18440.9,71.6284
18451.1,71.8695
18461.1,72.1096
18471.3,72.3398
18481.5,72.5874
18491.6,72.8346
18501.8,73.0831
18511.9,73.3233
18522,73.5781
18532.2,73.834
18542.3,74.0936
18552.4,74.3522
18562.6,74.611
18572.7,74.8535
18582.8,75.0875
18593,75.3228
18603.1,75.5572
18613.2,75.7813
18623.5,76.0066
18633.6,76.2461
18643.7,76.4992
18653.9,76.7533
18664,76.9949
18674.1,77.1869
18684.3,77.3795
18694.4,77.5681
18704.6,77.7701
18714.7,77.9724
18724.9,78.1803
18735,78.3556
18745.1,78.5312
18755.2,78.688
18765.3,78.8572
18775.5,79.0269
18785.7,79.2235
18795.8,79.4147
18805.9,79.6062
18816.1,79.7764
18826.2,79.9221
18836.4,80.0687
18846.5,80.2049
18856.6,80.356
18866.8,80.5073
18876.9,80.6426
18887,80.7444
18897.2,80.8464
18907.3,80.933
18917.4,81.0363
18927.6,81.1466
18937.7,81.2571
18947.8,81.3724
18958,81.4933
18968.1,81.6147
18978.2,81.739
18988.4,81.8583
18998.5,81.9778
19008.6,82.0889
19018.8,82.1726
19028.9,82.2568
19039,82.3328
19049.2,82.3898
19059.4,82.4468
19069.5,82.4805
19079.6,82.4679
19089.8,82.4554
19099.9,82.4143
19110.1,82.354
19120.2,82.2937
19130.3,82.2096
19140.5,82.1206
19150.7,82.0316
19160.8,81.9658
19171,81.9187
19181.1,81.8633
19191.2,81.8081
19201.4,81.7385
19211.5,81.669
19221.6,81.5979
19231.8,81.5204
19241.9,81.4304
19252,81.3406
19262.2,81.2255
19272.3,81.1111
19282.4,80.997
19292.6,80.8958
19302.7,80.7735
19312.8,80.6514
19323,80.5173
19333.2,80.3965
19343.3,80.276
19353.5,80.1545
19363.6,80.0209
19373.7,79.8885
19383.9,79.7693
19394.1,79.6681
19404.2,79.5673
19414.3,79.4578
19424.5,79.3255
19434.6,79.1936
19444.7,79.0902
19454.9,79.0174
19465,78.9446
19475.1,78.8591
19485.3,78.7405
19495.4,78.6223
19505.5,78.4935
19515.7,78.3695
19525.8,78.2461
19536,78.1156
19546.1,77.9753
19556.2,77.8353
19566.3,77.6518
19576.5,77.4668
19586.6,77.2833
19596.8,77.0992
19606.9,76.9151
19617,76.7317
19627.2,76.5162
19637.3,76.2942
19647.4,76.0879
19657.6,75.8807
19667.8,75.6897
19677.9,75.5076
19688,75.3248
19698.2,75.0926
19708.3,74.8347
19718.5,74.5756
19728.6,74.3188
19738.7,74.0618
19748.9,73.8038
19759,73.5411
19769.1,73.2617
19779.3,72.9815
19789.4,72.7139
19799.5,72.459
19809.7,72.2029
19819.9,71.9498
19830,71.6615
19840.1,71.373
19850.3,71.0431
19860.4,70.7191
19870.6,70.3948
19880.7,70.095
19890.8,69.8187
19901,69.5323
19911.1,69.2452
19921.2,68.9232
19931.4,68.5643
19941.5,68.2044
19951.6,67.8466
19961.8,67.4821
19971.9,67.1166
19982,66.751
19992.2,66.3871
20002.3,66.0223
20012.4,65.6649
20022.6,65.3337
20032.8,65.0025
20042.9,64.6801
20053,64.3472
20063.2,64.0148
20073.3,63.6629
20083.5,63.3288
20093.6,62.997
20103.7,62.6664
20113.9,62.3285
20124,61.9893
20134.1,61.6229
20144.3,61.2628
20154.5,60.9027
20164.6,60.5535
20174.7,60.2253
20184.9,59.897
20195,59.5742
20205.2,59.2289
20215.3,58.8841
20225.4,58.545
20235.6,58.179
20245.7,57.8285
20255.8,57.4792
20266,57.1623
20276.1,56.8949
20286.2,56.6283
20296.4,56.375
20306.5,56.069
20316.6,55.7648
20326.8,55.4054
20336.9,55.0454
20347,54.6861
20357.2,54.3139
20367.3,53.9533
20377.4,53.5933
20387.6,53.2173
20397.7,52.8268
20407.8,52.4376
20418,52.0337
20428.1,51.6178
20438.2,51.2035
20448.4,50.7569
20458.5,50.2919
20468.6,49.8282
20478.8,49.3862
20488.9,48.953
20499,48.5215
20509.2,48.1126
20519.3,47.7096
20529.4,47.3074
20539.6,46.8821
20549.7,46.477
20559.8,46.0733
20570,45.6865
20580.1,45.3153
20590.2,44.9326
20600.4,44.5486
20610.5,44.1285
20620.6,43.7214
20630.8,43.3127
20640.9,42.9365
20651,42.5788
20661.2,42.2197
20671.4,41.8334
20681.5,41.4347
20691.6,41.0351
20701.8,40.6049
20711.9,40.1618
20722,39.7174
20732.2,39.2676
20742.3,38.8352
20752.5,38.4014
20762.6,37.9873
20772.7,37.5833
20782.9,37.1783
20793,36.762
20803.1,36.332
20813.3,35.9023
20823.5,35.4638
20833.6,35.0532
20843.7,34.6435
20853.9,34.2472
20864,33.8454
20874.1,33.4323
20884.2,33.0188
20894.3,32.6008
20904.5,32.2289
20914.6,31.8562
20924.7,31.4354
20934.9,31.0162
20945,30.5961
20955.1,30.1435
20965.2,29.6706
20975.4,29.1961
20985.5,28.721
20995.6,28.2581
21005.8,27.7957
21015.9,27.3496
21026,26.918
21036.2,26.4874
21046.3,26.0883
21056.5,25.7049
21066.6,25.3221
21076.7,24.9352
21086.9,24.5341
21097,24.1339
21107.1,23.729
21117.2,23.3286
21127.4,22.9274
21137.5,22.5329
21147.7,22.1306
21157.8,21.7282
21167.9,21.3346
21178.1,20.9585
21188.2,20.583
21198.3,20.2231
21208.5,19.8819
21218.6,19.5404
21228.7,19.1997
21238.9,18.8661
21249.1,18.5368
21259.2,18.211
21269.3,17.8479
21279.5,17.4693
21289.6,17.0987
21299.8,16.7213
21309.9,16.3599
21320,15.9999
21330.2,15.6952
21340.3,15.4462
21350.4,15.2022
21360.6,14.9619
21370.7,14.7007
21380.8,14.4423
21390.9,14.1631
21401,13.8765
21411,13.5914
21421.1,13.2981
21431.2,13.0052
21441.3,12.7132
21451.4,12.4211
21461.5,12.1366
21471.5,11.8541
21481.7,11.5625
21491.8,11.2728
21501.9,10.9849
21512.1,10.7211
21522.2,10.5017
21532.3,10.2854
21542.5,10.1041
21552.6,9.93353
21562.7,9.7663
21572.9,9.55196
21583,9.30337
21593.1,9.06069
21603.3,8.83584
21613.5,8.66348
21623.6,8.52887
21633.7,8.39855
21643.9,8.22523
21654,8.00925
21664.1,7.79333
21674.3,7.533
21684.4,7.2585
21694.6,6.98781
21704.7,6.7308
21714.8,6.48875
21725,6.24711
21735.1,5.98725
21745.2,5.78505
21755.4,5.58422
21765.5,5.38638
21775.6,5.19398
21785.8,5.00404
21795.9,4.82173
21806,4.65872
21816.2,4.49589
21826.4,4.3385
21836.5,4.19726
21846.6,4.0596
21856.8,3.92907
21866.9,3.79013
21877.1,3.65641
21887.3,3.49103
21897.4,3.33554
21907.5,3.19016
21917.7,3.07165
21927.8,2.98794
21937.9,2.91124
21948.1,2.83992
21958.2,2.74376
21968.3,2.62508
21978.5,2.51171
21988.6,2.38314
21998.8,2.27182
22008.9,2.16888
22019,2.07821
22029.1,1.99363
22039.3,1.92573
22049.5,1.8688
22059.6,1.83071
22069.8,-1.81094
22079.9,-1.79095
22090,-1.78087
22100.1,-1.78789
22110.2,-1.8418
22120.3,-1.92776
22130.5,-2.02904
22140.7,-2.10924
22150.9,-2.17933
22161,-2.26492
22171.1,-2.35273
22181.3,-2.43641
22191.5,-2.52879
22201.6,-2.62657
22211.7,-2.73947
22221.9,-2.85778
22232,-2.98689
22242.2,-3.08106
22252.3,-3.17663
22262.4,-3.23765
22272.6,-3.2835
22282.7,-3.3186
22292.8,-3.3552
22303,-3.37706
22313.1,-3.402
22323.2,-3.43292
22333.5,-3.48025
22343.6,-3.53005
22353.7,-3.58091
22363.9,-3.62286
22374,-3.66582
22384.1,-3.70913
22394.3,-3.73143
22404.4,-3.75319
22414.5,-3.77523
22424.7,-3.77689
22434.8,-3.79302
22444.9,-3.80909
22455.1,-3.83224
22465.2,-3.87611
22475.3,-3.92029
22485.5,-3.97542
22495.7,-4.036
22505.8,-4.09703
22515.9,-4.14395
22526.1,-4.17988
22536.2,-4.2155
22546.4,-4.24953
22556.5,-4.2659
22566.6,-4.28184
22576.8,-4.31117
22586.9,-4.3522
22597,-4.3932
22607.2,-4.43911
22617.3,-4.48857
22627.4,-4.52141
22637.6,-4.55419
22647.7,-4.57169
22657.8,-4.60105
22668,-4.63023
22678.2,-4.6651
22688.3,-4.70504
22698.5,-4.7453
22708.6,-4.77884
22718.7,-4.79176
22728.9,-4.80986
22739,-4.81377
22749.1,-4.81718
22759.3,-4.82595
22769.5,-4.83794
22779.6,-4.85571
22789.7,-4.87325
22799.9,-4.90544
22810,-4.95767
22820.2,-5.01232
22830.3,-5.06716
22840.4,-5.10733
22850.6,-5.14749
22860.7,-5.17646
22870.9,-5.19081
22881,-5.18357
22891.2,-5.17661
22901.3,-5.16298
22911.4,-5.14947
22921.6,-5.13622
22931.7,-5.11622
22941.8,-5.09782
22952,-5.07951
22962.1,-5.06469
22972.2,-5.06345
22982.4,-5.06191
22992.5,-5.0551
23002.6,-5.04269
23012.8,-5.03119
23022.9,-4.98994
23033,-4.96098
23043.2,-4.93186
23053.3,-4.93107
23063.5,-4.94043
23073.7,-4.94992
23083.8,-4.95435
23093.9,-4.95008
23104.1,-4.94629
23114.2,-4.92646
23124.3,-4.89505
23134.5,-4.86457
23144.6,-4.83454
23154.8,-4.81556
23164.9,-4.7965
23175,-4.77949
23185.2,-4.75024
23195.3,-4.72098
23205.4,-4.69004
23215.6,-4.64913
23225.7,-4.60904
23235.8,-4.55385
23246,-4.49432
23256.2,-4.43505
23266.3,-4.36172
23276.4,-4.28586
23286.6,-4.17632
23296.7,-4.06961
23306.9,-3.93464
23317,-3.77336
23327.1,-3.61594
23337.3,-3.44771
23347.4,-3.26701
23357.5,-3.09045
23367.7,-2.89993
23377.8,-2.69627
23387.9,-2.50046
23398.1,-2.28111
23408.3,-2.09285
23418.4,-1.93141
23428.5,-1.80921
23438.7,-1.72642
23448.8,-1.69392
23459,-1.7314
23469.1,1.87047
23479.2,2.0906
23489.4,2.35505
23499.5,2.65443
23509.6,2.98768
23519.8,3.36358
23529.9,3.72933
23540,4.00758
23550.2,4.2937
23560.3,4.49519
23570.4,4.70587
23580.6,4.91246
23590.7,5.15934
23600.8,5.39872
23611,5.64475
23621.1,5.89778
23631.2,6.17842
23641.4,6.46227
23651.5,6.76469
23661.6,7.08608
23671.8,7.41088
23681.9,7.71129
23692,7.99682
23702.2,8.28955
23712.4,8.58536
23722.5,8.91107
23732.7,9.24075
23742.8,9.60334
23752.9,9.95969
23763.1,10.3181
23773.2,10.6469
23783.3,10.9526
23793.5,11.2621
23803.7,11.5676
23813.8,11.8621
23823.9,12.1579
23834,12.4842
23844.1,12.8136
23854.3,13.1451
23864.4,13.4762
23874.5,13.7847
23884.7,14.0949
23894.8,14.3976
23904.9,14.7023
23915.1,15.0111
23925.2,15.3211
23935.3,15.6255
23945.5,15.9242
23955.6,16.2243
23965.7,16.5207
23975.8,16.8004
23986,17.0813
23996.1,17.4049
24006.3,17.74
24016.4,18.0753
24026.5,18.4134
24036.7,18.7402
24046.9,19.0667
24057,19.3859
24067.2,19.7037
24077.3,20.022
24087.4,20.3536
24097.6,20.6887
24107.8,21.0244
24117.9,21.3547
24128,21.6922
24138.2,22.0296
24148.3,22.3599
24158.5,22.6817
24168.6,23.0033
24178.7,23.3282
24188.9,23.6535
24199.1,23.9792
24209.2,24.3057
24219.3,24.632
24229.5,24.9577
24239.6,25.2901
24249.8,25.6314
24259.9,25.973
24270,26.3052
24280.2,26.6318
24290.3,26.9608
24300.4,27.2893
24310.6,27.6161
24320.7,27.9406
24330.8,28.2645
24340.9,28.5856
24351.1,28.9023
24361.2,29.218
24371.4,29.531
24381.5,29.8637
24391.6,30.1953
24401.8,30.5299
24411.9,30.8541
24422,31.1778
24432.2,31.5035
24442.3,31.8423
24452.4,32.1801
24462.6,32.534
24472.8,32.8933
24482.9,33.2515
24493,33.6069
24503.2,33.9727
24513.3,34.3377
24523.5,34.7092
24533.6,35.0786
24543.7,35.4473
24553.9,35.8028
24564,36.1538
24574.1,36.4946
24584.2,36.8369
24594.4,37.1769
24604.5,37.52
24614.6,37.8647
24624.8,38.2308
24634.9,38.6149
24645.1,39.0005
24655.2,39.3895
24665.3,39.7772
24675.5,40.1663
24685.6,40.5694
24695.7,40.9638
24705.9,41.3599
24716,41.7524
24726.1,42.1181
24736.2,42.4835
24746.2,42.8565
24756.3,43.2231
24766.4,43.5906
24776.5,43.9554
24786.5,44.3222
24796.6,44.6898
24806.7,45.0458
24816.8,45.4132
24826.9,45.7824
24837,46.1571
24847,46.5448
24857.1,46.9335
24867.2,47.3028
24877.3,47.6695
24887.4,48.0371
24897.5,48.4032
24907.5,48.7717
24917.6,49.1413
24927.7,49.5034
24937.8,49.8689
24947.9,50.235
24958,50.6059
24968,50.9683
24978.1,51.3316
24988.2,51.699
24998.3,52.0724
25008.4,52.447
25018.5,52.8105
25028.5,53.1562
25038.6,53.4753
25048.7,53.7944
25058.8,54.1387
25068.9,54.4845
25079,54.852
25089,55.2048
25099.1,55.5346
25109.2,55.8646
25119.3,56.1948
25129.4,56.5498
25139.4,56.9068
25149.5,57.2626
25159.6,57.6061
25169.7,57.9501
25179.7,58.2987
25189.8,58.643
25199.9,58.988
25210,59.3373
25220.1,59.6754
25230.2,60.0138
25240.2,60.3305
25250.3,60.6568
25260.4,60.9838
25270.5,61.3364
25280.6,61.6798
25290.6,62.0234
25300.7,62.3549
25310.8,62.7031
25320.9,63.0518
25330.9,63.4076
25341,63.7859
25351.1,64.1706
25361.2,64.5353
25371.3,64.883
25381.4,65.2308
25391.4,65.551
25401.5,65.8441
25411.6,66.1378
25421.7,66.4386
25431.8,66.762
25441.9,67.0878
25451.9,67.4305
25462,67.793
25472.1,68.1563
25482.2,68.5123
25492.3,68.8182
25502.4,69.1243
25512.4,69.4238
25522.5,69.7093
25532.6,69.9949
25542.7,70.2404
25552.9,70.4978
25563,70.7551
25573.2,71.0094
25583.4,71.2609
25593.5,71.5101
25603.6,71.758
25613.8,72.0316
25623.9,72.3324
25634,72.6326
25644.2,72.9454
25654.3,73.2426
25664.4,73.539
25674.6,73.8093
25684.7,74.0475
25694.8,74.2853
25705,74.4956
25715.1,74.714
25725.2,74.9317
25735.4,75.1783
25745.5,75.4639
25755.6,75.7501
25765.8,76.0441
25775.9,76.309
25786,76.5734
25796.2,76.8269
25806.3,77.0934
25816.4,77.3592
25826.6,77.6382
25836.7,77.944
25846.8,78.2496
25857,78.5724
25867.2,78.8594
25877.3,79.1457
25887.4,79.383
25897.6,79.5805
25907.7,79.7768
25917.8,79.974
25928,80.1698
25938.1,80.3795
25948.2,80.5906
25958.4,80.7677
25968.4,80.9244
25978.6,81.082
25988.7,81.236
25998.8,81.3913
26009,81.5473
26019.1,81.7291
26029.2,81.8963
26039.4,82.0637
26049.5,82.2121
26059.6,82.3564
26069.8,82.5016
26079.9,82.6714
26090,82.8319
26100.2,82.9936
26110.3,83.132
26120.4,83.2396
26130.5,83.3476
26140.6,83.4308
26150.7,83.5135
26160.9,83.5967
26171,83.7046
26181.1,83.8237
26191.2,83.9427
26201.4,84.0507
26211.5,84.1558
26221.7,84.2614
26231.8,84.3725
26241.9,84.487
26252.1,84.5983
26262.2,84.7097
26272.3,84.7966
26282.4,84.884
26292.5,84.9717
26302.6,85.0678
26312.7,85.1553
26322.9,85.2429
26333,85.3178
26343.1,85.3592
26353.2,85.4008
26363.3,85.3987
26373.5,85.3784
26383.6,85.3581
26393.7,85.3469
26403.8,85.341
26414,85.3351
26424,85.3168
26434.2,85.2358
26444.3,85.1549
26454.4,85.0424
26464.5,84.9306
26474.7,84.8187
26484.7,84.7186
26494.9,84.6199
26505,84.5211
26515.1,84.4071
26525.2,84.2932
26535.4,84.1792
26545.5,84.0909
26555.6,83.9812
26565.7,83.8714
26575.8,83.7158
26586,83.5604
26596.1,83.4042
26606.2,83.2486
26616.4,83.0978
26626.5,82.9339
26636.6,82.7705
26646.7,82.61
26656.8,82.4596
26666.9,82.3094
26677.1,82.1517
26687.2,81.9667
26697.3,81.7819
26707.5,81.5479
26717.6,81.3248
26727.7,81.1022
26737.8,80.8841
26747.9,80.6734
26758,80.4629
26768.2,80.2035
26778.3,79.9088
26788.4,79.6146
26798.5,79.3493
26808.6,79.1022
26818.7,78.8556
26828.9,78.5829
26839,78.29
26849.1,77.9976
26859.3,77.7251
26869.4,77.457
26879.5,77.1895
26889.7,76.9267
26899.8,76.6581
26909.9,76.39
26920,76.1063
26930.1,75.8144
26940.2,75.5228
26950.4,75.2191
26960.5,74.9324
26970.6,74.646
26980.7,74.3597
26990.9,74.0533
27000.9,73.7479
27011.1,73.4419
27021.2,73.1501
27031.3,72.8806
27041.5,72.6105
27051.6,72.293
27061.7,71.9454
27071.8,71.5967
27081.9,71.2652
27092,70.9742
27102.2,70.682
27112.3,70.4145
27122.4,70.1528
27132.5,69.8907
27142.7,69.5594
27152.8,69.1813
27162.9,68.802
27173,68.4369
27183.1,68.0913
27193.3,67.7459
27203.5,67.3472
27213.6,66.9393
27223.7,66.534
27233.9,66.1745
27244,65.8516
27254.1,65.5288
27264.2,65.1594
27274.3,64.7656
27284.5,64.371
27294.6,63.996
27304.7,63.646
27314.8,63.2955
27324.9,62.9416
27335,62.5469
27345.2,62.1518
27355.3,61.8047
27365.4,61.466
27375.5,61.1069
27385.7,60.747
27395.8,60.3283
27405.9,59.9084
27416,59.4841
27426.1,59.073
27436.2,58.6824
27446.4,58.2911
27456.5,57.8813
27466.6,57.4649
27476.7,57.0477
27486.8,56.639
27496.9,56.2627
27507,55.8861
27517.1,55.5161
27527.3,55.0921
27537.4,54.6683
27547.5,54.2338
27557.6,53.8029
27567.7,53.3719
27577.8,52.9665
27588,52.5542
27598.1,52.1424
27608.2,51.7064
27618.3,51.2818
27628.5,50.8577
27638.6,50.4476
27648.7,50.034
27658.8,49.6207
27668.9,49.2281
27679,48.8165
27689.2,48.4032
27699.3,47.9978
27709.5,47.5819
27719.6,47.1675
27729.7,46.7659
27739.8,46.3622
27749.9,45.9641
27760,45.5663
27770.2,45.1212
27780.3,44.6921
27790.4,44.2636
27800.5,43.8434
27810.7,43.4467
27820.8,43.0505
27830.9,42.6643
27841,42.2808
27851.1,41.898
27861.3,41.4742
27871.4,41.0391
27881.5,40.6046
27891.7,40.1615
27901.8,39.7512
27911.9,39.3421
27922,38.9478
27932.2,38.5307
27942.3,38.1141
27952.4,37.7073
27962.5,37.3049
27972.6,36.9034
27982.8,36.4835
27992.9,36.0432
28003,35.6039
28013.1,35.1277
28023.3,34.6722
28033.4,34.2172
28043.5,33.7942
28053.6,33.4139
28063.7,33.0357
28073.9,32.6159
28084,32.1759
28094.1,31.7367
28104.2,31.2803
28114.4,30.8432
28124.4,30.4069
28134.6,29.99
28144.7,29.5923
28154.8,29.1954
28164.9,28.798
28175.1,28.3757
28185.2,27.9535
28195.3,27.5317
28205.4,27.1143
28215.5,26.7307
28225.7,26.3462
28235.8,25.9869
28245.9,25.647
28256,25.3063
28266.2,24.9398
28276.3,24.5547
28286.4,24.1684
28296.5,23.7715
28306.6,23.4029
28316.8,23.033
28326.9,22.6895
28337,22.3636
28347.2,22.0371
28357.3,21.7084
28367.4,21.3534
28377.5,20.9978
28387.7,20.6454
28397.8,20.2939
28408,19.9437
28418.1,19.604
28428.2,19.2809
28438.4,18.9578
28448.5,18.6407
28458.6,18.3041
28468.8,17.9659
28478.9,17.6142
28489,17.2939
28499.1,16.9802
28509.2,16.6669
28519.3,16.3773
28529.4,16.0926
28539.6,15.8074
28549.7,15.5306
28559.8,15.2592
28569.9,14.987
28580,14.6807
28590.2,14.3577
28600.3,14.034
28610.4,13.7395
28620.5,13.4468
28630.7,13.1565
28640.8,12.8437
28650.9,12.5223
28661,12.2011
28671.1,11.9018
28681.3,11.6185
28691.4,11.3355
28701.5,11.031
28711.7,10.7269
28721.8,10.4247
28731.9,10.1081
28742,9.81217
28752.2,9.51769
28762.3,9.21128
28772.4,8.92793
28782.5,8.64546
28792.6,8.36771
28802.8,8.05275
28812.9,7.73887
28823,7.42492
28833.2,7.17734
28843.3,6.93041
28853.4,6.7237
28863.5,6.48779
28873.7,6.25625
28883.8,6.0041
28893.9,5.81084
28904,5.61875
28914.1,5.4213
28924.3,5.20046
28934.4,4.96288
28944.5,4.72794
28954.6,4.48735
28964.7,4.27836
28974.8,4.07192
28985,3.87631
28995.1,3.67307
29005.2,3.47395
29015.3,3.2627
29025.5,3.07598
29035.6,2.89696
29045.8,2.80358
29055.9,2.71479
29066,2.64912
29076.1,2.52166
29086.3,2.38642
29096.4,2.26388
29106.5,2.2206
29116.7,2.24095
29126.8,2.27802
29137,-2.29206
29147.1,-2.28008
29157.2,-2.27905
29167.4,-2.331
29177.5,-2.44603
29187.6,-2.56902
29197.9,-2.66356
29208,-2.69191
29218.1,-2.7429
29228.3,-2.79855
29238.4,-2.95766
29248.5,-3.13546
29258.7,-3.31742
29268.8,-3.39532
29278.9,-3.40384
29289.1,-3.41578
29299.3,-3.49775
29309.4,-3.61182
29319.6,-3.72849
29329.7,-3.83367
29339.8,-3.89143
29350,-3.95033
29360.1,-4.01344
29370.2,-4.13998
29380.4,-4.26792
29390.5,-4.42834
29400.6,-4.50806
29410.8,-4.58845
29420.9,-4.62414
29431,-4.6661
29441.2,-4.70853
29451.3,-4.78309
29461.4,-4.83584
29471.6,-4.88961
29481.8,-4.91405
29491.9,-4.94027
29502,-4.96745
29512.2,-5.02621
29522.3,-5.10104
29532.5,-5.17601
29542.6,-5.21999
29552.7,-5.25884
29562.8,-5.31865
29573,-5.37925
29583.1,-5.42419
29593.2,-5.44148
29603.3,-5.45915
29613.4,-5.47204
29623.6,-5.47061
29633.7,-5.4699
29643.8,-5.46918
29654,-5.47247
29664.1,-5.47591
29674.2,-5.47848
29684.4,-5.4613
29694.5,-5.44436
29704.6,-5.41928
29714.8,-5.3778
29725,-5.33673
29735.1,-5.29342
29745.2,-5.2499
29755.4,-5.20663
29765.5,-5.16389
29775.7,-5.10427
29785.8,-5.04595
29795.9,-4.99934
29806.1,-4.97375
29816.2,-4.94929
29826.4,-4.96761
29836.5,-5.00967
29846.7,-5.05246
29856.8,-5.07751
29867,-5.06315
29877.1,-5.05014
29887.2,-5.03135
29897.4,-5.04269
29907.5,-5.0829
29917.6,-5.12325
29927.8,-5.16844
29938,-5.18281
29948.1,-5.19714
29958.2,-5.20317
29968.4,-5.22719
29978.5,-5.2511
29988.7,-5.28321
29998.8,-5.30317
30008.9,-5.32351
30019.1,-5.35474
30029.2,-5.38682
30039.3,-5.4187
30049.5,-5.42823
30059.6,-5.41263
30069.7,-5.39742
30079.9,-5.38856
30090,-5.40017
30100.1,-5.41176
30110.3,-5.43371
30120.4,-5.44939
30130.5,-5.46532
30140.7,-5.46188
30150.9,-5.43832
30161,-5.41523
30171.1,-5.39495
30181.3,-5.37984
30191.4,-5.35167
30201.5,-5.3238
30211.7,-5.29179
30221.8,-5.25184
30232,-5.21188
30242.1,-5.20136
30252.2,-5.1884
30262.4,-5.17616
30272.5,-5.13455
30282.6,-5.07781
30292.8,-5.02169
30302.9,-4.97359
30313,-4.93725
30323.2,-4.90592
30333.3,-4.84812
30343.4,-4.75436
30353.6,-4.66292
30363.8,-4.56244
30373.9,-4.46373
30384,-4.36871
30394.2,-4.28713
30404.3,-4.20751
30414.4,-4.13469
30424.6,-4.04994
30434.7,-3.97049
30444.8,-3.89947
30455,-3.86073
30465.1,-3.81955
30475.3,-3.79075
30485.4,-3.72954
30495.5,-3.67563
30505.7,-3.64139
30515.8,-3.60683
30525.9,3.57128
30536.1,3.55392
30546.2,3.59052
30556.3,3.66197
30566.4,3.74671
30576.5,3.85241
30586.6,3.97857
30596.7,4.12388
30606.8,4.2999
30617,4.51622
30627.2,4.75716
30637.2,5.00639
30647.3,5.23198
30657.5,5.42332
30667.6,5.62641
30677.7,5.80423
30687.9,6.0335
30698,6.27001
30708.1,6.579
30718.3,6.93267
30728.5,7.28661
30738.6,7.59265
30748.7,7.85889
30758.9,8.13039
30769,8.40209
30779.2,8.71001
30789.3,9.01882
30799.4,9.36473
30809.6,9.70173
30819.8,10.0394
30829.9,10.3431
30840.1,10.6274
30850.2,10.9126
30860.3,11.1927
30870.5,11.4887
30880.7,11.7849
30890.8,12.0936
30901,12.3959
30911.1,12.6745
30921.2,12.9538
30931.4,13.2468
30941.5,13.5982
30951.6,13.949
30961.8,14.3082
30971.9,14.6469
30982,14.9848
30992.2,15.2927
31002.3,15.6218
31012.4,15.9506
31022.6,16.2925
31032.8,16.637
31042.9,16.9809
31053,17.3189
31063.2,17.656
31073.3,17.9938
31083.5,18.3264
31093.7,18.6603
31103.8,18.9932
31113.9,19.3438
31124.1,19.7018
31134.2,20.0598
31144.3,20.4051
31154.5,20.7464
31164.6,21.0875
31174.7,21.4335
31184.9,21.7817
31195,22.1199
31205.1,22.4589
31215.3,22.8162
31225.4,23.1899
31235.5,23.5655
31245.7,23.9545
31255.8,24.3623
31265.9,24.7718
31276.1,25.2114
31286.2,25.6801
31296.3,26.1492
31306.4,26.6153
31316.4,27.0733
31326.5,27.5328
31336.6,27.967
31346.7,28.392
31356.8,28.8181
31366.9,29.2329
31376.9,29.6371
31387.1,30.0423
31397.1,30.4369
31407.2,30.8318
31417.3,31.2275
31427.4,31.6162
31437.5,32.0086
31447.6,32.4019
31457.6,32.7683
31467.7,33.1446
31477.9,33.5243
31488,33.8994
31498.1,34.2859
31508.3,34.6749
31518.4,35.0548
31528.5,35.4231
31538.7,35.7918
31548.8,36.1389
31558.9,36.4917
31569.1,36.8466
31579.2,37.2055
31589.3,37.5628
31599.5,37.9207
31609.6,38.293
31619.7,38.6666
31629.9,39.0559
31640,39.4463
31650.1,39.8263
31660.3,40.1991
31670.4,40.5727
31680.5,40.9468
31690.6,41.3256
31700.8,41.7053
31710.9,42.0829
31721,42.461
31731.2,42.8406
31741.3,43.2205
31751.5,43.6063
31761.6,43.9921
31771.7,44.39
31781.9,44.7783
31792,45.1665
31802.1,45.5444
31812.3,45.9327
31822.4,46.3214
31832.5,46.7154
31842.7,47.1086
31852.8,47.5019
31862.9,47.8927
31873.1,48.2712
31883.2,48.6492
31893.3,49.0287
31903.5,49.4102
31913.7,49.7913
31923.8,50.1788
31934,50.563
31944.1,50.9475
31954.2,51.3386
31964.4,51.721
31974.5,52.1035
31984.6,52.4772
31994.8,52.8437
32004.9,53.2229
32015,53.601
32025.2,53.979
32035.3,54.372
32045.4,54.7646
32055.6,55.1394
32065.7,55.519
32075.8,55.8979
32086,56.2578
32096.1,56.6137
32106.2,56.9686
32116.4,57.3144
32126.5,57.6351
32136.6,57.9552
32146.8,58.2681
32156.9,58.5857
32167,58.902
32177.2,59.2233
32187.3,59.5563
32197.5,59.8891
32207.6,60.2329
32217.8,60.5786
32227.8,60.9238
32238,61.2792
32248.1,61.627
32258.2,61.974
32268.4,62.3188
32278.5,62.6579
32288.6,62.9961
32298.8,63.3349
32309,63.671
32319,64.0062
32329.2,64.3177
32339.3,64.6226
32349.4,64.9263
32359.6,65.2317
32369.7,65.5507
32379.8,65.8796
32390,66.2096
32400.1,66.5065
32410.2,66.8168
32420.4,67.1282
32430.5,67.458
32440.6,67.7832
32450.8,68.1095
32460.9,68.4444
32471,68.7626
32481.2,69.082
32491.4,69.4055
32501.5,69.7487
32511.6,70.0932
32521.8,70.437
32531.9,70.7968
32542.1,71.1586
32552.2,71.4976
32562.3,71.8328
32572.5,72.169
32582.7,72.506
32592.8,72.8539
32602.9,73.2024
32613.1,73.5351
32623.2,73.834
32633.3,74.1337
32643.5,74.4335
32653.6,74.7183
32663.7,75.015
32673.8,75.3123
32683.9,75.5983
32694.1,75.8758
32704.2,76.1541
32714.3,76.4195
32724.5,76.6926
32734.7,76.9688
32744.8,77.2547
32755,77.5374
32765.1,77.8209
32775.2,78.1025
32785.4,78.39
32795.5,78.6785
32805.6,78.9705
32815.8,79.2495
32825.9,79.5294
32836,79.8037
32846.1,80.0946
32856.3,80.3863
32866.4,80.6759
32876.5,80.9428
32886.7,81.2104
32896.8,81.4531
32906.9,81.6835
32917.1,81.9141
32927.2,82.1654
32937.3,82.3957
32947.5,82.6277
32957.6,82.8242
32967.7,83.0015
32977.8,83.1793
32987.9,83.3507
32998.1,83.487
33008.2,83.5997
33018.3,83.7122
33028.5,83.8299
33038.6,83.9518
33048.7,84.0739
33058.9,84.2274
33069,84.3871
33079.1,84.5467
33089.3,84.6827
33099.4,84.8269
33109.5,84.9709
33119.6,85.118
33129.8,85.2694
33139.9,85.4208
33150,85.553
33160.2,85.67
33170.2,85.7869
33180.4,85.9018
33190.5,86.0131
33200.6,86.1243
33210.8,86.2411
33220.9,86.3529
33231,86.4646
33241.2,86.5383
33251.3,86.6108
33261.4,86.6833
33271.6,86.7687
33281.7,86.8335
33291.8,86.8736
33302,86.9138
33312.1,86.9895
33322.2,87.0751
33332.4,87.161
33342.5,87.2516
33352.6,87.3196
33362.7,87.3879
33372.8,87.4265
33382.9,87.4546
33393.1,87.4827
33403.2,87.5033
33413.3,87.5194
33423.5,87.5356
33433.7,87.5383
33443.8,87.5108
33453.9,87.4835
33464.1,87.4324
33474.2,87.3791
33484.3,87.3256
33494.5,87.2899
33504.6,87.2522
33514.7,87.2145
33524.9,87.181
33534.9,87.1419
33545.1,87.1027
33555.2,87.0596
33565.3,87.0163
33575.5,86.9731
33585.7,86.9175
33595.7,86.8528
33605.9,86.788
33616,86.7209
33626.1,86.649
33636.3,86.5768
33646.5,86.509
33656.6,86.427
33666.7,86.3546
33676.8,86.282
33686.9,86.2019
33697.1,86.1217
33707.2,86.0439
33717.3,85.9555
33727.4,85.8633
33737.6,85.7711
33747.7,85.6673
33757.8,85.561
33767.9,85.4544
33778,85.351
33788.1,85.2507
33798.3,85.1501
33808.4,85.0541
33818.5,84.9662
33828.6,84.8781
33838.7,84.7732
33848.9,84.6647
33859,84.5558
33869.1,84.433
33879.3,84.2921
33889.4,84.1512
33899.5,83.9917
33909.7,83.8297
33919.8,83.6676
33929.9,83.4823
33940,83.2675
33950.2,83.0526
33960.3,82.8323
33970.4,82.5869
33980.5,82.3403
33990.6,82.0821
34000.8,81.8305
34010.9,81.579
34021,81.336
34031.2,81.0503
34041.3,80.7652
34051.4,80.4438
34061.6,80.1249
34071.7,79.8217
34081.8,79.5195
34092,79.2381
34102.2,78.9539
34112.3,78.671
34122.5,78.345
34132.6,78.0047
34142.7,77.6654
34152.9,77.3116
34163.1,76.9592
34173.2,76.6084
34183.3,76.2479
34193.5,75.8576
34203.6,75.4703
34213.8,75.0527
34223.9,74.6382
34234,74.2246
34244.1,73.8241
34254.3,73.4342
34264.4,73.0453
34274.5,72.6296
34284.6,72.215
34294.7,71.8015
34304.9,71.3743
34315,70.9445
34325.1,70.5164
34335.2,70.0358
34345.3,69.5546
34355.4,69.0744
34365.6,68.6135
34375.7,68.1781
34385.8,67.7433
34396,67.3287
34406.1,66.8872
34416.2,66.4465
34426.4,66.0228
34436.5,65.6062
34446.6,65.1909
34456.8,64.7938
34466.9,64.3746
34477,63.9039
34487.2,63.4316
34497.3,62.9636
34507.4,62.5336
34517.6,62.1018
34527.7,61.6998
34537.8,61.2905
34547.9,60.8809
34557.9,60.4108
34568,59.9667
34578.1,59.5219
34588.2,59.1006
34598.2,58.7281
34608.3,58.3552
34618.4,57.9899
34628.5,57.6042
34638.6,57.2183
34648.6,56.8145
34658.7,56.3933
34668.8,55.9713
34678.9,55.5477
34688.9,55.1149
34699.1,54.6814
34709.1,54.2158
34719.2,53.7758
34729.3,53.3349
34739.4,52.89
34749.4,52.4469
34759.5,52.0034
34769.6,51.5368
34779.7,51.0516
34789.8,50.579
34799.8,50.1062
34809.9,49.6573
34820,49.225
34830.1,48.7929
34840.1,48.3963
34850.2,48.0187
34860.3,47.6416
34870.4,47.2568
34880.4,46.87
34890.5,46.4834
34900.6,46.0684
34910.7,45.6427
34920.7,45.217
34930.8,44.8271
34940.9,44.4321
34951,44.0377
34961,43.6179
34971.1,43.1979
34981.2,42.7773
34991.3,42.3706
35001.4,41.9783
35011.5,41.5854
35021.5,41.2019
35031.6,40.813
35041.7,40.4243
35051.8,40.0327
35061.9,39.6343
35071.9,39.2361
35082,38.8006
35092.1,38.3597
35102.2,37.9196
35112.3,37.492
35122.4,37.1119
35132.4,36.7328
35142.5,36.3904
35152.7,36.0308
35162.9,35.6703
35173,35.2714
35183.2,34.8583
35193.4,34.4455
35203.6,34.0394
35213.8,33.6569
35223.9,33.275
35234,32.8909
35244.1,32.5124
35254.3,32.1322
35264.4,31.7355
35274.6,31.3404
35284.8,30.9449
35294.9,30.5375
35305.1,30.1672
35315.2,29.8058
35325.3,29.4322
35335.6,29.0018
35345.7,28.6014
35355.8,28.2019
35366,27.7819
35376.1,27.3855
35386.2,26.9907
35396.5,26.5991
35406.6,26.2238
35416.7,25.8499
35426.9,25.4685
35437,25.0953
35447.1,24.7231
35457.3,24.3334
35467.5,23.9139
35477.6,23.4965
35487.8,23.0796
35498,22.6728
35508.1,22.2679
35518.2,21.8805
35528.4,21.5106
35538.5,21.1435
35548.7,20.7594
35558.8,20.3668
35568.9,19.9927
35579.1,19.617
35589.3,19.2627
35599.4,18.9099
35609.6,18.5652
35619.7,18.2056
35629.8,17.844
35640,17.4801
35650.1,17.122
35660.2,16.7786
35670.5,16.433
35680.6,16.081
35690.7,15.7435
35700.9,15.4058
35711.1,15.0754
35721.2,14.7697
35731.4,14.463
35741.6,14.1726
35751.7,13.8865
35761.9,13.599
35772,13.3106
35782.1,13.0163
35792.3,12.721
35802.5,12.4453
35812.6,12.1846
35822.8,11.9232
35833,11.6773
35843.1,11.4212
35853.3,11.1634
35863.5,10.9026
35873.6,10.6701
35883.8,10.437
35893.9,10.2173
35904,9.97525
35914.3,9.73173
35924.4,9.48817
35934.6,9.27182
35944.7,9.08021
35954.9,8.88941
35965,8.68623
35975.1,8.46368
35985.3,8.24055
35995.4,8.02811
36005.6,7.82613
36015.7,7.62498
36025.8,7.40866
36036,7.16456
36046.1,6.92069
36056.2,6.69452
36066.4,6.49322
36076.6,6.29245
36086.7,6.05656
36096.9,5.80639
36107,5.55653
36117.1,5.29682
36127.3,5.06222
36137.5,4.83065
36147.6,4.62177
36157.8,4.39159
36167.9,4.16393
36178.1,3.92309
36188.3,3.69941
36198.4,3.47913
36208.5,3.27826
36218.7,3.1046
36228.9,2.93801
36239,2.76139
36249.2,2.57632
36259.4,2.41414
36269.4,2.25938
36279.7,2.13249
36289.8,2.04058
36299.9,1.96157
36310.1,1.87423
36320.2,1.77867
36330.4,1.70406
36340.6,1.64706
36350.7,-1.62843
36360.8,-1.63275
36371,-1.69253
36381.1,-1.76985
36391.2,-1.87089
36401.5,-1.9184
36411.6,-1.92614
36421.7,-1.94836
36431.9,-2.00147
36442.1,-2.09098
36452.2,-2.18685
36462.3,-2.28727
36472.5,-2.38576
36482.6,-2.48791
36492.8,-2.57814
36502.9,-2.67119
36513,-2.76535
36523.2,-2.83634
36533.3,-2.89047
36543.4,-2.92974
36553.6,-2.96954
36563.8,-3.03034
36573.9,-3.09171
36584.1,-3.16725
36594.2,-3.26318
36604.3,-3.34374
36614.5,-3.4247
36624.7,-3.50982
36634.8,-3.59096
36645,-3.67286
36655.1,-3.74442
36665.2,-3.79694
36675.5,-3.84977
36685.6,-3.90127
36695.7,-3.94577
36705.9,-3.99055
36716.1,-4.01558
36726.2,-4.03095
36736.4,-4.04685
36746.6,-4.09855
36756.7,-4.18699
36766.9,-4.28019
36777.1,-4.37373
36787.2,-4.44158
36797.4,-4.51101
36807.6,-4.58486
36817.7,-4.6604
36827.9,-4.73621
36838,-4.80025
36848.1,-4.83681
36858.3,-4.88801
36868.5,-4.94043
36878.6,-5.03539
36888.7,-5.12799
36898.9,-5.22119
36909,-5.26822
36919.2,-5.26316
36929.3,-5.26167
36939.4,-5.23392
36949.6,-5.20602
36959.8,-5.17903
36969.9,-5.17041
36980.1,-5.16905
36990.2,-5.16768
37000.3,-5.17132
37010.6,-5.17071
37020.7,-5.17026
37030.8,-5.18402
37041,-5.20422
37051.2,-5.22434
37061.3,-5.23093
37071.5,-5.21609
37081.7,-5.20196
37091.8,-5.18432
37102,-5.17571
37112.2,-5.16814
37122.3,-5.17253
37132.5,-5.17707
37142.7,-5.18221
37152.8,-5.18719
37163,-5.20347
37173.1,-5.22359
37183.2,-5.24408
37193.4,-5.25989
37203.6,-5.2581
37213.7,-5.25646
37223.9,-5.23691
37234,-5.22689
37244.1,-5.21654
37254.3,-5.21128
37264.5,-5.19955
37274.6,-5.18779
37284.8,-5.19488
37294.9,-5.21204
37305,-5.22958
37315.2,-5.24438
37325.3,-5.2408
37335.4,-5.23736
37345.7,-5.22479
37355.8,-5.20301
37365.9,-5.1819
37376.1,-5.15114
37386.2,-5.10074
37396.3,-5.04176
37406.6,-4.98256
37416.7,-4.92471
37426.8,-4.87197
37437,-4.81897
37447.2,-4.75601
37457.3,-4.69421
37467.5,-4.63192
37477.6,-4.54834
37487.7,-4.44581
37497.9,-4.34319
37508.1,-4.22533
37518.2,-4.09836
37528.4,-3.97167
37538.5,-3.83755
37548.6,-3.70702
37558.9,-3.57741
37569.1,-3.44862
37579.2,-3.28755
37589.4,-3.12921
37599.6,-2.95077
37609.7,-2.78285
37619.9,-2.62299
37630.1,-2.51544
37640.2,-2.46039
37650.4,-2.42546
37660.5,-2.38839
37670.6,-2.34606
37680.9,-2.32428
37691,-2.31314
37701.1,2.35472
37711.4,2.43833
37721.5,2.60021
37731.6,2.80107
37741.7,3.00101
37751.8,3.24321
37762,3.48812
37772.1,3.77129
37782.3,4.07941
37792.4,4.41612
37802.5,4.75979
37812.7,5.11407
37822.8,5.45183
37832.9,5.80005
37843.1,6.15352
37853.3,6.51921
37863.4,6.8979
37873.6,7.2808
37883.8,7.66688
37893.9,8.03961
37904.1,8.41597
37914.2,8.779
37924.3,9.15856
37934.5,9.54137
37944.7,9.94788
37954.8,10.3549
37964.9,10.7637
37975.1,11.1689
37985.2,11.5604
37995.5,11.9565
38005.6,12.3494
38015.8,12.7255
38026,13.1047
38036.1,13.4743
38046.2,13.8369
38056.4,14.2001
38066.5,14.5416
38076.6,14.8899
38086.8,15.2387
38096.9,15.5831
38107,15.9277
38117.2,16.2591
38127.3,16.5922
38137.5,16.9227
38147.6,17.2512
38157.8,17.5819
38167.9,17.9198
38178.1,18.2647
38188.2,18.6097
38198.4,18.9767
38208.6,19.3377
38218.7,19.6982
38228.8,20.0434
38239,20.3704
38249.1,20.6968
38259.2,21.0169
38269.4,21.3392
38279.6,21.6607
38289.7,21.9902
38299.9,22.3132
38310,22.6366
38320.1,22.9609
38330.3,23.2727
38340.5,23.5859
38350.6,23.9125
38360.9,24.2473
38371,24.6063
38381.1,24.9631
38391.2,25.3211
38401.2,25.6734
38411.3,26.0251
38421.4,26.3671
38431.5,26.6933
38441.6,27.0192
38451.7,27.3478
38461.7,27.6789
38471.8,28.0092
38482,28.3564
38492.1,28.7176
38502.2,29.0778
38512.5,29.4337
38522.6,29.8016
38532.7,30.1679
38542.9,30.5354
38553.1,30.8977
38563.2,31.2582
38573.5,31.6223
38583.7,31.9786
38593.8,32.3306
38604,32.6854
38614.1,33.0366
38624.2,33.3855
38634.4,33.741
38644.5,34.102
38654.6,34.4619
38664.8,34.8447
38675,35.231
38685.1,35.6165
38695.3,36.0263
38705.4,36.4328
38715.5,36.8393
38725.7,37.249
38735.9,37.645
38746,38.0225
38756.2,38.403
38766.3,38.7951
38776.4,39.1786
38786.6,39.5646
38796.8,39.9493
38806.9,40.331
38817.1,40.7156
38827.2,41.1021
38837.3,41.5138
38847.6,41.9291
38857.7,42.3326
38867.8,42.7619
38878,43.1931
38888.1,43.6173
38898.2,44.0343
38908.4,44.4529
38918.6,44.8717
38928.7,45.2813
38938.9,45.6933
38949.1,46.0968
38959.2,46.4804
38969.4,46.8663
38979.5,47.2462
38989.6,47.6233
38999.8,48.0009
39010,48.3873
39020.1,48.7927
39030.2,49.2087
39040.3,49.6251
39050.5,50.0437
39060.6,50.4503
39070.8,50.858
39080.9,51.2533
39091.1,51.6455
39101.2,52.0384
39111.3,52.4326
39121.6,52.835
39131.7,53.234
39141.8,53.6284
39152,54.0319
39162.2,54.4366
39172.3,54.8375
39182.5,55.2429
39192.7,55.6461
39202.8,56.0476
39213,56.4364
39223.1,56.8244
39233.2,57.214
39243.6,57.5896
39253.7,57.9596
39263.8,58.3502
39274,58.7299
39284.2,59.1114
39294.3,59.4585
39304.6,59.7993
39314.7,60.1369
39324.8,60.4681
39335,60.7816
39345.2,61.0645
39355.3,61.3461
39365.5,61.6031
39375.7,61.8639
39385.8,62.123
39396,62.4004
39406.1,62.6934
39416.2,62.9853
39426.5,63.2925
39436.6,63.5963
39446.7,63.898
39457,64.205
39467.1,64.504
39477.2,64.801
39487.5,65.108
39497.6,65.4152
39507.7,65.7209
39517.9,66.0498
39528.1,66.4213
39538.2,66.7921
39548.4,67.2034
39558.6,67.6546
39568.6,68.1048
39578.8,68.5619
39589,69.0232
39599.1,69.4756
39609.3,69.9313
39619.4,70.3771
39629.5,70.8071
39639.8,71.2411
39649.9,71.6748
39660,72.0913
39670.2,72.5103
39680.4,72.9313
39690.5,73.3695
39700.7,73.8096
39710.9,74.2194
39721,74.6155
39731.2,75.0133
39741.5,75.415
39751.6,75.7942
39761.8,76.1766
39771.9,76.5008
39782.1,76.8368
39792.3,77.1764
39802.5,77.4976
39812.6,77.794
39822.9,78.0943
39833,78.3778
39843.1,78.6381
39853.3,78.8989
39863.5,79.1387
39873.6,79.3732
39883.8,79.6077
39893.9,79.8511
39904,80.0785
39914.2,80.3013
39924.4,80.5244
39934.5,80.7576
39944.7,80.9807
39954.8,81.2039
39964.9,81.4084
39975.1,81.5791
39985.3,81.7499
39995.4,81.9525
40005.7,82.1928
40015.8,82.4314
40025.9,82.6169
40036.1,82.7428
40046.3,82.8689
40056.4,83.0023
40066.6,83.1564
40076.8,83.3103
40086.9,83.4806
40097.1,83.628
40107.3,83.7752
40117.4,83.8571
40127.7,83.9643
40137.9,84.0711
40148,84.1723
40158.3,84.2761
40168.4,84.3795
40178.5,84.477
40188.8,84.5728
40198.9,84.6617
40209,84.7503
40219.3,84.833
40229.5,84.8972
40239.6,84.961
40249.8,85.0173
40260,85.0646
40270.1,85.1117
40280.3,85.1666
40290.4,85.2274
40300.5,85.288
40310.8,85.3767
40320.9,85.4778
40331,85.5784
40341.3,85.6479
40351.4,85.7034
40361.5,85.7586
40371.7,85.8121
40381.9,85.8651
40392,85.9178
40402.2,85.9669
40412.3,85.9908
40422.4,86.0145
40432.7,86.0417
40442.8,86.0808
40452.9,86.1198
40463.2,86.1709
40473.3,86.2015
40483.4,86.2032
40493.6,86.2049
40503.8,86.2111
40513.9,86.196
40524.1,86.1808
40534.2,86.1461
40544.4,86.1198
40554.6,86.0934
40564.7,86.062
40574.8,86.0227
40585,85.9833
40595.2,85.9246
40605.3,85.8817
40615.5,85.8386
40625.7,85.7973
40635.8,85.7392
40646,85.6807
40656.2,85.6066
40666.3,85.5139
40676.5,85.4205
40686.7,85.3122
40696.8,85.191
40707,85.0695
40717.2,84.9245
40727.3,84.7652
40737.4,84.6055
40747.6,84.4498
40757.7,84.288
40767.8,84.1261
40778,83.9551
40788.1,83.7967
40798.4,83.6031
40808.5,83.4095
40818.6,83.1852
40828.8,82.93
40839,82.6744
40849.1,82.41
40859.3,82.1464
40869.5,81.8828
40879.6,81.6152
40889.8,81.3471
40900,81.0806
40910.1,80.836
40920.3,80.5864
40930.4,80.337
40940.5,80.0561
40950.8,79.7648
40960.9,79.4745
40971,79.2266
40981.2,79.0049
40991.4,78.7825
41001.5,78.5347
41011.8,78.2318
41022,77.9301
41032.1,77.6266
41042.3,77.3626
41052.5,77.0988
41062.6,76.8365
41072.8,76.4936
41082.9,76.1117
41093,75.7314
41103.2,75.3158
41113.4,74.912
41123.5,74.5108
41133.7,74.1403
41143.9,73.7851
41154,73.4315
41164.2,73.0658
41174.3,72.6849
41184.4,72.3059
41194.7,71.9306
41205,71.5732
41215.1,71.2212
41225.3,70.868
41235.5,70.4937
41245.6,70.121
41255.8,69.7219
41265.9,69.3232
41276,68.926
41286.2,68.5157
41296.4,68.1194
41306.5,67.726
41316.7,67.3544
41326.9,67.0181
41337,66.6844
41347.3,66.3219
41357.4,65.9703
41367.5,65.628
41377.8,65.284
41387.9,64.9296
41398,64.5365
41408.2,64.1406
41418.4,63.73
41428.5,63.3077
41438.7,62.8818
41448.9,62.4726
41459,62.0666
41469.3,61.6571
41479.4,61.2456
41489.5,60.838
41499.8,60.4273
41509.9,59.9959
41520,59.5648
41530.2,59.1311
41540.4,58.6551
41550.5,58.206
41560.7,57.7553
41570.9,57.3287
41580.9,56.8905
41591.2,56.4494
41601.3,55.9907
41611.4,55.5658
41621.6,55.1398
41631.7,54.7231
41641.8,54.3235
41652,53.9498
41662.1,53.574
41672.2,53.2133
41682.4,52.8204
41692.6,52.4271
41702.7,52.0231
41712.9,51.6067
41723,51.1926
41733,50.7987
41743.2,50.4119
41753.2,50.0255
41763.3,49.6357
41773.4,49.2599
41783.5,48.8834
41793.6,48.5066
41803.7,48.1153
41813.8,47.724
41823.9,47.3198
41834.1,46.8611
41844.2,46.4037
41854.3,45.951
41864.5,45.5042
41874.7,45.0579
41884.8,44.6537
41895.1,44.2601
41905.2,43.87
41915.3,43.4515
41925.5,43.0108
41935.7,42.5338
41945.8,42.0593
41956,41.557
41966.2,41.07
41976.3,40.5846
41986.5,40.1097
41996.7,39.6846
42006.8,39.2617
42017,38.8195
42027.1,38.3442
42037.2,37.8713
42047.4,37.3835
42057.6,36.909
42067.7,36.4366
42077.9,35.9798
42088,35.5263
42098.1,35.075
42108.4,34.6221
42118.5,34.1821
42128.6,33.7456
42138.8,33.2536
42149,32.7811
42159.1,32.3106
42169.3,31.767
42179.5,31.2528
42189.6,30.7417
42199.8,30.2603
42209.9,29.8012
42220,29.3435
42230.3,28.8936
42240.4,28.4494
42250.5,27.9897
42260.7,27.5263
42270.9,27.0386
42281,26.5686
42291.2,26.096
42301.3,25.6386
42311.4,25.2272
42321.6,24.8121
42331.8,24.3831
42341.9,23.941
42352.2,23.4981
42362.3,23.0331
42372.4,22.5811
42382.6,22.1274
42392.8,21.6988
42402.9,21.2959
42413.1,20.8896
42423.3,20.5075
42433.4,20.1368
42443.6,19.7654
42453.8,19.4236
42463.9,19.1153
42474,18.8063
42484.2,18.4903
42494.3,18.1933
42504.5,17.8974
42514.7,17.5668
42524.8,17.1899
42534.9,16.8462
42545.1,16.5057
42555.2,16.1896
42565.5,15.8741
42575.6,15.5446
42585.7,15.2016
42595.9,14.8743
42606.1,14.5476
42616.2,14.247
42626.4,13.943
42636.5,13.642
42646.6,13.3121
42656.8,12.9724
42667,12.634
42677.1,12.3291
42687.3,12.0464
42697.5,11.7675
42707.6,11.498
42717.8,11.2008
42727.9,10.9061
42738.1,10.5954
42748.3,10.3297
42758.4,10.0662
42768.5,9.81089
42778.8,9.51901
42788.9,9.22862
42799,8.93986
42809.3,8.67405
42819.4,8.41523
42829.5,8.16088
42839.7,7.89836
42849.9,7.63247
42859.9,7.36934
42870.2,7.11256
42880.3,6.85051
42890.4,6.59101
42900.6,6.35239
42910.8,6.15696
42920.9,5.97416
42931.2,5.7719
42941.3,5.52686
42951.4,5.28498
42961.7,5.07211
42971.8,4.95767
42981.9,4.85716
42992.1,4.78457
43002.2,4.63614
43012.3,4.49293
43022.6,4.29279
43032.7,4.15188
43042.8,4.01402
43053,3.92488
43063.2,3.83448
43073.3,3.75173
43083.6,3.63451
43093.7,3.52872
43103.8,3.42927
43114,3.37079
43124.1,3.34491
43134.2,3.33084
43144.5,3.31506
43154.7,3.26366
43164.8,3.22068
43175,-3.18475
43185.1,-3.23426
43195.2,-3.31482
43205.5,-3.40338
43215.7,-3.44271
43225.7,-3.39047
43235.8,-3.34538
43246,-3.2916
43256.1,-3.29374
43266.3,-3.30086
43276.4,-3.39555
43286.5,-3.50647
43296.8,-3.62221
43307,-3.63752
43317.1,-3.65084
43327.4,-3.67286
43337.6,-3.71081
43347.7,-3.78724
43358,-3.86458
43368.1,-3.92727
43378.2,-3.97581
43388.6,-4.02648
43398.7,-4.08823
43408.8,-4.1309
43419.1,-4.13317
43429.3,-4.13696
43439.4,-4.17388
43449.7,-4.20211
43459.9,-4.23107
43470,-4.31571
43480.2,-4.42569
43490.4,-4.53662
43500.5,-4.60344
43510.8,-4.62024
43521,-4.64053
43531.1,-4.62363
43541.4,-4.68452
43551.7,-4.74497
43561.8,-4.84409
43572.1,-4.91086
43582.2,-4.97784
43592.3,-4.99981
43602.6,-5.03306
43612.8,-5.06732
43622.9,-5.16192
43633.2,-5.26197
43643.4,-5.36205
43653.6,-5.41653
43663.8,-5.40467
43674,-5.39364
43684.1,-5.39481
43694.4,-5.44997
43704.5,-5.5158
43714.6,-5.581
43724.9,-5.60116
43735,-5.62167
43745.1,-5.64308
43755.4,-5.68538
43765.6,-5.71505
43775.7,-5.74498
43786,-5.73693
43796.1,-5.71204
43806.2,-5.68731
43816.6,-5.69281
43826.7,-5.71656
43836.8,-5.74007
43847.1,-5.74225
43857.3,-5.74143
43867.4,-5.74034
43877.7,-5.73816
43887.8,-5.73557
43897.9,-5.73092
43908.2,-5.72628
43918.4,-5.72928
43928.5,-5.70888
43938.8,-5.68827
43949,-5.65528
43959.1,-5.6428
43969.4,-5.6303
43979.6,-5.63239
43989.7,-5.6232
44000,-5.61401
44010.2,-5.59655
44020.3,-5.57847
44030.6,-5.56019
44040.8,-5.54962
44050.9,-5.54355
44061.2,-5.53762
44071.4,-5.5175
44081.5,-5.49275
44091.8,-5.46818
44102,-5.44493
44112.1,-5.44306
44122.4,-5.44091
44132.6,-5.45958
44142.7,-5.47576
44153,-5.49261
44163.2,-5.47877
44173.3,-5.43068
44183.6,-5.38216
44193.8,-5.31527
44203.9,-5.22823
44214.2,-5.14704
44224.3,-5.06778
44234.4,-4.98224
44244.7,-4.89633
44254.9,-4.8123
44265,-4.73671
44275.3,-4.66056
44285.5,-4.58725
44295.6,-4.49188
44305.9,-4.35849
44316,-4.2307
44326.1,-4.10142
44336.4,-3.99898
44346.6,-3.90288
44356.7,-3.83387
44367,-3.7891
44377.2,-3.76194
44387.3,-3.73416
44397.6,-3.6852
44407.8,-3.62783
44417.9,-3.58616
44428.2,-3.55789
44438.3,-3.58222
44448.4,3.61659
44458.7,3.68393
44468.8,3.75089
44478.9,3.83367
44489,3.91789
44499.1,3.99055
44509.2,4.09397
44519.3,4.26902
44529.4,4.52626
44539.7,4.8097
44549.8,5.13622
44559.9,5.45887
44570,5.79289
44580.2,6.07669
44590.3,6.35375
44600.5,6.64497
44610.6,6.97367
44620.8,7.33781
44630.9,7.70672
44641.1,8.06413
44651.2,8.38006
44661.4,8.70074
44671.5,8.9969
44681.6,9.30547
44691.8,9.61508
44701.9,9.94039
44712.1,10.257
44722.2,10.5754
44732.4,10.8651
44742.5,11.142
44752.6,11.4132
44762.8,11.687
44773,11.9691
44783.1,12.2632
44793.2,12.5583
44803.4,12.8492
44813.5,13.1705
44823.7,13.4944
44833.8,13.836
44843.9,14.1673
44854.1,14.5003
44864.3,14.8212
44874.4,15.1174
44884.6,15.415
44894.7,15.702
44904.8,15.9857
44915,16.2695
44925.1,16.579
44935.3,16.8752
44945.4,17.1719
44955.6,17.4566
44965.7,17.7225
44975.9,17.9888
44986,18.2389
44996.1,18.4896
45006.3,18.7407
45016.4,18.9981
45026.6,19.2657
45036.8,19.5348
45046.9,19.8041
45057,20.0841
45067.1,20.3736
45077.2,20.6638
45087.3,20.9461
45097.4,21.2172
45107.5,21.4886
45117.6,21.7585
45127.7,22.0301
45137.8,22.3021
45147.8,22.5851
45157.9,22.8541
45168,23.123
45178.1,23.3955
45188.2,23.6503
45198.3,23.9054
45208.4,24.1607
45218.5,24.4191
45228.6,24.6777
45238.6,24.9521
45248.7,25.2302
45258.8,25.5086
45268.9,25.777
45279,26.034
45289.1,26.2911
45299.2,26.5362
45309.3,26.7928
45319.3,27.0496
45329.4,27.3222
45339.5,27.6201
45349.6,27.9197
45359.7,28.2443
45369.8,28.5618
45379.9,28.8795
45390,29.1991
45400.1,29.5077
45410.1,29.8163
45420.2,30.1345
45430.3,30.467
45440.4,30.8003
45450.5,31.1289
45460.6,31.4545
45470.7,31.7802
45480.8,32.1113
45490.9,32.441
45500.9,32.7711
45511,33.0887
45521.1,33.39
45531.2,33.6931
45541.3,33.9961
45551.4,34.3172
45561.5,34.6388
45571.6,34.9729
45581.8,35.2965
45591.9,35.6159
45602.1,35.9345
45612.2,36.2585
45622.4,36.5917
45632.5,36.9237
45642.7,37.2711
45652.8,37.6128
45662.9,37.9538
45673.1,38.2995
45683.2,38.6494
45693.4,38.9986
45703.5,39.3539
45713.7,39.7284
45723.8,40.1023
45733.9,40.4647
45744,40.8278
45754.1,41.1907
45764.3,41.5465
45774.5,41.8923
45784.6,42.2379
45794.8,42.5712
45804.9,42.9322
45815,43.2923
45825.2,43.6711
45835.3,44.0508
45845.4,44.4298
45855.5,44.8117
45865.6,45.186
45875.7,45.5427
45885.9,45.9006
45896,46.2643
45906.1,46.6366
45916.3,47.0109
45926.5,47.3915
45936.6,47.7687
45946.7,48.1474
45956.9,48.5051
45967,48.8754
45977.1,49.2469
45987.3,49.6302
45997.4,50.0278
46007.5,50.428
46017.7,50.8298
46027.8,51.2102
46038,51.5923
46048.1,51.9781
46058.2,52.3764
46068.4,52.7766
46078.5,53.1783
46088.6,53.5747
46098.8,53.9727
46108.9,54.3378
46119,54.689
46129.2,55.0422
46139.4,55.3816
46149.5,55.7129
46159.7,56.0462
46169.9,56.3897
46180,56.7178
46190.1,57.0485
46200.2,57.38
46210.3,57.6928
46220.5,58.0065
46230.6,58.3376
46240.7,58.646
46250.8,58.9613
46260.9,59.2773
46271,59.6051
46281.2,59.9538
46291.3,60.3033
46301.4,60.6326
46311.5,60.9747
46321.7,61.3178
46331.8,61.6711
46341.9,62.009
46352.1,62.3482
46362.2,62.674
46372.4,63.0143
46382.5,63.356
46392.6,63.7076
46402.8,64.0539
46413,64.4008
46423.1,64.7428
46433.3,65.0641
46443.5,65.3864
46453.6,65.7075
46463.7,66.023
46473.9,66.3383
46484,66.675
46494.1,66.9952
46504.2,67.3156
46514.3,67.6228
46524.5,67.9108
46534.7,68.1982
46544.8,68.5059
46554.9,68.8158
46565,69.1276
46575.1,69.4389
46585.3,69.7326
46595.4,70.0211
46605.5,70.3091
46615.7,70.5989
46625.8,70.9735
46635.9,71.3486
46646.1,71.7253
46656.2,72.0701
46666.3,72.4142
46676.5,72.7941
46686.6,73.1813
46696.8,73.5675
46707,73.9513
46717.1,74.3072
46727.2,74.6616
46737.4,74.9892
46747.5,75.2862
46757.6,75.5825
46767.8,75.8478
46777.9,76.1452
46788,76.4419
46798.2,76.7494
46808.3,77.0518
46818.4,77.3532
46828.7,77.6496
46838.8,77.939
46848.9,78.2273
46859.1,78.5033
46869.3,78.7377
46879.4,78.9703
46889.5,79.2183
46899.7,79.4532
46909.8,79.6802
46920,79.9082
46930.1,80.1106
46940.2,80.2705
46950.4,80.4315
46960.5,80.6197
46970.6,80.7914
46980.9,80.9639
46991,81.1464
47001.1,81.3584
47011.3,81.5718
47021.5,81.7732
47031.6,81.9666
47041.8,82.1607
47051.9,82.3617
47062,82.5546
47072.2,82.7483
47082.4,82.9165
47092.5,83.0372
47102.7,83.1584
47112.8,83.2737
47123,83.3969
47133.1,83.5207
47143.3,83.6738
47153.5,83.8007
47163.6,83.9274
47173.8,84.0194
47183.9,84.0754
47194.1,84.1316
47204.2,84.1629
47214.3,84.2004
47224.5,84.2509
47234.6,84.3016
47244.7,84.3448
47254.9,84.3549
47265,84.3651
47275.1,84.3778
47285.2,84.3815
47295.3,84.3852
47305.4,84.3783
47315.6,84.3713
47325.7,84.3643
47335.8,84.3813
47345.9,84.4326
47356.1,84.4842
47366.2,84.5543
47376.3,84.5644
47386.5,84.5746
47396.6,84.4784
47406.7,84.3637
47416.9,84.2491
47427,84.1541
47437.1,84.0901
47447.3,84.0261
47457.4,83.9736
47467.5,83.894
47477.7,83.8142
47487.8,83.7185
47497.9,83.6202
47508.1,83.5217
47518.2,83.4443
47528.3,83.3806
47538.5,83.3167
47548.6,83.257
47558.7,83.1866
47568.9,83.0857
47579,82.9847
47589.2,82.8949
47599.4,82.8052
47609.4,82.7205
47619.6,82.6125
47629.8,82.4738
47639.9,82.3357
47650,82.2103
47660.2,82.0932
47670.3,81.9765
47680.5,81.8487
47690.6,81.6888
47700.7,81.5293
47710.9,81.3636
47721,81.1973
47731.1,81.0313
47741.3,80.8845
47751.4,80.7623
47761.5,80.6405
47771.7,80.5137
47781.8,80.3726
47791.9,80.232
47802.1,80.0849
47812.2,79.9376
47822.3,79.7907
47832.5,79.6215
47842.6,79.4297
47852.7,79.2384
47862.9,79.0555
47873,78.8858
47883.1,78.7144
47893.4,78.5422
47903.5,78.3292
47913.6,78.1029
47923.7,77.8771
47933.9,77.6584
47944,77.4611
47954.1,77.2633
47964.2,77.0653
47974.3,76.8282
47984.5,76.5907
47994.6,76.3027
48004.7,76.0597
48014.9,75.8157
48025,75.5826
48035.1,75.3409
48045.3,75.0984
48055.5,74.8119
48065.6,74.5141
48075.7,74.2159
48085.8,73.9272
48095.9,73.6722
48106.1,73.4159
48116.3,73.1349
48126.4,72.7987
48136.5,72.4623
48146.6,72.0767
48156.7,71.6325
48166.9,71.1872
48177,70.6733
48187.1,70.1511
48197.3,69.6282
48207.4,69.1129
48217.5,68.5794
48227.6,68.0412
48237.8,67.5012
48247.9,67.0143
48258,66.5349
48268.1,66.0544
48278.2,65.5985
48288.4,65.1265
48298.5,64.6528
48308.6,64.1977
48318.7,63.739
48328.8,63.2801
48338.9,62.818
48349.1,62.3543
48359.2,61.8896
48369.3,61.4221
48379.4,60.959
48389.6,60.4954
48399.7,60.0633
48409.9,59.6844
48420,59.3053
48430.1,58.9176
48440.3,58.4948
48450.4,58.073
48460.5,57.6396
48470.7,57.213
48480.8,56.7867
48490.9,56.4137
48501.1,56.0335
48511.2,55.6542
48521.3,55.2555
48531.5,54.8832
48541.6,54.5599
48551.7,54.2382
48561.9,53.9273
48572,53.5662
48582.1,53.2063
48592.3,52.8141
48602.5,52.4557
48612.6,52.0991
48622.7,51.7591
48632.9,51.4056
48642.9,51.053
48653.1,50.6853
48663.2,50.3001
48673.3,49.9159
48683.6,49.5363
48693.7,49.1245
48703.8,48.7139
48714,48.2977
48724.1,47.8979
48734.2,47.4995
48744.3,47.1161
48754.5,46.7331
48764.6,46.351
48774.7,45.9236
48784.8,45.5181
48794.9,45.1158
48805,44.681
48815.1,44.2491
48825.1,43.8184
48835.2,43.3587
48845.3,42.9002
48855.4,42.4431
48865.5,41.9743
48875.5,41.4684
48885.6,40.9633
48895.7,40.4779
48905.8,40.002
48915.8,39.5273
48925.9,39.0802
48936,38.617
48946.1,38.1444
48956.2,37.6715
48966.2,37.1906
48976.3,36.7096
48986.4,36.2282
48996.5,35.739
49006.5,35.2646
49016.6,34.7894
49026.7,34.3016
49036.8,33.8049
49046.9,33.3077
49057,32.8384
49067,32.4105
49077.1,31.984
49087.2,31.562
49097.3,31.1337
49107.4,30.7121
49117.5,30.282
49127.5,29.8429
49137.6,29.4057
49147.7,28.9629
49157.8,28.5177
49167.9,28.0731
49178,27.644
49188,27.2472
49198.1,26.8506
49208.2,26.453
49218.3,26.0358
49228.4,25.6179
49238.4,25.1971
49248.5,24.7871
49258.6,24.3769
49268.7,23.9791
49278.8,23.6
49288.9,23.2213
49299,22.8299
49309.1,22.4157
49319.2,21.9992
49329.4,21.585
49339.5,21.1914
49349.7,20.7998
49359.9,20.4442
49370,20.0487
49380.2,19.6527
49390.3,19.2379
49400.4,18.8215
49410.6,18.4027
49420.8,18.0132
49430.9,17.6328
49441.2,17.2512
49451.3,16.8517
49461.4,16.4617
49471.6,16.1134
49481.8,15.7662
49491.9,15.4356
49502,15.0943
49512.2,14.7562
49522.3,14.4271
49532.5,14.1029
49542.7,13.7828
49552.8,13.477
49563,13.1817
49573.1,12.8901
49583.2,12.6402
49593.5,12.4448
49603.7,12.2611
49613.8,12.0961
49624,11.89
49634.1,11.6933
49644.2,11.4773
49654.4,11.2762
49664.6,11.0829
49674.7,10.8798
49684.9,10.609
49695,10.3426
49705.1,10.0625
49715.4,9.86299
49725.5,9.70262
49735.6,9.54942
49745.9,9.3546
49756.1,9.16746
49766.2,8.97816
49776.4,8.82155
49786.6,8.66556
49796.7,8.51434
49806.9,8.32989
49817,8.13068
49827.1,7.93675
49837.4,7.7414
49847.5,7.60739
49857.6,7.47874
49867.8,7.41542
49877.9,7.37486
49888,7.34197
49898.2,7.24446
49908.4,7.0916
49918.5,6.94385
49928.7,6.84228
49938.9,6.78734
49948.9,6.73697
49959.2,6.66051
49969.3,6.49997
49979.4,6.3424
49989.7,6.23456
49999.8,6.27625
50009.9,6.35252
50020.1,6.43409
50030.2,6.40567
50040.3,-6.30724
50050.6,-6.21405
50060.7,-6.23104
50070.8,-6.40921
50080.9,-6.58982
50091,-6.75218
50101,-6.7833
50111.1,-6.81705
50121.2,-6.77557
50131.3,-6.77464
50141.4,-6.77661
50151.5,-6.85874
50161.6,-6.92442
50171.8,-6.99374
50182,-6.97872
50192.1,-6.96974
50202.2,-6.96524
50212.4,-7.05362
50222.5,-7.15953
50232.6,-7.26767
50242.8,-7.249
50252.9,-7.0474
50263,-6.85485
50273.2,-6.64839
50283.3,-6.61473
50293.5,-6.58328
50303.7,-6.69183
50313.8,-6.77903
50323.9,-6.86615
50334,-6.87835
50344.1,-6.93098
50354.3,-6.98478
50364.4,-7.02592
50374.5,-7.06438
50384.6,-7.09105
50394.8,-7.11806
50404.9,-7.17363
50415,-7.28607
50425.2,-7.39903
50435.3,-7.51593
50445.4,-7.56496
50455.5,-7.61429
50465.6,-7.63093
50475.8,-7.60513
50485.9,-7.58047
50496,-7.59987
50506.1,-7.6996
50516.3,-7.79986
50526.4,-7.94582
50536.5,-8.02225
50546.7,-8.09892
50556.8,-8.05509
50567,-8.0581
50577.1,-8.06238
50587.2,-8.14002
50597.4,-8.19823
50607.6,-8.25707
50617.7,-8.26276
50627.8,-8.22513
50637.9,-8.18867
50648,-8.22523
50658.2,-8.28094
50668.4,-8.33694
50678.5,-8.38734
50688.6,-8.38249
50698.7,-8.36396
50708.8,-8.3453
50719,-8.35459
50729.1,-8.4088
50739.2,-8.46303
50749.4,-8.48863
50759.5,-8.46007
50769.6,-8.4315
50779.7,-8.38594
50789.9,-8.38473
50800,-8.38351
50810.1,-8.39537
50820.3,-8.3722
50830.4,-8.34934
50840.5,-8.30399
50850.6,-8.26589
50860.7,-8.22761
50870.9,-8.19938
50881,-8.16807
50891.1,-8.13685
50901.3,-8.11516
50911.4,-8.11091
50921.5,-8.10646
50931.7,-8.10008
50941.8,-8.08188
50952,-8.06374
50962.1,-8.07548
50972.3,-8.1249
50982.4,-8.17402
50992.5,-8.18293
51002.7,-8.13309
51012.8,-8.08363
51022.9,-8.03688
51033.1,-8.00162
51043.2,-7.96679
51053.3,-7.93951
51063.5,-7.94523
51073.6,-7.95095
51083.8,-7.983
51093.9,-7.96846
51104,-7.87432
51114.2,-7.78076
51124.4,-7.68229
51134.5,-7.68718
51144.6,-7.69197
51154.8,-7.76484
51164.9,-7.81251
51175,-7.86049
51185.2,-7.79775
51195.3,-7.70306
51205.4,-7.60904
51215.6,-7.59059
51225.7,-7.61398
51235.8,-7.63811
51246,-7.60399
51256.1,-7.51947
51266.2,-7.43515
51276.4,-7.36381
51286.5,-7.33994
51296.6,-7.31664
51306.8,-7.29896
51316.9,-7.22552
51327.1,-7.15406
51337.2,-7.02079
51347.3,-6.85291
51357.5,-6.68527
51367.7,-6.52174
51377.8,-6.39907
51387.9,-6.27837
51398.1,-6.16814
51408.2,-6.02376
51418.3,-5.88436
51428.5,-5.74634
51438.6,-5.64044
51448.7,-5.52856
51458.9,-5.42664
51469,-5.28987
51479.1,-5.16526
51489.3,-5.05773
51499.4,-5.01248
51509.5,-4.99292
51519.7,-4.99182
51529.8,5.01201
51539.9,5.06639
51550,5.14521
51560.1,5.25005
51570.2,5.35811
51580.3,5.48548
51590.3,5.59431
51600.4,5.7301
51610.5,5.87996
51620.6,6.09548
51630.8,6.34709
51641.2,6.61899
51651.4,6.88267
51661.5,7.12268
51671.6,7.37369
51681.8,7.64724
51691.9,7.95538
51702,8.26873
51712.2,8.59083
51722.4,8.88324
51732.5,9.18129
51742.6,9.46022
51752.8,9.77993
51762.9,10.1455
51773.1,10.5164
51783.2,10.9085
51793.3,11.2795
51803.6,11.6594
51813.7,12.0054
51823.8,12.3306
51834,12.6592
51844.1,12.9817
51854.2,13.3084
51864.4,13.6363
51874.5,13.9581
51884.6,14.2693
51894.8,14.5872
51904.9,14.92
51915.1,15.2818
51925.3,15.6454
51935.4,15.9961
51945.5,16.3264
51955.6,16.658
51965.8,17.0057
51975.9,17.3797
51986,17.7577
51996.1,18.1524
52006.2,18.5533
52016.4,18.9555
52026.5,19.3448
52036.6,19.7431
52046.8,20.1426
52056.9,20.535
52067.1,20.921
52077.2,21.2738
52087.3,21.6302
52097.4,21.9804
52107.6,22.3283
52117.7,22.6792
52127.8,23.0544
52137.9,23.433
52148.1,23.8134
52158.2,24.1812
52168.3,24.5437
52178.5,24.9094
52188.6,25.2862
52198.7,25.6649
52208.8,26.0437
52218.9,26.4666
52229,26.8859
52239.1,27.3058
52249.2,27.731
52259.4,28.1528
52269.5,28.576
52279.6,29.006
52289.8,29.462
52299.9,29.9186
52310,30.3822
52320.1,30.8286
52330.3,31.276
52340.4,31.6957
52350.5,32.1255
52360.6,32.5552
52370.7,32.9977
52380.9,33.4458
52391,33.8941
52401.1,34.3309
52411.3,34.7571
52421.4,35.1873
52431.5,35.6178
52441.6,36.0547
52451.8,36.4947
52461.9,36.9337
52472,37.3787
52482.1,37.8084
52492.2,38.2385
52502.4,38.659
52512.5,39.0686
52522.6,39.4772
52532.8,39.8858
52542.9,40.2997
52552.9,40.7123
52563,41.1474
52573.1,41.5931
52583.2,42.0381
52593.3,42.4817
52603.3,42.9276
52613.4,43.3731
52623.5,43.8145
52633.6,44.2633
52643.7,44.713
52653.8,45.1286
52663.9,45.5576
52673.9,45.9866
52684,46.4427
52694.1,46.928
52704.2,47.413
52714.2,47.8847
52724.3,48.3407
52734.4,48.7966
52744.5,49.2835
52754.5,49.7559
52764.6,50.2274
52774.7,50.6874
52784.8,51.1153
52794.9,51.5424
52804.9,51.9598
52815,52.3574
52825.1,52.755
52835.2,53.1375
52845.3,53.5036
52855.3,53.8691
52865.4,54.2127
52875.5,54.5627
52885.6,54.9136
52895.6,55.2786
52905.7,55.6838
52915.8,56.0945
52925.9,56.5079
52936,56.9234
52946,57.3235
52956.1,57.7246
52966.2,58.1312
52976.2,58.5266
52986.3,58.9241
52996.4,59.2754
53006.5,59.596
53016.6,59.9175
53026.7,60.2375
53036.7,60.566
53046.8,60.8951
53056.9,61.2579
53067,61.5976
53077.1,61.9379
53087.1,62.251
53097.2,62.5581
53107.3,62.8657
53117.4,63.1957
53127.4,63.5395
53137.5,63.8837
53147.6,64.2194
53157.7,64.5333
53167.8,64.8477
53177.8,65.1444
53187.9,65.4534
53198,65.7633
53208.1,66.0784
53218.2,66.3959
53228.3,66.7136
53238.3,67.0144
53248.4,67.3266
53258.5,67.6396
53268.6,67.983
53278.7,68.3285
53288.8,68.6748
53298.8,68.9859
53308.9,69.3119
53319,69.6384
53329.1,69.9979
53339.1,70.3907
53349.2,70.7847
53359.3,71.1934
53369.4,71.5899
53379.5,71.9869
53389.5,72.357
53399.6,72.7202
53409.7,73.0839
53419.8,73.4463
53429.8,73.7822
53439.9,74.103
53450,74.4241
53460.1,74.7211
53470.2,75.02
53480.2,75.3195
53490.3,75.611
53500.4,75.9038
53510.5,76.1972
53520.5,76.4609
53530.6,76.7019
53540.7,76.9433
53550.8,77.1885
53560.9,77.4479
53570.9,77.7072
53581,77.9388
53591.1,78.1706
53601.2,78.3916
53611.2,78.6226
53621.3,78.8331
53631.4,79.0437
53641.5,79.2624
53651.5,79.4841
53661.6,79.7064
53671.7,79.9281
53681.8,80.1338
53691.8,80.3395
53701.9,80.5225
53712,80.673
53722.1,80.8237
53732.1,80.977
53742.2,81.1417
53752.3,81.308
53762.4,81.4757
53772.5,81.6018
53782.5,81.7287
53792.6,81.8305
53802.7,81.9279
53812.8,82.0257
53822.8,82.0984
53832.9,82.1693
53843,82.2404
53853.1,82.2761
53863.2,82.2833
53873.2,82.2907
53883.3,82.3026
53893.4,82.3087
53903.4,82.3149
53913.5,82.3051
53923.6,82.2961
53933.7,82.2871
53943.7,82.2477
53953.9,82.1825
53964,82.1174
53974.1,82.0452
53984.3,81.9838
53994.4,81.9224
54004.5,81.8635
54014.6,81.8013
54024.8,81.739
54034.9,81.6896
54045,81.6357
54055.2,81.5767
54065.3,81.5179
54075.5,81.4483
54085.6,81.3799
54095.7,81.3117
54105.8,81.2418
54116,81.1503
54126.1,81.0589
54136.2,80.943
54146.3,80.8255
54156.4,80.7086
54166.6,80.6105
54176.7,80.515
54186.8,80.4199
54197,80.3028
54207.1,80.1815
54217.2,80.0605
54227.4,79.9404
54237.5,79.8153
54247.6,79.6907
54257.7,79.5682
54267.9,79.4337
54278,79.2996
54288.1,79.1535
54298.3,79.0187
54308.4,78.8841
54318.5,78.7411
54328.7,78.5841
54338.8,78.4278
54348.9,78.2642
54359.1,78.0934
54369.2,77.9232
54379.4,77.7679
54389.5,77.5935
54399.6,77.401
54409.8,77.2078
54419.9,77.0101
54430,76.8132
54440.1,76.6159
54450.3,76.3941
54460.4,76.128
54470.6,75.8606
54480.7,75.5942
54490.8,75.3489
54501,75.1025
54511.2,74.8632
54521.2,74.6305
54531.4,74.3971
54541.6,74.1301
54551.6,73.8424
54561.8,73.5535
54572,73.2882
54582.1,73.0387
54592.3,72.7879
54602.4,72.5555
54612.5,72.3013
54622.7,72.0464
54632.8,71.7647
54642.9,71.4925
54653.1,71.2199
54663.2,70.9263
54673.3,70.6238
54683.6,70.3196
54693.7,70.0229
54703.8,69.7453
54714,69.484
54724.1,69.2217
54734.2,68.9474
54744.4,68.6799
54754.5,68.4127
54764.6,68.1179
54774.7,67.756
54784.8,67.3939
54794.9,66.9545
54805.1,66.5018
54815.2,66.0479
54825.3,65.5854
54835.4,65.1239
54845.6,64.6617
54855.7,64.1634
54865.8,63.7002
54876,63.2353
54886.1,62.7622
54896.2,62.287
54906.4,61.8138
54916.5,61.3657
54926.6,60.8882
54936.8,60.4101
54946.9,59.9663
54957,59.5338
54967.1,59.1016
54977.2,58.6596
54987.4,58.2115
54997.5,57.762
55007.6,57.3176
55017.8,56.8915
55027.9,56.4664
55038,56.0557
55048.2,55.6513
55058.3,55.2079
55068.4,54.7654
55078.6,54.3419
55088.7,53.9187
55098.8,53.5191
55108.9,53.1145
55119.1,52.6989
55129.2,52.2844
55143.9,51.681
55154,51.2606
55164.9,50.8199
55175,50.421
55185.1,50.0049
55195.2,49.5581
55205.4,49.1103
55215.5,48.6757
55225.6,48.2759
55235.8,47.8749
55245.9,47.4795
55256,47.0673
55266.1,46.6515
55276.2,46.2284
55286.4,45.8123
55296.5,45.3945
55306.6,45.0086
55316.7,44.6565
55326.9,44.3023
55337,43.9483
55347.1,43.5757
55357.3,43.202
55367.4,42.8025
55377.5,42.3906
55387.7,41.9768
55397.8,41.5543
55407.9,41.1428
55418,40.7425
55428.1,40.3432
55438.3,39.938
55448.4,39.5315
55458.5,39.1148
55468.7,38.6829
55478.8,38.2466
55488.9,37.8118
55499,37.3662
55509.2,36.9382
55519.3,36.511
55529.4,36.0809
55539.6,35.663
55549.7,35.2474
55559.8,34.8286
55570,34.4209
55580.1,34.0151
55590.2,33.6176
55600.3,33.1815
55610.4,32.7479
55620.6,32.3222
55630.7,31.9193
55640.8,31.5184
55651,31.0931
55661.1,30.676
55671.2,30.2602
55681.4,29.8064
55691.5,29.3566
55701.6,28.9108
55711.8,28.445
55721.9,27.9867
55732,27.5306
55742.1,27.0748
55752.3,26.6621
55762.4,26.2551
55772.5,25.884
55782.7,25.5172
55792.8,25.1326
55803,24.7492
55813.1,24.3718
55823.2,24.013
55833.3,23.6575
55843.5,23.2713
55853.6,22.8523
55863.7,22.4337
55873.9,21.9711
55884,21.5372
55894.1,21.1049
55904.2,20.7016
55914.3,20.2904
55924.5,19.8805
55934.6,19.4513
55944.7,19.0316
55954.8,18.6124
55965,18.2443
55975.1,17.8773
55985.3,17.5104
55995.4,17.128
56005.5,16.7378
56015.6,16.3482
56025.8,15.9898
56035.9,15.649
56046,15.309
56056.2,14.9811
56066.3,14.6509
56076.4,14.321
56086.6,13.9817
56096.7,13.6567
56106.8,13.3339
56117,13.0261
56127.1,12.7133
56137.2,12.4036
56147.4,12.0927
56157.5,11.7965
56167.6,11.5407
56177.8,11.287
56187.9,11.0396
56198,10.7451
56208.1,10.4505
56218.3,10.1509
56233.7,9.6964
56243.8,9.51901
56253.9,9.35234
56264.1,9.18871
56274.2,8.99917
56284.3,8.81525
56294.5,8.61141
56304.7,8.45451
56314.8,8.3022
56324.9,8.17776
56335,7.99878
56345.1,7.82443
56355.3,7.57696
56365.5,7.33973
56375.6,7.10815
56385.7,6.97378
56395.9,6.84548
56406,6.72964
56416.1,6.52462
56426.3,6.258
56436.4,6.08815
56446.6,5.92229
56456.7,5.86249
56466.8,5.81475
56477,5.74007
56487.1,5.55174
56497.2,5.38754
56507.4,5.22674
56517.6,5.24931
56527.7,5.33908
56537.9,5.44465
56548,5.44637
56558.1,5.36906
56568.3,5.30007
56578.5,5.30347
56588.6,5.34816
56598.7,5.40133
56608.9,5.39248
56619,-5.36191
56629.1,-5.33981
56639.3,-5.43544
56649.4,-5.65362
56659.5,-5.8761
56669.6,-6.03389
56679.7,-5.9828
56689.8,-5.93708
56699.9,-5.77055
56710,-5.71916
56720.1,-5.67311
56730.4,-5.81434
56740.5,-5.94433
56750.6,-6.07618
56760.8,-6.08416
56771.1,-6.0696
56781.2,-6.15594
56791.4,-6.24448
56801.6,-6.32794
56811.8,-6.34623
56822,-6.36643
56832.2,-6.35005
56842.4,-6.38976
56852.5,-6.43044
56862.7,-6.54271
56872.9,-6.65616
56883,-6.77013
56893.3,-6.79899
56903.5,-6.77256
56913.6,-6.74986
56923.9,-6.68141
56934,-6.71321
56944.1,-6.74579
56954.4,-6.87994
56964.5,-6.98848
56974.6,-7.0969
56984.8,-7.09966
56995,-7.05207
57005.1,-7.00616
57015.4,-7.01644
57025.5,-7.10418
57035.6,-7.19162
57045.8,-7.27801
57056,-7.30529
57066.1,-7.29284
57076.4,-7.28113
57086.5,-7.27348
57096.6,-7.25559
57106.8,-7.23776
57117,-7.31697
57127.1,-7.4244
57137.4,-7.53383
57147.6,-7.54433
57157.7,-7.46668
57167.9,-7.38992
57178.1,-7.35306
57188.2,-7.3654
57198.3,-7.37815
57208.4,-7.3705
57218.5,-7.34069
57228.6,-7.31108
57238.7,-7.28274
57248.8,-7.31268
57258.9,-7.34261
57268.9,-7.3894
57279.1,-7.41331
57289.2,-7.43747
57299.2,-7.42661
57309.3,-7.42112
57319.5,-7.41606
57329.5,-7.44168
57339.6,-7.47507
57349.7,-7.50863
57359.8,-7.52842
57369.9,-7.51978
57380.1,-7.51113
57390.1,-7.50279
57400.2,-7.52083
57410.3,-7.56289
57420.4,-7.60554
57430.5,-7.63709
57440.6,-7.65716
57450.7,-7.67749
57460.8,-7.69176
57470.9,-7.70855
57481,-7.7253
57491.1,-7.7334
57501.2,-7.72894
57511.3,-7.72459
57521.4,-7.71403
57531.5,-7.712
57541.5,-7.70997
57551.7,-7.70743
57561.8,-7.71525
57571.8,-7.72286
57582,-7.72499
57592.1,-7.69064
57602.1,-7.65624
57612.2,-7.63555
57622.3,-7.6498
57632.4,-7.66422
57642.5,-7.70123
57652.6,-7.71007
57662.7,-7.71891
57672.8,-7.69166
57682.9,-7.69472
57693,-7.69787
57703.1,-7.74049
57713.2,-7.76383
57723.3,-7.7875
57733.4,-7.74514
57743.5,-7.69635
57753.5,-7.64816
57763.6,-7.64437
57773.7,-7.69431
57783.8,-7.74433
57793.9,-7.79886
57804,-7.79585
57814.1,-7.73654
57824.2,-7.6777
57834.2,-7.62251
57844.3,-7.61058
57854.4,-7.59915
57864.5,-7.6185
57874.6,-7.64068
57884.7,-7.6631
57894.8,-7.69543
57904.9,-7.72803
57915,-7.72712
57925.2,-7.683
57935.4,-7.64795
57945.5,-7.61305
57955.6,-7.61737
57965.8,-7.64949
57975.9,-7.68168
57986,-7.70336
57996.1,-7.69553
58006.3,-7.68779
58016.5,-7.6544
58026.6,-7.61089
58036.7,-7.56734
58046.9,-7.5382
58057,-7.54817
58067.1,-7.55812
58077.3,-7.59358
58087.4,-7.58398
58097.6,-7.57427
58107.8,-7.53258
58117.9,-7.4937
58128,-7.45493
58138.2,-7.43957
58148.3,-7.43747
58158.5,-7.42914
58168.6,-7.42091
58178.7,-7.39543
58188.9,-7.36976
58199,-7.32862
58209.2,-7.28511
58219.3,-7.25429
58229.5,-7.22335
58239.6,-7.21022
58249.7,-7.21717
58259.9,-7.22422
58270.1,-7.23949
58280.2,-7.25829
58290.4,-7.27758
58300.6,-7.31065
58310.7,-7.36349
58320.9,-7.4168
58331,-7.45787
58341.1,-7.48261
58351.3,-7.50748
58361.4,-7.54287
58371.6,-7.59472
58381.7,-7.64724
58391.9,-7.70652
58402,-7.74939
58412.2,-7.79253
58422.3,-7.82543
58432.4,-7.87094
58442.6,-7.91669
58452.7,-7.99065
58462.9,-8.07539
58473,-8.16222
58483.2,-8.22846
58493.3,-8.24938
58503.6,-8.27081
58513.8,-8.24644
58523.9,-8.19718
58534,-8.12972
58544.2,-8.06209
58554.3,-8.01385
58564.4,-7.96561
58574.6,-7.98771
58584.7,-8.05091
58594.8,-8.07587
58605,-8.10115
58615.1,-8.05907
58625.2,-8.02947
58635.4,-8.00025
58645.5,-8.03522
58655.6,-8.11197
58665.8,-8.18876
58675.9,-8.24796
58686,-8.26882
58696.2,-8.29021
58706.3,-8.30295
58716.5,-8.33121
58726.6,-8.35965
58736.8,-8.37622
58747,-8.37435
58757.1,-8.37295
58767.2,-8.38221
58777.4,-8.41187
58787.5,-8.44162
58797.7,-8.46618
58807.8,-8.45905
58818,-8.45173
58828.1,-8.44264
58838.2,-8.4597
58848.4,-8.47866
58858.5,-8.49786
58868.6,-8.49306
58878.8,-8.51674
58888.9,-8.54108
58899.1,-8.69155
58909.2,-8.9108
58919.4,-9.13286
58929.6,-9.26311
58939.7,-9.24796
58949.8,-9.2338
58960,-9.13269
58970.2,-9.03661
58980.3,-8.94082
58990.5,-8.90711
59000.6,-8.89329
59010.8,-8.87945
59020.9,-8.87865
59031.1,-8.90289
59041.2,-8.92714
59051.4,-8.96524
59062.6,-8.98863
59072.7,-9.01065
59082.9,-9.04918
59093.1,-9.0928
59103.2,-9.12857
59113.5,-9.1654
59123.7,-9.20481
59133.8,-9.23668
59144,-9.26869
59154.2,-9.30211
59164.3,-9.34639
59174.5,-9.39105
59184.7,-9.39756
59194.8,-9.36716
59205,-9.33691
59215.2,-9.31221
59225.3,-9.31431
59235.5,-9.31641
59245.6,-9.30935
59255.8,-9.29166
59266,-9.2741
59276.1,-9.251
59286.3,-9.2343
59296.6,-9.21749
59306.7,-9.20898
59316.9,-9.2106
59327.3,-9.21205
59337.5,-9.22802
59347.6,-9.25829
59357.8,-9.28887
59367.9,-9.31052
59378.1,-9.26937
59388.3,-9.18206
59398.4,-9.09504
59408.6,-9.05575
59418.8,-9.05904
59428.9,-9.0625
