10.2043,0.0969133
20.322,0.189746
30.4692,0.288035
40.6143,0.366908
50.7399,0.445872
60.8413,0.532289
71.0315,0.612934
81.2653,0.69323
91.348,0.742301
101.455,0.77833
111.535,0.815648
121.606,0.869525
131.704,0.927877
141.779,0.98595
151.846,1.00092
161.956,0.939612
172.034,0.88115
182.105,0.795242
192.198,0.729538
202.271,0.66793
212.34,0.603929
222.433,0.533757
232.507,0.478062
242.574,0.403482
252.667,0.381548
262.74,0.414958
272.807,0.489388
282.899,0.582825
292.97,0.694358
303.039,0.841159
313.131,0.999354
323.203,1.16431
333.273,1.33058
343.373,1.50086
353.445,1.69992
363.513,-1.91063
373.604,-2.22412
383.677,-2.61252
393.743,-3.00153
403.83,-3.66368
413.902,-4.22904
423.987,-4.7996
434.094,-5.22823
444.168,-5.44522
454.235,-5.67284
464.344,-5.71957
474.419,-5.73625
484.487,-5.77299
494.592,-5.89074
504.669,6.13058
514.737,6.38216
524.82,6.67249
534.895,6.96772
544.963,7.27176
555.029,7.5103
565.096,7.68208
575.162,7.86537
585.228,8.02684
595.295,8.18436
605.374,8.353
615.459,8.54172
625.545,8.74646
635.62,8.96008
645.687,9.17216
655.791,9.36197
665.866,9.55934
675.935,9.73954
686.039,9.97258
696.113,10.2158
706.181,10.4811
716.286,10.7216
726.359,10.9755
736.43,11.2252
746.536,11.4824
756.61,11.7529
766.677,12.0163
776.781,12.2782
786.857,12.5498
796.946,12.8431
807.05,13.1709
817.124,13.3428
827.19,13.5195
837.295,13.8205
847.367,14.1234
857.435,14.4718
867.536,14.8687
877.61,15.22
887.68,15.574
897.783,15.9294
907.855,16.1417
917.923,16.3565
928.026,16.5733
938.105,16.7837
948.175,16.9945
958.269,17.2941
968.344,17.5
978.412,17.708
988.518,17.9549
998.59,18.2714
1008.66,18.589
1018.75,18.7978
1028.82,19.088
1038.9,19.3794
1049,19.6311
1059.07,19.9138
1069.14,20.1965
1079.24,20.4633
1089.31,20.7092
1099.38,20.9578
1109.48,21.1699
1119.56,21.4587
1129.62,21.7584
1139.72,22.3177
1149.8,22.4969
1159.86,22.6995
1169.96,23.236
1180.03,23.5999
1190.1,23.9743
1200.2,24.4347
1210.27,24.8532
1220.34,25.2732
1230.44,25.6642
1240.52,26.0119
1250.59,26.362
1260.69,26.3193
1270.76,26.8785
1280.83,27.4404
1290.93,28.0767
1301,28.7266
1311.07,29.3822
1321.15,30.0595
1331.22,30.7749
1341.3,31.4941
1351.4,32.1856
1361.48,32.8456
1371.54,33.5056
1381.65,34.1362
1391.72,34.7433
1401.79,35.3498
1411.88,35.9503
1421.96,36.5526
1432.03,37.1545
1442.13,37.7721
1452.21,38.3878
1462.27,39.0027
1472.37,39.6242
1482.44,40.2405
1492.51,40.8904
1502.61,41.5415
1512.68,42.1813
1522.75,42.797
1532.85,43.4147
1542.93,44.003
1553,44.5549
1563.11,45.1084
1573.18,45.6484
1583.25,46.1823
1593.35,46.717
1603.42,47.2469
1613.49,47.7695
1623.58,48.2934
1633.66,48.8219
1643.73,49.3483
1653.83,49.8765
1663.91,50.4035
1673.98,50.9203
1684.08,51.4385
1694.16,51.9453
1704.23,52.4566
1714.33,52.9693
1724.41,53.4892
1734.48,54.0014
1744.57,54.5147
1754.64,55.0145
1764.71,55.4976
1774.8,55.9818
1784.88,56.4517
1794.94,56.9101
1805.03,57.3701
1815.1,57.8356
1825.17,58.2708
1835.26,58.7076
1845.34,59.1178
1855.41,59.4697
1865.51,59.8226
1875.59,60.133
1885.65,60.3955
1895.75,60.6585
1905.82,60.8732
1915.89,61.0531
1925.98,61.2334
1936.07,61.4032
1946.14,61.5718
1956.24,61.7406
1966.31,61.9096
1976.38,62.0701
1986.49,62.2311
1996.56,62.3655
2006.63,62.4526
2016.72,62.4871
2026.8,62.5217
2036.87,62.5109
2046.96,62.4488
2057.03,62.3867
2067.1,62.2617
2077.18,62.0841
2087.26,61.9066
2097.33,61.6906
2107.43,61.4492
2117.5,61.2082
2127.57,60.9563
2137.68,60.7083
2147.75,60.4608
2157.82,60.2013
2167.92,59.9285
2177.99,59.6562
2188.06,59.3678
2198.16,59.0542
2208.26,58.7405
2218.33,58.3908
2228.44,57.9851
2238.51,57.5805
2248.58,57.1049
2258.68,56.5088
2268.76,55.9141
2278.83,55.1991
2288.93,54.4492
2299.01,53.7041
2309.07,53.0107
2319.16,52.3273
2329.24,51.6465
2339.31,50.9306
2349.41,50.1629
2359.48,49.3983
2369.55,48.5967
2379.65,47.7948
2389.73,46.9958
2399.8,46.183
2409.9,45.4269
2419.97,44.6742
2430.04,43.9699
2440.15,43.2956
2450.22,42.6256
2460.29,41.9701
2470.4,41.3288
2480.47,40.6904
2490.54,40.0864
2500.64,39.5084
2510.72,38.9414
2520.78,38.3775
2530.89,37.8256
2540.96,37.2824
2551.03,36.7424
2561.14,36.1805
2571.23,35.5922
2581.3,35.0078
2591.43,34.3955
2601.51,33.7954
2611.58,33.2015
2621.71,32.6295
2631.79,32.0663
2641.86,31.5102
2651.99,30.9335
2662.07,30.3197
2672.13,29.7139
2682.26,29.0754
2692.34,28.3798
2702.41,27.6959
2712.54,26.9821
2722.62,26.3106
2732.69,25.6551
2742.82,25.0478
2752.92,24.4964
2763.01,23.9601
2773.25,23.4132
2783.38,22.9186
2793.48,22.4385
2803.72,21.9915
2813.84,21.5509
2823.94,21.1253
2834.18,20.7286
2844.32,20.3957
2854.43,20.0729
2864.67,19.7426
2874.82,19.3938
2884.92,19.0252
2895.14,18.668
2905.29,18.3239
2915.43,17.9982
2925.66,17.7005
2935.79,17.4463
2945.89,17.2317
2956.11,17.0393
2966.27,16.8537
2976.37,16.6607
2986.61,16.4925
2996.78,16.3319
3006.88,16.1867
3017.12,16.0705
3027.24,16.0225
3037.35,16.0154
3047.59,16.0455
3057.75,-16.1352
3067.85,-16.2337
3078.07,-16.3702
3088.2,-16.506
3098.3,-16.6606
3108.39,-16.8516
3118.49,-17.1498
3128.58,-17.4727
3138.67,-17.8264
3148.76,-18.2138
3158.85,-18.596
3168.94,-19.0017
3179.02,-19.4087
3189.11,-19.909
3199.2,-20.4317
3209.29,-20.9428
3219.38,-21.5081
3229.47,-22.0884
3239.56,-22.6918
3249.65,-23.3193
3259.73,-23.9584
3269.82,-24.5921
3279.91,-25.219
3290,-25.8583
3300.13,-26.5071
3310.24,-27.1663
3320.39,-27.8214
3330.52,-28.4836
3340.62,-29.133
3350.82,-29.7284
3360.97,-30.3278
3371.06,-30.8566
3381.27,-31.3614
3391.43,-31.8694
3401.53,-32.3109
3411.66,-32.6862
3421.81,-33.0653
3431.93,-33.2794
3442.13,-33.3147
3452.29,-33.3542
3462.39,-33.7096
3472.59,-34.0282
3482.74,-34.3504
3492.85,-34.7868
3503.05,-35.3443
3513.21,-35.9043
3523.32,-36.322
3533.52,-36.7721
3543.68,-37.2254
3553.79,-37.6057
3563.99,-38.0393
3574.12,-38.4733
3584.22,-38.96
3594.43,-39.4922
3604.57,-40.0415
3614.68,-40.59
3624.87,-41.1034
3635.01,-41.6272
3645.11,-42.1505
3655.33,-42.716
3665.48,-43.2748
3675.58,-43.8323
3685.74,-44.3732
3695.88,-44.924
3705.98,-45.4743
3716.19,-46.0671
3726.32,-46.6903
3736.42,-47.3122
3746.63,-47.9294
3756.77,-48.5531
3766.87,-49.176
3777.07,-49.8274
3787.23,-50.5304
3797.33,-51.2313
3807.53,-51.991
3817.68,-52.7506
3827.78,-53.5078
3837.97,-54.22
3848.12,-54.8842
3858.22,-55.5473
3868.45,-56.1486
3878.61,-56.6884
3888.71,-57.2249
3898.92,-57.6905
3909.14,-58.0903
3919.24,-58.4852
3929.44,-58.8047
3939.6,-59.0389
3949.7,-59.1628
3959.9,-59.2873
3970.05,-59.3003
3980.19,-59.2362
3990.37,-59.1719
4000.56,-59.0337
4010.73,-58.8243
4020.89,-58.6154
4031.12,-58.3279
4041.32,-57.9806
4051.43,-57.6355
4061.61,-57.2254
4071.75,-56.7563
4081.86,-56.2895
4092.01,-55.7763
4102.13,-55.2135
4112.23,-54.6524
4122.42,-54.0099
4132.55,-53.2925
4142.64,-52.5772
4152.81,-51.8055
4162.94,-51.004
4173.04,-50.2087
4183.23,-49.4105
4193.36,-48.6122
4203.45,-47.7967
4213.63,-46.9799
4223.76,-46.1601
4233.85,-45.3303
4244.04,-44.4987
4254.16,-43.6411
4264.26,-42.757
4274.46,-41.8699
4284.59,-41.0099
4294.69,-40.0485
4304.88,-39.0904
4315.01,-38.3019
4325.1,-37.5821
4335.28,-36.8716
4345.41,-36.2995
4355.5,-35.8196
4365.68,-35.3658
4375.81,-34.9116
4385.91,-34.4276
4396.08,-33.9656
4406.23,-33.4615
4416.35,-32.9602
4426.54,-32.4775
4436.67,-32.0306
4446.77,-31.5905
4456.93,-31.1713
4467.06,-30.7088
4477.16,-30.1585
4487.34,-29.6251
4497.47,-29.0072
4507.57,-28.3364
4517.77,-27.6802
4527.89,-27.0194
4537.99,-26.3812
4548.18,-25.7642
4558.32,-25.1875
4568.41,-24.5893
4578.56,-23.9744
4588.71,-23.3886
4598.82,-22.8507
4608.98,-22.4346
4619.14,-22.0553
4629.24,-21.7643
4639.38,-21.6395
4649.53,21.5562
4659.64,21.5873
4669.79,21.541
4679.91,21.5288
4690,21.3533
4700.1,21.1954
4710.19,21.0753
4720.28,21.1699
4730.37,21.3808
4740.46,21.6309
4750.55,21.7493
4760.64,21.8713
4770.73,22.0221
4780.81,22.0014
4790.9,21.7307
4800.99,21.5035
4811.08,21.3657
4821.17,21.2986
4831.26,21.2517
4841.34,21.2421
4851.43,21.2545
4861.52,21.2694
4871.61,21.2019
4881.69,21.0805
4891.78,20.9598
4901.87,20.8688
4911.96,20.8
4922.04,20.6735
4932.15,20.5533
4942.25,20.3033
4952.33,20.0177
4962.43,19.7429
4972.56,19.4785
4982.69,19.2589
4992.87,19.0568
5003,18.8726
5013.1,18.6926
5023.4,18.5447
5033.57,18.3736
5043.67,18.2349
5053.98,18.1315
5064.16,18.1204
5074.26,18.1955
5084.6,18.3108
5094.79,18.4801
5104.88,-18.6938
5115.16,-18.9557
5125.32,-19.2656
5135.52,-19.5998
5145.61,-19.9749
5155.71,-20.3469
5165.81,-20.7306
5175.91,-21.1517
5185.99,-21.6247
5196.08,-22.1933
5206.17,-22.7921
5216.26,-23.4931
5226.35,-24.2683
5236.47,-25.0714
5246.56,-25.9409
5256.65,-26.857
5266.74,-27.7948
5276.83,-28.7065
5286.92,-29.643
5297.01,-30.5953
5307.1,-31.5786
5317.18,-32.6221
5327.27,-33.6633
5337.38,-34.7213
5347.47,-35.7443
5357.56,-36.6787
5367.65,-37.6321
5377.74,-38.5271
5387.87,-39.4003
5398.02,-40.3012
5408.27,-41.2802
5418.38,-42.3739
5428.47,-43.4786
5438.62,-44.643
5448.74,-45.7379
5458.83,-46.8386
5469.01,-47.7422
5479.15,-48.7082
5489.24,-49.6795
5499.41,-50.7525
5509.55,-51.9221
5519.64,-53.0899
5529.86,-54.3539
5539.99,-55.4552
5550.08,-56.5521
5560.27,-57.4128
5570.4,-58.1014
5580.5,-58.7896
5590.79,-59.4032
5600.92,-60.034
5611.02,-60.6638
5621.32,-61.333
5631.48,-62.0146
5641.58,-62.6364
5651.85,-63.2658
5661.99,-63.8011
5672.1,-64.2605
5682.39,-64.7257
5692.6,-65.1036
5702.7,-65.3789
5713.02,-65.6578
5723.18,-65.8637
5733.28,-66.0188
5743.58,-66.1762
5753.73,-66.2611
5763.83,-66.2462
5774.06,-66.2315
5784.23,-66.0871
5794.33,-65.8386
5804.61,-65.5876
5814.78,-65.2816
5824.88,-64.9737
5835.09,-64.6642
5845.36,-64.3892
5855.44,-64.1582
5865.56,-63.9276
5875.65,-63.7044
5885.72,-63.45
5895.85,-63.1948
5905.93,-62.8981
5915.99,-62.5459
5926.1,-62.1538
5936.18,-61.7616
5946.25,-61.3549
5956.37,-60.9473
5966.45,-60.5052
5976.52,-60.0019
5986.63,-59.4019
5996.73,-58.8035
6006.82,-58.1138
6017.01,-57.3395
6027.14,-56.5649
6037.24,-55.7349
6047.5,-54.8518
6057.64,-53.9733
6067.73,-53.0563
6077.98,-52.0764
6088.11,-51.1041
6098.21,-50.0883
6108.42,-49.0217
6118.56,-47.9583
6128.67,-46.893
6138.91,-45.8483
6149.09,-44.8107
6159.19,-43.8091
6169.4,-42.8314
6179.54,-41.8545
6189.64,-40.8826
6199.87,-39.8992
6210.01,-38.9246
6220.11,-37.9368
6230.35,-36.941
6240.5,-35.9502
6250.6,-34.9668
6260.8,-33.964
6270.95,-32.9487
6281.05,-31.9439
6291.26,-30.9529
6301.39,-30.0414
6311.49,-29.1415
6321.72,-28.3031
6331.85,-27.507
6341.95,-26.7281
6352.16,-25.9569
6362.29,-25.1805
6372.39,-24.423
6382.63,-23.6662
6392.77,-22.9254
6402.87,-22.2056
6413.13,-21.5103
6423.27,-20.8844
6433.39,-20.2851
6443.62,-19.7306
6453.74,-19.2046
6463.87,-18.71
6474.11,-18.2208
6484.24,-17.7564
6494.35,-17.3299
6504.61,-16.973
6514.75,-16.7265
6524.85,-16.5291
6535.06,-16.3894
6545.22,16.2429
6555.36,16.1574
6565.6,16.0789
6575.75,16.1463
6585.84,16.3603
6595.94,16.6583
6606.03,17.0036
6616.12,17.428
6626.21,17.8157
6636.3,18.0861
6646.39,18.2767
6656.48,18.5159
6666.57,18.6772
6676.66,18.8205
6686.75,19.0328
6696.84,19.3258
6706.93,19.824
6717.02,20.3614
6727.11,20.8845
6737.2,21.5098
6747.29,22.1524
6757.37,22.7141
6767.47,23.2399
6777.56,23.7797
6787.65,24.3219
6797.77,24.935
6807.87,25.5568
6818.02,26.209
6828.13,26.8957
6838.23,27.5931
6848.37,28.3059
6858.56,29.0162
6868.67,29.7335
6878.83,30.4393
6889.02,31.124
6899.19,31.815
6909.33,32.501
6919.51,33.2239
6929.62,33.9473
6939.76,34.6805
6949.93,35.4254
6960.04,36.2014
6970.18,36.9807
6980.36,37.7771
6990.48,38.5642
7000.63,39.3523
7010.82,40.1311
7020.92,40.9302
7031.07,41.7313
7041.26,42.4805
7051.36,43.217
7061.51,43.9555
7071.7,44.7149
7081.81,45.4717
7091.96,46.2299
7102.15,46.9762
7112.26,47.665
7122.42,48.3563
7132.62,48.9932
7142.72,49.6058
7152.88,50.2205
7163.07,50.837
7173.18,51.457
7183.34,52.0783
7193.53,52.7002
7203.64,53.3082
7213.79,53.9178
7223.98,54.5281
7234.08,55.1364
7244.23,55.7367
7254.41,56.3406
7264.59,56.9606
7274.75,57.5787
7284.89,58.2103
7295,58.8393
7305.14,59.4391
7315.33,60.0425
7325.43,60.6042
7335.57,61.1201
7345.75,61.6385
7355.85,62.1581
7366.01,62.7397
7376.17,63.3233
7386.28,63.916
7396.42,64.4783
7406.61,65.0425
7416.72,65.5919
7426.86,66.152
7437.04,66.7154
7447.15,67.2901
7457.3,67.8382
7467.49,68.3892
7477.6,68.9194
7487.74,69.4392
7497.93,69.9621
7508.03,70.4822
7518.19,70.9869
7528.33,71.4922
7538.45,72.0397
7548.61,72.5846
7558.8,73.1288
7568.93,73.6722
7579.14,74.2268
7589.32,74.7574
7599.44,75.288
7609.58,75.7673
7619.75,76.2048
7629.87,76.642
7640.01,77.049
7650.18,77.4152
7660.3,77.7804
7670.45,78.1388
7680.65,78.5154
7690.77,78.8908
7700.92,79.2452
7711.17,79.579
7721.29,79.9109
7731.43,80.244
7741.68,80.5955
7751.8,80.9448
7761.95,81.2902
7772.21,81.6049
7782.32,81.9171
7792.49,82.191
7802.71,82.4038
7812.82,82.6149
7822.98,82.7659
7833.18,82.8509
7843.3,82.9355
7853.46,82.9421
7863.73,82.8865
7873.86,82.8315
7884.02,82.7381
7894.23,82.6001
7904.34,82.3865
7914.51,82.1726
7924.76,81.8608
7934.91,81.4297
7945.07,80.9989
7955.34,80.449
7965.46,79.7964
7975.63,79.1452
7985.9,78.4073
7996.02,77.585
8006.18,76.7652
8016.43,75.8682
8026.56,74.9606
8036.72,74.0549
8046.98,73.1517
8057.1,72.2622
8067.26,71.3747
8077.52,70.4849
8087.64,69.5831
8097.8,68.6831
8108,67.7639
8118.12,66.8648
8128.25,65.9676
8139.27,65.0055
8158.85,63.3106
8169.17,62.4103
8179.28,61.5033
8189.4,60.5874
8199.53,59.6724
8209.65,58.7485
8219.78,57.8058
8229.96,56.8613
8240.12,55.9004
8250.24,54.9241
8260.37,53.9504
8270.5,52.9521
8280.62,51.9527
8290.75,50.9573
8300.89,49.968
8311.02,48.9731
8321.21,47.9777
8331.34,46.9926
8341.48,46.0247
8351.71,45.0566
8361.85,44.0903
8371.98,43.1081
8382.15,42.1335
8392.27,41.1802
8404.22,40.1283
8414.37,39.3131
8424.47,38.5095
8434.59,37.7968
8444.73,37.1943
8454.83,36.6007
8465.73,36.0692
8475.88,35.6823
8486.02,35.2997
8496.16,35.0605
8506.3,34.9996
8516.41,34.9395
8526.54,35.0617
8536.67,35.3421
8546.77,35.6236
8556.89,36.0535
8567.03,36.5907
8577.13,37.1315
8587.25,37.7578
8597.4,38.4576
8607.49,39.16
8617.62,39.9087
8627.77,40.6865
8637.87,41.4935
8647.99,42.3042
8658.13,43.1531
8668.23,44.0311
8678.37,44.9144
8688.55,45.8363
8698.66,46.813
8708.8,47.7947
8718.92,48.7875
8729.02,49.7572
8739.17,50.7319
8749.32,51.6702
8759.42,52.6049
8769.54,53.542
8779.67,54.4789
8789.77,55.3987
8799.89,56.3196
8810.04,57.2129
8820.14,58.062
8830.27,58.9127
8840.42,59.7126
8850.52,60.4586
8860.63,61.2053
8870.79,61.912
8880.89,62.5477
8891,63.1834
8901.16,63.7047
8911.26,64.0702
8921.39,64.4362
8931.55,64.6467
8941.65,64.7326
8951.78,64.8191
8961.94,64.8121
8972.05,64.7201
8989.21,64.4202
8999.37,64.1154
9009.52,63.813
9019.68,63.3563
9029.86,62.8993
9039.96,62.3097
9050.04,61.6227
9060.12,60.8378
9070.19,60.0532
9080.27,59.1913
9090.35,58.2473
9100.43,57.3048
9110.49,56.2623
9120.59,55.1357
9130.68,54.0102
9140.77,52.8253
9150.93,51.5739
9161.04,50.3259
9171.14,49.0095
9181.26,47.6232
9191.39,46.2385
9201.48,44.7921
9211.62,43.2897
9221.74,41.795
9231.84,40.2752
9241.97,38.7806
9252.09,37.3271
9262.18,35.8947
9272.35,34.4985
9282.48,33.1421
9292.58,31.816
9302.76,30.5498
9312.87,29.3606
9322.97,28.2066
9333.13,27.0983
9343.26,26.0398
9353.36,25.0301
9363.5,24.0753
9373.62,23.1536
9383.71,22.2974
9393.92,21.4742
9404.05,20.7286
9414.15,20.0686
9424.36,19.4937
9434.51,18.9626
9444.61,18.5268
9454.78,18.1782
9464.91,17.9852
9475,17.8948
9485.35,17.9703
9495.48,-18.1652
9505.58,-18.4615
9515.71,-18.8576
9525.82,-19.3409
9535.91,-19.9064
9545.99,-20.5335
9556.08,-21.1989
9566.17,-21.9241
9576.26,-22.7085
9586.35,-23.5116
9596.44,-24.3596
9606.53,-25.2038
9616.61,-26.0339
9626.7,-26.8457
9636.79,-27.6869
9646.87,-28.5246
9656.96,-29.3945
9667.05,-30.2845
9677.13,-31.2005
9687.22,-32.083
9697.3,-32.9789
9707.39,-33.7809
9717.47,-34.4861
9727.56,-35.2003
9737.65,-35.7987
9747.73,-36.2834
9757.83,-36.7726
9767.94,-37.1344
9778.04,-37.3841
9788.16,-37.6351
9798.28,-37.7365
9808.37,-37.6786
9818.51,-37.6213
9828.63,-37.3838
9838.72,-36.9796
9848.85,-36.5763
9858.97,-36.0404
9869.15,-35.4065
9879.24,-34.7732
9889.4,-34.0746
9899.5,-33.3189
9909.63,-32.57
9919.82,-31.7661
9929.95,-30.9126
9940.08,-30.0718
9950.24,-29.1868
9960.34,-28.2779
9970.48,-27.3872
9980.72,-26.4709
9990.83,-25.5406
10000.9,-24.6122
10011.2,-23.7093
10021.3,-22.8392
10031.5,-21.9908
10041.7,-21.1856
10051.8,-20.4179
10061.9,-19.7194
10072.2,-19.0926
10082.3,-18.5483
10092.4,-18.0608
10102.6,-17.677
10112.7,-17.3781
10122.9,17.167
10133.1,17.0832
10143.2,17.1539
10153.3,17.3865
10163.5,17.739
10173.6,18.1961
10183.7,18.7337
10193.8,19.3637
10203.9,20.0561
10213.9,20.8319
10224,21.6792
10234.1,22.5946
10244.2,23.5592
10254.3,24.5651
10264.4,25.6155
10274.5,26.6961
10284.5,27.8035
10294.6,28.9264
10304.7,30.0235
10314.8,31.1371
10324.9,32.2074
10335,33.2573
10345.1,34.3171
10355.1,35.3736
10365.2,36.4392
10375.3,37.5144
10385.5,38.6141
10395.6,39.713
10405.7,40.7867
10415.8,41.8657
10425.9,42.9183
10436,43.9423
10446.2,44.9737
10456.3,45.9832
10466.4,47.0122
10476.5,48.0458
10486.6,49.086
10496.7,50.1178
10506.9,51.1534
10517,52.176
10527.1,53.165
10537.2,54.1557
10547.3,55.0996
10557.4,56.0301
10567.6,56.9669
10577.8,57.9301
10587.8,58.9165
10598,59.9051
10608.1,60.8675
10618.2,61.7764
10628.4,62.6892
10638.5,63.5691
10648.6,64.431
10658.8,65.297
10668.9,66.1381
10679,66.9785
10689.2,67.8254
10699.4,68.6893
10709.5,69.5627
10719.6,70.4365
10729.8,71.3121
10739.9,72.1378
10750.1,72.9698
10760.2,73.71
10770.3,74.3703
10780.5,75.0001
10790.7,75.6289
10800.7,76.2057
10810.9,76.6967
10821.1,77.1879
10831.2,77.5705
10841.4,77.8647
10851.5,78.159
10861.6,78.3605
10871.8,78.4768
10881.9,78.5929
10892,78.6299
10902.2,78.5606
10912.4,78.4914
10922.5,78.3136
10932.6,78.0606
10942.8,77.8081
10952.9,77.497
10963.1,77.149
10973.2,76.8016
10983.3,76.4345
10993.6,76.0193
11003.7,75.6061
11013.8,75.1583
11024,74.6747
11034.1,74.1937
11044.2,73.6638
11054.5,73.0778
11064.6,72.4203
11074.7,71.7667
11084.9,71.0469
11095,70.2678
11105.1,69.4929
11115.4,68.6626
11125.5,67.8298
11135.6,67.0016
11145.8,66.1662
11155.9,65.3207
11166,64.4784
11176.3,63.596
11186.4,62.6785
11196.5,61.7684
11206.8,60.8144
11216.9,59.8549
11227,58.9008
11237.2,57.9516
11247.4,57.0216
11257.5,56.0966
11267.7,55.1565
11277.8,54.2082
11287.9,53.2669
11298.1,52.3217
11308.3,51.4019
11318.4,50.4901
11328.6,49.5956
11338.7,48.7004
11348.8,47.8128
11359.2,46.9018
11369.4,45.9809
11379.5,45.0798
11389.6,44.1805
11399.8,43.2813
11409.8,42.4065
11420,41.537
11430.1,40.7254
11440.2,39.9548
11450.5,39.184
11460.6,38.4246
11470.7,37.6818
11480.9,36.9408
11491,36.2091
11501.1,35.4773
11511.3,34.7491
11521.5,34.0374
11531.6,33.3323
11541.8,32.6339
11551.9,31.9392
11562,31.2771
11572.3,30.62
11582.4,30.0053
11592.5,29.3909
11602.8,28.7842
11613,28.1878
11623.1,27.6132
11633.3,27.0526
11643.5,26.5327
11653.5,26.0749
11663.8,25.6335
11673.9,25.1989
11684,24.8087
11694.2,24.4697
11704.4,24.1434
11714.5,23.9143
11724.8,23.746
11734.9,23.5852
11745,23.4727
11755.3,23.4159
11765.5,23.3594
11775.6,23.3813
11785.8,23.4496
11796,23.5201
11806.1,23.6356
11816.4,23.7857
11826.5,23.9428
11836.6,24.147
11846.9,24.4096
11857,24.683
11867.1,25.0192
11877.4,25.4034
11887.5,25.801
11897.6,26.2374
11907.9,26.7121
11918,27.2008
11928.1,27.7025
11938.5,28.238
11948.6,28.7871
11958.7,29.3813
11968.9,30.0304
11979.1,30.7327
11989.2,31.4401
11999.5,32.1871
12009.6,32.9716
12019.7,33.7618
12029.9,34.5833
12040,35.413
12050.1,36.2475
12060.4,37.095
12070.5,37.9742
12080.6,38.8534
12090.9,39.7872
12101,40.753
12111.1,41.7193
12121.4,42.7052
12131.5,43.692
12141.6,44.6773
12151.8,45.6588
12162,46.6409
12172.1,47.6195
12182.2,48.6151
12192.3,49.6163
12202.4,50.6312
12212.6,51.6564
12222.7,52.6998
12232.7,53.7417
12242.9,54.7777
12253,55.7954
12263.1,56.795
12273.3,57.8057
12283.4,58.7871
12293.5,59.718
12303.7,60.6594
12313.8,61.5223
12323.9,62.3019
12334,63.0867
12344.1,63.8232
12354.1,64.4936
12364.3,65.1674
12374.4,65.7519
12384.4,66.238
12394.6,66.7264
12404.7,67.1202
12414.8,67.4116
12424.9,67.704
12435,67.89
12445.1,67.9838
12455.2,68.078
12465.3,68.0961
12475.4,68.0485
12485.5,68.0007
12495.6,67.8627
12505.7,67.6331
12515.8,67.4029
12525.9,67.118
12536,66.7897
12546.1,66.4606
12556.2,66.0788
12566.3,65.6299
12576.5,65.1781
12586.6,64.669
12596.7,64.1164
12606.9,63.5631
12617,62.9762
12627.1,62.3677
12637.3,61.7352
12647.4,61.1012
12657.5,60.4449
12667.7,59.7339
12677.9,59.0216
12688,58.257
12698.1,57.4708
12708.3,56.6847
12718.4,55.923
12728.6,55.1584
12738.7,54.3939
12748.8,53.6221
12759,52.8189
12769.2,52.0098
12779.3,51.2043
12789.4,50.402
12799.6,49.5984
12809.7,48.8281
12819.8,48.1027
12830,47.3779
12840.1,46.6744
12850.2,45.9594
12860.4,45.2445
12870.4,44.5284
12880.6,43.8409
12890.7,43.1531
12900.8,42.503
12911,41.8914
12921.1,41.2803
12931.2,40.7078
12941.4,40.1398
12951.5,39.542
12961.6,38.9472
12971.8,38.3166
12981.9,37.686
12992,37.055
13002.2,36.4427
13012.3,35.8607
13022.4,35.2831
13032.6,34.731
13042.7,34.1739
13052.8,33.6202
13063,33.0712
13073.2,32.4594
13083.3,31.8502
13093.5,31.232
13103.6,30.64
13113.7,30.0538
13123.9,29.5057
13134,28.9978
13144.1,28.4929
13154.3,27.9964
13164.5,27.4989
13174.6,27.0074
13184.8,26.5226
13194.9,26.0559
13205,25.5961
13215.2,25.1345
13225.4,24.664
13235.5,24.2016
13245.7,23.7102
13255.9,23.2305
13266,22.7609
13276.2,22.2924
13286.3,21.8054
13296.4,21.3171
13306.6,20.8396
13316.8,20.3973
13326.9,20.0046
13337.1,19.6211
13347.2,19.2482
13357.3,18.8639
13367.5,18.4894
13377.7,18.1154
13387.8,17.752
13397.9,17.4021
13408.1,17.0749
13418.2,16.768
13428.4,16.4735
13438.6,16.1839
13448.7,15.9087
13458.9,15.645
13469,15.3928
13479.2,15.1508
13489.4,14.9243
13499.5,14.701
13509.6,14.4823
13519.8,14.2798
13529.9,14.0765
13540,13.8938
13550.2,13.7286
13560.3,13.5905
13570.4,13.4976
13580.6,-13.4263
13590.7,-13.3975
13600.8,-13.3703
13610.9,-13.3755
13621,-13.4055
13631.1,-13.4742
13641.2,-13.5794
13651.3,-13.7124
13661.4,-13.8446
13671.5,-14.0221
13681.5,-14.2231
13691.6,-14.4595
13701.7,-14.677
13711.8,-14.9124
13721.9,-15.1055
13732,-15.3235
13742.1,-15.5592
13752.1,-15.8251
13762.2,-16.1522
13772.3,-16.4989
13782.4,-16.8723
13792.6,-17.3107
13802.8,-17.7712
13813,-18.2694
13823.1,-18.8127
13833.2,-19.37
13843.3,-19.9152
13853.5,-20.3791
13863.6,-20.8513
13873.8,-21.225
13883.9,-21.3901
13894,-21.5623
13904.2,-21.9003
13914.3,-22.2502
13924.4,-22.6053
13934.6,-22.8496
13944.7,-23.2498
13954.8,-23.6401
13965,-24.0372
13975.1,-24.2778
13985.5,-24.4688
13995.7,-24.6576
14005.8,-24.7164
14016,-24.6881
14026.2,-24.6607
14036.3,-24.4952
14046.5,-24.2304
14056.6,-23.9658
14066.8,-23.6616
14076.9,-23.3262
14087.1,-22.9921
14097.2,-22.6183
14107.3,-22.1924
14117.5,-21.7661
14127.6,-21.2923
14137.7,-20.7747
14147.9,-20.2595
14158,-19.6916
14168.1,-19.1269
14178.3,-18.5664
14188.4,-18.0438
14198.5,-17.5824
14208.7,-17.1297
14218.8,-16.6751
14228.9,-16.2168
14239.2,-15.7652
14249.3,-15.3499
14259.4,-14.9806
14269.6,-14.6309
14279.7,-14.2992
14289.8,-13.9223
14300,-13.5677
14310.2,-13.1757
14320.3,-12.7791
14330.4,-12.4372
14340.5,-12.1237
14350.6,-11.8528
14360.7,-11.6171
14370.9,-11.4459
14381,-11.371
14391.1,11.3436
14401.2,11.3737
14411.3,11.3894
14421.4,11.3591
14431.6,11.3874
14441.7,11.4217
14451.8,11.5076
14461.9,11.6426
14472,11.9053
14482,12.2469
14492.1,12.6285
14502.2,13.1074
14512.3,13.5422
14522.4,13.9981
14532.5,14.5399
14542.6,15.0315
14552.6,15.535
14562.7,15.9981
14572.8,16.3334
14582.9,16.6893
14593.1,17.0253
14603.2,17.4079
14613.3,17.8182
14623.5,18.2313
14633.7,18.7563
14643.8,19.2909
14654,19.7747
14664.1,20.2739
14674.2,20.7744
14684.4,21.2637
14694.6,21.7326
14704.7,22.2007
14714.9,22.6962
14725.1,23.175
14735.2,23.695
14745.4,24.2239
14755.5,24.7616
14765.6,25.3465
14775.8,25.9403
14786,26.5312
14796.1,27.1149
14806.3,27.7043
14816.5,28.2948
14826.6,28.8699
14836.8,29.4497
14846.9,29.9976
14857,30.524
14867.2,31.0553
14877.4,31.5749
14887.5,32.1001
14897.7,32.6297
14907.8,33.1703
14917.9,33.7073
14928.1,34.2471
14938.3,34.7884
14948.4,35.3265
14958.5,35.8643
14968.7,36.3788
14978.8,36.8564
14988.9,37.3346
14999.1,37.7701
15009.2,38.1433
15019.3,38.4413
15029.5,38.7409
15039.5,38.9734
15049.7,39.1326
15059.8,39.2924
15069.9,39.3757
15080.1,39.3893
15090.2,39.403
15100.3,39.3489
15110.5,39.2325
15120.6,39.1162
15130.7,38.9567
15140.9,38.735
15151.1,38.515
15161.2,38.229
15171.4,37.8903
15181.5,37.5551
15191.6,37.165
15201.8,36.7154
15211.9,36.2663
15222,35.7787
15232.2,35.2494
15242.4,34.7233
15252.5,34.1521
15262.7,33.5369
15272.8,32.9247
15282.9,32.2972
15293.1,31.6371
15303.2,30.9817
15313.3,30.3084
15323.6,29.6227
15333.7,28.9428
15343.8,28.2543
15354,27.5326
15364.2,26.7841
15374.3,26.0457
15384.5,25.2821
15394.6,24.5252
15404.7,23.7821
15414.9,23.0115
15425.1,22.2329
15435.2,21.4708
15445.4,20.707
15455.5,19.9452
15465.6,19.2045
15475.9,18.4703
15486,17.7791
15496.1,17.116
15506.3,16.4643
15516.4,15.8105
15526.5,15.1966
15536.8,14.615
15546.9,14.0625
15557,13.5634
15567.2,13.1178
15577.4,12.7463
15587.5,12.4468
15597.7,12.2781
15607.8,12.2075
15617.9,12.2186
15628.1,12.3195
15638.3,-12.5011
15648.4,-12.7576
15658.5,-13.09
15668.7,-13.4833
15678.8,-13.844
15688.8,-14.2523
15698.9,-14.7703
15709,-15.3873
15719.1,-16.0502
15729.2,-16.6976
15739.3,-17.3271
15749.4,-17.9805
15759.4,-18.593
15769.5,-19.2462
15779.6,-19.9187
15789.7,-20.5917
15799.8,-21.2161
15809.9,-21.8535
15819.9,-22.4821
15830,-23.2615
15840.1,-24.0524
15850.2,-24.8582
15860.3,-25.6631
15870.4,-26.4732
15880.7,-27.4503
15890.9,-28.4455
15901,-29.4376
15911.3,-30.438
15921.4,-31.3737
15931.5,-32.3069
15941.7,-33.1884
15951.9,-34.0003
15962,-34.8086
15972.2,-35.5832
15982.4,-36.312
15992.5,-37.0374
16002.7,-37.7289
16012.8,-38.3444
16022.9,-38.893
16033.1,-39.4474
16043.2,-39.9553
16053.3,-40.4199
16063.6,-40.8906
16073.7,-41.3249
16083.8,-41.6964
16094,-42.071
16104.1,-42.3925
16114.2,-42.6666
16124.5,-42.944
16134.6,-43.1543
16144.7,-43.2634
16154.9,-43.3731
16165,-43.3582
16175,-43.1923
16185.2,-43.0265
16195.2,-42.6849
16205.3,-42.1912
16215.4,-41.6971
16225.5,-41.1009
16235.5,-40.4443
16245.7,-39.7868
16255.7,-39.0995
16265.8,-38.3751
16275.9,-37.6505
16286,-36.9007
16296.1,-36.1428
16306.2,-35.3857
16316.3,-34.611
16326.4,-33.7789
16336.5,-32.945
16346.6,-32.1589
16356.7,-31.3513
16366.9,-30.5453
16376.9,-29.7127
16387,-28.8788
16397.1,-28.0525
16407.2,-27.1946
16417.3,-26.345
16427.4,-25.481
16437.5,-24.6294
16447.6,-23.7832
16457.8,-22.958
16467.8,-22.1518
16477.9,-21.4035
16488.1,-20.7536
16498.2,-20.134
16508.2,-19.6081
16518.4,-19.1192
16528.5,-18.6641
16538.6,-18.1467
16548.8,-17.5895
16558.9,-17.0663
16569,-16.615
16579.1,-16.2847
16589.2,-15.9997
16599.3,-15.7943
16609.5,-15.6178
16619.6,15.4833
16629.7,15.3336
16639.9,15.2304
16650,15.1693
16660.1,15.2065
16670.2,15.3275
16680.3,15.489
16690.3,15.6686
16700.4,16.0048
16710.5,16.3859
16720.6,16.8147
16730.7,17.227
16740.8,17.6632
16750.9,18.1558
16760.9,18.6219
16771,19.1058
16781.1,19.5274
16791.2,19.8374
16801.3,20.1663
16811.4,20.3513
16821.5,20.685
16831.5,20.9522
16841.6,21.2486
16851.7,21.6253
16861.9,22.0688
16872,22.5294
16882.1,23.0011
16892.2,23.4906
16902.3,23.9904
16912.5,24.5391
16922.6,25.1443
16932.7,25.7562
16942.8,26.3825
16953,26.9763
16963.1,27.5786
16973.3,28.1691
16983.4,28.7835
16993.5,29.4089
17003.7,30.0594
17013.8,30.7222
17023.9,31.3896
17034.1,32.053
17044.2,32.7138
17054.3,33.3819
17064.5,34.0571
17074.6,34.7427
17084.7,35.4325
17094.9,36.1276
17105.1,36.8321
17115.1,37.5374
17125.3,38.2493
17135.5,38.96
17145.6,39.6704
17155.8,40.3901
17165.9,41.0943
17176,41.7844
17186.2,42.4803
17196.4,43.1682
17206.5,43.8493
17216.7,44.5352
17226.8,45.2142
17237.2,45.9025
17247.4,46.5775
17257.5,47.2421
17267.6,47.8944
17277.8,48.551
17287.9,49.2015
17298,49.8487
17308.2,50.4999
17318.4,51.1515
17328.4,51.8033
17338.7,52.4596
17348.8,53.1228
17358.9,53.7849
17369.2,54.4573
17379.4,55.1395
17389.4,55.8135
17399.6,56.488
17409.7,57.1664
17419.8,57.8626
17430.3,58.6094
17440.4,59.3359
17450.5,60.0604
17460.6,60.784
17470.7,61.5171
17480.8,62.2737
17491,63.0415
17501.1,63.8118
17511.2,64.5679
17521.3,65.2908
17531.5,66.0176
17541.6,66.7082
17551.7,67.3734
17561.8,68.0419
17571.9,68.6856
17582,69.2878
17592.2,69.8944
17602.3,70.4854
17612.4,71.1034
17622.6,71.7251
17632.7,72.3712
17642.9,72.9985
17653.1,73.6328
17663.2,74.2645
17673.4,74.9138
17683.6,75.568
17693.7,76.2335
17703.8,76.9094
17714.1,77.5902
17724.2,78.281
17734.3,78.9617
17744.5,79.6471
17754.6,80.3059
17764.7,80.9142
17774.9,81.5243
17785,82.0812
17795.1,82.5659
17805.4,83.0544
17815.5,83.4211
17825.6,83.6542
17835.8,83.7383
17845.9,83.8232
17856,83.7934
17866.2,83.696
17876.3,83.5996
17886.4,83.4514
17896.6,83.3061
17906.7,83.1619
17916.9,83.0136
17927.1,82.8595
17937.2,82.7067
17947.3,82.5568
17957.6,82.3624
17967.7,82.1691
17977.8,81.9178
17988,81.5938
17998.1,81.2714
18008.2,80.8619
18018.4,80.3734
18028.5,79.8877
18038.6,79.333
18048.8,78.7075
18058.9,78.0835
18069.1,77.3893
18079.2,76.6112
18089.4,75.8372
18099.5,75.0038
18109.7,74.1237
18120.1,73.2441
18130.3,72.3121
18140.5,71.3919
18150.6,70.4736
18160.8,69.5607
18171,68.6619
18181.1,67.8102
18191.2,66.9615
18201.4,66.1358
18211.6,65.3361
18221.7,64.5389
18231.9,63.7497
18242,62.9953
18252.2,62.2433
18262.4,61.5409
18272.6,60.8908
18282.7,60.2436
18292.9,59.5965
18303,58.9124
18313.2,58.2295
18323.4,57.519
18333.5,56.8069
18343.6,56.0955
18353.8,55.4071
18363.9,54.7441
18374,54.0705
18384.1,53.3949
18394.2,52.6985
18404.4,51.9864
18414.5,51.2716
18424.6,50.5452
18434.7,49.8178
18444.9,49.088
18455,48.3575
18465.1,47.6084
18475.3,46.8585
18485.4,46.0934
18495.5,45.3215
18505.7,44.5476
18515.8,43.7747
18525.9,43.0049
18536.1,42.2343
18546.2,41.4772
18556.3,40.7361
18566.5,39.9927
18576.6,39.2577
18586.7,38.5114
18596.9,37.7657
18607,37.0111
18617.1,36.2545
18627.2,35.4992
18637.3,34.7468
18647.5,33.9959
18657.6,33.2483
18667.7,32.5001
18677.9,31.7844
18688,31.0742
18698.1,30.3283
18708.3,29.6035
18718.4,28.8884
18728.5,28.1794
18738.7,27.4987
18748.8,26.8482
18758.9,26.211
18769,25.582
18779.2,24.9605
18789.3,24.3288
18799.5,23.7012
18809.6,23.1063
18819.7,22.5326
18829.8,21.9713
18840,21.4336
18850.1,20.924
18860.2,20.4245
18870.3,19.9469
18880.4,19.5022
18890.6,19.0862
18900.7,18.7041
18910.8,18.3665
18920.9,18.0741
18931.1,17.8366
18941.2,17.6551
18951.3,17.5157
18961.5,17.4044
18971.6,17.3477
18981.7,17.3214
18991.9,17.3387
19002.1,-17.4109
19012.2,-17.5785
19022.4,-17.8257
19032.6,-18.1305
19042.8,-18.489
19052.9,-18.9005
19063,-19.3597
19073.1,-19.893
19083.2,-20.5178
19093.2,-21.1821
19103.3,-21.8239
19113.4,-22.4472
19123.5,-23.0598
19133.6,-23.6996
19143.7,-24.3067
19153.8,-24.9164
19163.9,-25.5406
19173.9,-26.1851
19184,-26.8834
19194.1,-27.5906
19204.2,-28.325
19214.3,-28.9754
19224.4,-29.6304
19234.5,-30.1882
19244.6,-30.6637
19254.7,-31.1458
19264.8,-31.585
19274.9,-31.9593
19285,-32.3394
19295.2,-32.6945
19305.3,-33.2162
19315.4,-33.7417
19325.6,-34.2845
19335.7,-34.8672
19345.8,-35.4495
19355.9,-36.1724
19366.1,-36.7345
19376.2,-37.2961
19386.3,-37.7057
19396.4,-37.9001
19406.5,-38.0976
19416.7,-38.2312
19426.8,-38.3327
19436.9,-38.4384
19447.1,-38.4524
19457.2,-38.3333
19467.3,-38.2185
19477.5,-37.9913
19487.6,-37.7314
19497.7,-37.4734
19507.9,-37.2285
19518,-36.9863
19528.1,-36.7447
19538.3,-36.4825
19548.5,-36.2197
19558.6,-35.9332
19568.8,-35.6458
19578.9,-35.3315
19589,-34.9798
19599.2,-34.6302
19609.3,-34.2531
19619.4,-33.825
19629.6,-33.4036
19639.7,-32.9059
19649.8,-32.3361
19659.9,-31.7753
19670,-31.1675
19680.1,-30.5287
19690.1,-29.8971
19700.2,-29.2512
19710.3,-28.5999
19720.4,-27.9598
19730.5,-27.3186
19740.5,-26.6988
19750.6,-26.0962
19760.7,-25.5443
19770.8,-25.0076
19780.9,-24.4938
19791,-23.9735
19801.1,-23.4792
19811.2,-23.0081
19821.4,-22.6257
19831.5,-22.3126
19841.6,-22.0335
19851.8,-21.8055
19861.9,-21.5485
19872,-21.3307
19882.2,-21.1692
19892.2,21.0774
19902.3,21.0231
19912.4,21.0097
19922.4,21.0125
19932.5,20.9702
19942.6,20.9647
19952.7,20.9972
19962.7,21.0749
19972.8,21.182
19982.9,21.3396
19992.9,21.4818
20003,21.6582
20013.1,21.8221
20023.1,22.0132
20033.2,22.2362
20043.2,22.4223
20053.3,22.5485
20063.4,22.6991
20073.4,22.9728
20083.5,23.028
20093.6,23.1231
20103.6,23.3227
20113.7,23.5912
20123.8,23.8994
20133.8,24.259
20143.9,24.6921
20154,25.1435
20164,25.678
20174.1,26.2782
20184.2,26.8885
20194.2,27.5413
20204.3,28.1926
20214.4,28.855
20224.5,29.5045
20234.5,30.1498
20244.6,30.8208
20254.7,31.5477
20264.9,32.3161
20275,33.0943
20285.1,33.8828
20295.2,34.6568
20305.3,35.4345
20315.4,36.1996
20325.6,36.9637
20335.7,37.7318
20345.8,38.4666
20355.9,39.159
20366,39.8525
20376.2,40.532
20386.3,41.2248
20396.4,41.9179
20406.6,42.6007
20416.7,43.2722
20426.8,43.9462
20436.9,44.6222
20447.1,45.314
20457.2,46.0053
20467.3,46.7281
20477.5,47.4798
20487.6,48.2313
20497.7,48.9844
20507.9,49.7354
20518,50.499
20528.1,51.2638
20538.3,52.0267
20548.3,52.7784
20558.5,53.5313
20568.6,54.2693
20578.7,54.9832
20588.9,55.6979
20599,56.401
20609.1,57.0824
20619.2,57.7649
20629.4,58.449
20639.5,59.1267
20649.6,59.8049
20659.7,60.4702
20669.8,61.1397
20679.9,61.8094
20690.1,62.5008
20700.2,63.2024
20710.3,63.9055
20720.5,64.61
20730.6,65.2982
20740.7,65.9877
20750.9,66.6855
20761,67.3937
20771.1,68.078
20781.2,68.766
20791.3,69.4166
20801.5,70.068
20811.6,70.71
20821.7,71.3578
20831.8,72.0099
20842,72.6657
20852.1,73.3146
20862.2,73.9586
20872.4,74.6051
20882.5,75.2569
20892.6,75.9144
20902.7,76.576
20912.8,77.2482
20923,77.942
20933.1,78.6393
20943.2,79.3469
20953.4,80.0391
20963.5,80.7343
20973.6,81.4177
20983.7,82.0994
20993.9,82.7829
21004,83.4449
21014.1,84.0476
21024.3,84.6523
21034.4,85.1918
21044.5,85.6897
21054.7,86.1891
21064.8,86.6403
21074.9,87.0408
21085.1,87.4429
21095.2,87.7858
21105.3,88.1
21115.5,88.4156
21125.6,88.6945
21135.7,88.907
21145.9,89.0206
21156,89.1341
21166.1,89.1567
21176.3,89.0945
21186.4,89.0323
21196.5,88.9038
21206.7,88.7164
21216.8,88.5292
21226.9,88.2653
21237.1,87.906
21247.2,87.5477
21257.3,87.0914
21267.5,86.5471
21277.6,86.0052
21287.7,85.3986
21297.9,84.7504
21308,84.103
21318.1,83.4047
21328.3,82.6457
21338.4,81.8899
21348.5,81.0752
21358.7,80.2063
21368.8,79.3423
21378.9,78.4368
21389.2,77.5083
21399.2,76.5897
21409.4,75.6643
21419.5,74.696
21429.7,73.7284
21439.8,72.7584
21451.8,71.6361
21461.9,70.6905
21481.5,68.8243
21491.6,67.8527
21501.9,66.8707
21512,65.9072
21522.2,64.98
21532.8,64.0208
21542.9,63.1182
21553,62.2362
21563.3,61.3462
21573.4,60.4895
21583.5,59.6538
21593.7,58.8143
21603.9,58.0193
21614,57.292
21624.1,56.5666
21634.2,55.8463
21644.4,55.1033
21654.5,54.3627
21664.6,53.5842
21674.7,52.8057
21684.9,52.0284
21695,51.2993
21705.1,50.6498
21715.2,50.0014
21725.4,49.397
21735.5,48.7754
21745.6,48.1114
21755.9,47.444
21766,46.7583
21776.1,46.0731
21786.3,45.3905
21796.4,44.6991
21806.5,44.0031
21816.6,43.3063
21826.7,42.6187
21836.9,41.9363
21847,41.2539
21857.1,40.5753
21867.2,39.909
21877.4,39.24
21887.5,38.5742
21897.7,37.9049
21907.8,37.2367
21917.9,36.5712
21928,35.85
21938.2,35.1297
21948.3,34.3702
21958.4,33.5785
21968.5,32.7897
21978.6,32.0212
21998.5,30.6009
22008.6,29.8949
22028.2,28.5443
22038.2,27.8399
22048.4,27.1531
22058.7,26.4608
22068.8,25.8077
22078.9,25.1524
22089.2,24.5074
22099.3,23.8682
22110.6,23.1872
22120.7,22.6057
22130.8,22.063
22140.9,21.5845
22151.1,21.1348
22161.2,20.7328
22171.3,20.4196
22181.4,20.1872
22191.5,20.0231
22201.7,19.9552
22211.8,19.98
22221.9,20.0609
22241.6,20.2213
22251.7,20.2937
22261.8,20.3459
22272.1,20.4256
22282.2,20.5543
22292.3,20.7336
22302.5,-20.9527
22312.7,-21.2163
22323.5,-21.4922
22333.7,-21.7925
22343.8,-22.1188
22354,-22.5153
22364,-22.9394
22374.1,-23.3949
22384.2,-23.736
22394.3,-24.0224
22404.4,-24.3269
22414.5,-24.6583
22424.6,-25.0353
22434.7,-25.4335
22444.8,-25.8585
22454.8,-26.331
22464.9,-26.8839
22475,-27.4497
22485.1,-28.0667
22495.2,-28.6923
22505.3,-29.3283
22515.4,-29.9039
22525.5,-30.2932
22535.6,-30.6914
22545.6,-30.8746
22555.7,-31.1949
22565.8,-31.524
22575.9,-31.8465
22586,-32.2449
22596.1,-32.6466
22606.2,-33.1308
22616.3,-33.6119
22626.5,-34.0971
22636.6,-34.5521
22646.7,-34.8963
22658.3,-35.2907
22668.7,-35.5226
22678.9,-35.6774
22691.8,-35.8759
22702,-35.9758
22712.1,-35.9777
22722.9,-35.9811
22733,-35.9247
22743.1,-35.7966
22753.4,-35.5706
22763.5,-35.2786
22773.6,-34.988
22783.8,-34.6629
22793.9,-34.3377
22804,-33.9911
22814.1,-33.6232
22824.3,-33.2546
22834.4,-32.8898
22844.5,-32.522
22854.6,-32.1417
22864.7,-31.7676
22874.9,-31.3879
22885,-31.001
22895.1,-30.6226
22905.2,-30.2244
22915.3,-29.7905
22925.4,-29.3652
22935.6,-28.8961
22945.7,-28.3978
22955.9,-27.9102
22966,-27.4656
22976.2,-27.0911
22986.2,-26.73
22996.4,-26.428
23006.5,-26.116
23016.7,-25.8175
23026.9,-25.4933
23037,-25.1781
23047,-24.8782
23057.2,-24.6187
23067.3,-24.3852
23077.4,-24.1679
23087.5,-23.931
23097.6,-23.689
23107.7,-23.4922
23117.8,-23.3118
23127.9,-23.2143
23138,-23.1352
23148.2,-23.127
23158.3,-23.1154
23168.4,23.0928
23178.5,23.0869
23188.6,23.0256
23198.7,22.9011
23208.8,22.7949
23218.8,22.6459
23228.9,22.5494
23239,22.4745
23249,22.4837
23259.1,22.5602
23269.1,22.6591
23279.2,22.7494
23289.3,22.8236
23299.3,22.9195
23309.4,23.0097
23319.5,23.1203
23329.5,23.2526
23339.6,23.3781
23349.7,23.4172
23359.7,23.4795
23369.8,23.444
23379.9,23.5629
23389.9,23.713
23400,23.9393
23410.1,24.3264
23420.1,24.7292
23430.2,25.1897
23440.3,25.6551
23450.3,26.1333
23460.4,26.5809
23470.5,27.0283
23480.5,27.4877
23490.6,27.9583
23500.7,28.4394
23510.8,28.9349
23521,29.4383
23531.1,29.958
23541.2,30.4865
23552.8,31.1252
23563,31.7088
23573,32.2858
23583.6,32.8934
23593.7,33.4782
23603.8,34.056
23614.4,34.6635
23624.5,35.2513
23634.5,35.8497
23645,36.4772
23655.2,37.1056
23665.3,37.7512
23675.9,38.428
23686,39.0981
23696.1,39.7702
23706.8,40.4862
23716.9,41.1767
23727,41.8631
23739,42.6869
23749.2,43.3915
23759.3,44.1049
23769.6,44.8448
23779.8,45.5786
23789.9,46.3194
23800.1,47.0595
23810.3,47.7966
23820.4,48.5228
23830.5,49.2509
23840.7,49.9842
23850.8,50.7087
23860.9,51.4158
23871.1,52.1256
23881.2,52.8037
23891.3,53.4775
23901.5,54.1559
23911.6,54.8112
23921.7,55.4026
23931.8,55.9952
23941.9,56.513
23952.1,56.9975
23962.2,57.4827
23972.3,57.9612
23982.5,58.4715
23992.6,59.0085
24002.7,59.5477
24012.9,60.1322
24023,60.7667
24033.1,61.3992
24043.2,62.0758
24053.3,62.7592
24063.4,63.441
24073.5,64.1406
24083.6,64.8463
24093.8,65.5525
24103.9,66.2704
24114,67.0326
24124.1,67.7944
24134.3,68.5754
24144.4,69.3682
24154.5,70.159
24164.7,70.9397
24174.8,71.6947
24184.9,72.447
24195,73.1779
24205.2,73.8827
24215.3,74.5853
24225.4,75.2472
24235.6,75.8678
24245.7,76.4873
24255.8,77.105
24266,77.7183
24276.1,78.3304
24286.2,78.9158
24296.3,79.4881
24306.5,80.0584
24316.6,80.6171
24326.7,81.1697
24336.8,81.7205
24347,82.2259
24357.1,82.6818
24367.2,83.0822
24377.4,83.4837
24387.6,83.8411
24397.7,84.1505
24407.8,84.4611
24418.1,84.7283
24428.2,84.9082
24438.4,85.0883
24448.6,85.1651
24458.7,85.1504
24468.9,85.1359
24479.3,85.0535
24489.4,84.9001
24499.5,84.7475
24509.7,84.4915
24519.8,84.1772
24529.9,83.864
24540.2,83.5678
24550.3,83.3192
24560.4,83.0708
24570.7,82.822
24580.8,82.5716
24590.9,82.3219
24601.2,82.049
24611.3,81.7513
24621.4,81.3884
24631.7,81.0217
24641.8,80.6202
24652,80.1695
24662.2,79.7141
24672.3,79.2406
24682.5,78.6963
24692.8,78.1464
24702.9,77.5447
24713,76.9327
24723.3,76.3141
24733.4,75.7129
24743.6,75.0897
24753.8,74.4612
24763.9,73.8349
24774.1,73.1986
24784.3,72.5553
24794.5,71.8778
24804.6,71.1551
24814.8,70.4271
24825,69.6815
24835.1,68.9422
24845.3,68.2058
24855.4,67.5071
24865.6,66.8768
24875.8,66.2535
24885.9,65.6323
24896.1,65.0028
24906.3,64.3939
24916.4,63.7861
24926.6,63.2114
24936.7,62.6903
24946.9,62.1702
24957,61.6409
24967.2,61.061
24977.3,60.4858
24987.5,59.9087
24997.7,59.348
25007.8,58.7908
25018,58.2585
25028.1,57.772
25038.2,57.2884
25048.4,56.8064
25058.6,56.3004
25068.7,55.7984
25078.8,55.3093
25089.1,54.8417
25099.2,54.3742
25109.3,53.9744
25119.5,53.6236
25129.6,53.2745
25139.8,52.9475
25149.9,52.5788
25160,52.2146
25170.2,51.7911
25180.4,51.3113
25190.5,50.8338
25200.6,50.3329
25210.8,49.804
25220.9,49.2774
25231.1,48.7319
25241.3,48.1058
25251.4,47.4132
25261.5,46.722
25271.7,46.0131
25281.8,45.2787
25292,44.5448
25302.1,43.8065
25312.2,43.0843
25322.4,42.3638
25332.6,41.6421
25342.7,40.919
25352.9,40.1998
25363.1,39.529
25373.2,38.9078
25383.4,38.2865
25393.5,37.7327
25403.7,37.2555
25413.8,36.7798
25424,36.3049
25434.1,35.7849
25444.3,35.2648
25454.5,34.8159
25464.6,34.4082
25474.7,34.0051
25484.9,33.5858
25495,33.1238
25505.1,32.6094
25515.4,32.0924
25525.5,31.5196
25535.6,30.9421
25545.8,30.3683
25555.9,29.753
25566,29.1386
25576.2,28.5333
25586.3,27.8976
25596.5,27.2755
25606.7,26.6675
25616.8,26.1112
25626.9,25.5974
25637.1,25.1017
25647.2,24.658
25657.4,24.2412
25667.5,23.8437
25677.7,23.4872
25687.8,23.1598
25698,22.8553
25708.1,22.5543
25718.2,22.2753
25728.4,22.0167
25738.5,21.7999
25748.7,21.6196
25758.9,21.4634
25769,21.3045
25779.2,21.1338
25789.4,20.9901
25799.5,20.8075
25809.6,20.6656
25819.8,20.565
25829.9,20.498
25840,20.4992
25850.2,20.5413
25860.3,20.6231
25870.5,20.7169
25880.6,20.82
25890.7,20.965
25900.9,-21.1129
25911.1,-21.3732
25921.2,-21.6798
25931.3,-22.1018
25941.5,-22.5995
25951.6,-23.1311
25961.7,-23.5551
25971.8,-23.9699
25981.9,-24.4139
25992,-24.9169
26002.1,-25.4849
26012.2,-26.0752
26022.3,-26.6517
26032.4,-27.1658
26042.5,-27.6963
26052.6,-28.1487
26062.6,-28.5842
26072.7,-29.0334
26082.8,-29.4756
26092.9,-29.8548
26103,-30.2434
26113.1,-30.4898
26123.2,-30.4481
26133.3,-30.4163
26143.4,-30.54
26153.4,-30.5884
26163.5,-30.6492
26173.6,-30.7234
26183.7,-31.0132
26193.8,-31.4256
26203.9,-31.8398
26214,-32.2174
26224.2,-32.5996
26234.3,-32.8734
26244.4,-33.0454
26254.5,-33.1393
26264.7,-33.2343
26274.8,-33.3106
26284.9,-33.3353
26295.1,-33.3606
26305.3,-33.4176
26315.4,-33.4181
26325.6,-33.4199
26335.7,-33.3228
26345.8,-33.1087
26356,-32.8935
26366.2,-32.5958
26376.3,-32.2737
26386.5,-31.9504
26396.7,-31.6228
26406.8,-31.2746
26417,-30.9262
26427.1,-30.5299
26437.2,-30.0995
26447.4,-29.6703
26457.6,-29.2313
26467.7,-28.8083
26477.9,-28.3916
26488.1,-27.9803
26498.2,-27.4793
26508.4,-26.984
26518.5,-26.4037
26528.6,-25.7793
26538.8,-25.1572
26548.9,-24.6003
26559.1,-24.1097
26569.2,-23.6968
26579.4,-23.2947
26589.5,-22.9266
26599.6,-22.5701
26609.8,-22.2235
26619.9,-21.8869
26630,-21.5091
26640.2,-21.1391
26650.3,-20.7087
26660.4,-20.2791
26670.6,-19.8551
26680.7,-19.4968
26690.9,-19.1774
26701,-18.8641
26711.1,-18.5566
26721.3,-18.2374
26731.5,-17.921
26741.6,-17.6629
26751.8,-17.4992
26762,-17.3386
26772.1,-17.1662
26782.3,-16.9138
26792.5,-16.6638
26802.6,-16.3511
26812.8,-16.0442
26822.9,-15.7413
26833,-15.5349
26843.2,-15.4536
26853.3,-15.4624
26863.4,-15.4756
26873.6,-15.5104
26883.8,-15.539
26893.9,-15.5704
26904.1,-15.5471
26914.2,-15.5412
26924.3,-15.538
26934.5,-15.5118
26944.7,-15.4372
26954.8,-15.3653
26965,-15.2782
26975.2,15.1835
26985.3,15.0917
26995.4,15.0178
27005.6,14.9313
27015.7,14.8476
27025.7,14.7609
27035.8,14.6795
27045.9,14.6003
27056,14.5667
27066.1,14.5235
27076.2,14.4815
27086.3,14.3732
27096.4,14.2432
27106.5,14.1135
27116.5,13.9709
27126.6,13.8054
27136.7,13.64
27146.8,13.469
27156.9,13.309
27167,13.149
27177.1,13.0715
27187.2,13.0609
27197.3,13.0505
27207.4,13.0781
27217.5,13.1262
27227.7,13.1748
27237.8,13.1411
27247.9,13.0607
27258.1,12.9816
27268.2,12.9408
27278.4,12.8831
27288.5,12.7798
27298.7,12.6759
27308.8,12.6468
27319.2,12.7085
27329.3,12.7723
27339.4,12.8706
27349.5,13.0207
27359.6,13.1722
27369.7,13.3123
27379.8,13.3765
27389.8,13.4409
27399.9,13.4764
27410,13.5195
27420.1,13.5625
27430.2,13.5651
27440.3,13.5225
27450.5,13.4808
27460.6,13.4651
27470.8,13.4302
27481,13.3972
27491.1,13.3999
27501.3,13.5756
27511.5,13.7497
27521.6,13.9987
27531.8,14.2055
27541.9,14.346
27552,14.4862
27562.3,14.5443
27572.4,14.5405
27582.5,14.5378
27592.7,14.5386
27602.9,14.6294
27613,14.72
27623.2,14.8584
27633.3,14.9799
27643.4,15.1015
27653.7,15.1909
27663.8,15.2331
27673.9,15.2801
27684.2,15.3555
27694.3,15.5013
27704.4,15.6475
27714.6,15.7682
27724.8,15.7934
27734.9,15.8203
27745.1,15.8505
27755.2,15.9035
27765.4,15.9563
27775.6,15.993
27785.8,16.0255
27795.9,16.058
27806.1,16.0891
27816.2,16.0965
27826.3,16.1048
27836.6,16.1345
27846.7,16.1843
27856.8,16.2356
27867.1,16.2875
27877.2,16.3453
27887.3,16.3762
27897.5,16.4073
27907.7,16.4044
27917.8,16.3917
27928,16.379
27938.2,16.3581
27948.3,16.3743
27958.5,16.3907
27968.7,16.4413
27978.8,16.4762
27989,16.5114
27999.3,16.5273
28009.4,16.5676
28019.6,16.6083
28029.7,16.6325
28039.8,16.6193
28050,16.6062
28060.2,16.5889
28070.3,16.5919
28080.6,16.595
28090.7,16.6044
28100.8,16.5991
28111.1,16.594
28121.2,16.6024
28131.3,16.5903
28141.6,16.5782
28151.8,16.5529
28161.9,16.5615
28172,16.5702
28182.2,16.5865
28192.3,16.5863
28202.5,16.5647
28212.7,16.5433
28222.8,16.5342
28233,16.5466
28243.2,16.5591
28253.3,16.5548
28263.5,16.5182
28273.7,16.4815
28283.8,16.4446
28294,16.4321
28304.2,16.4197
28314.3,16.4042
28324.5,16.364
28334.7,16.3238
28344.8,16.3051
28355,16.3002
28365.2,16.2953
28375.3,16.2782
28385.5,16.2633
28395.6,16.2504
28405.8,16.2376
28416,16.2109
28426.2,16.1842
28436.3,16.1606
28446.5,16.1525
28456.7,16.1325
28466.8,16.1125
28477,16.0756
28487.1,16.0567
28497.2,16.0379
28507.5,16.0224
28517.6,16.0017
28527.7,15.9811
28537.9,15.9494
28548,15.9251
28558.1,15.9009
28568.4,15.8858
28578.5,15.8833
28588.7,15.881
28598.9,15.8855
28609.1,15.8999
28619.2,15.9142
28629.4,15.9111
28639.6,15.8977
28649.7,15.8845
28659.9,15.8794
28670,15.8805
28680.1,15.8816
28690.4,15.8704
28700.5,15.8586
28710.6,15.8507
28720.8,15.8427
28731,15.8565
28741.1,15.8543
28751.3,15.8521
28761.5,15.8513
28771.6,15.8611
28781.9,15.8709
28792,15.8726
28802.1,15.8757
28812.4,15.8787
28822.5,15.8857
28832.6,15.8872
28842.9,15.8888
28853,15.9006
28863.1,15.9217
28873.4,15.9431
28883.5,15.927
28893.6,15.907
28903.8,15.887
28914,15.8933
28924.1,15.8683
28934.3,15.8432
28944.5,15.768
28954.6,15.7387
28964.8,15.7092
28975,15.7054
28985.1,15.6936
28995.3,15.6729
29005.5,15.6521
29015.7,15.6377
29026,15.6231
29036.2,15.6083
29046.4,15.5721
29056.7,15.5369
29066.8,15.5021
29077,15.4843
29087.1,15.4681
29097.2,15.452
29107.4,15.4189
29117.6,15.3766
29127.8,15.3346
29137.9,15.3122
29148.1,15.3108
29158.3,15.3096
29168.4,15.3056
29178.6,15.2696
29188.8,15.2335
29198.9,15.1977
29209.2,15.2006
29219.3,15.2035
29229.4,15.2205
29239.7,15.2174
29249.8,15.1915
29259.9,15.1657
29270.1,15.1225
29280.3,15.1095
29290.4,15.0965
29300.6,15.0878
29310.8,15.0693
29320.9,15.0509
29331.1,15.0026
29341.2,14.9984
29351.3,14.9943
29361.6,15.0107
29371.7,14.9833
29381.8,14.9561
