10.1502,0
20.3208,0.068528
30.4744,0.125115
40.76,0.209357
50.8981,0.301316
60.9978,0.379491
71.0883,0.4597
81.2686,0.489388
91.3999,0.492577
101.501,0.500458
111.621,0.511289
121.699,0.526374
131.768,0.542484
141.906,0.545362
151.985,0.546795
162.053,0.551073
172.158,0.574711
182.234,0.623066
192.302,0.671436
202.408,0.70443
212.484,0.720904
222.563,0.734883
232.66,0.746506
242.737,0.770244
252.806,0.792284
262.909,0.807935
272.985,0.784341
283.056,0.760014
293.198,0.73061
303.299,0.752771
313.39,0.774298
323.592,0.863201
333.734,0.94873
343.837,1.03627
354.038,1.06164
364.172,1.05646
374.274,1.05201
384.468,1.09216
394.607,1.17834
404.708,1.26298
414.922,1.33058
425.064,1.36427
435.178,1.38816
445.381,1.41441
455.521,1.45532
465.622,1.49721
475.824,1.53744
485.965,1.54456
496.065,1.57019
506.261,1.60421
516.394,1.68976
526.495,1.81094
536.695,1.93465
546.83,2.04441
556.928,2.13396
567.133,2.2343
577.284,2.34873
587.385,2.49011
597.576,2.63341
607.725,2.80331
617.829,2.98007
628.037,3.16156
638.185,3.36009
648.289,3.56294
658.498,3.76755
668.662,3.98034
678.76,4.2168
688.957,4.45548
699.109,4.70986
709.211,4.98994
719.42,5.27178
729.566,5.56104
739.671,5.84162
749.887,6.12431
760.05,6.41215
770.162,6.68715
780.448,6.96547
790.609,7.26228
800.714,7.57613
810.862,7.91144
821.017,8.2491
831.118,8.60249
841.264,8.95474
851.416,9.30808
861.514,9.66005
871.657,10.029
881.811,10.3997
891.916,10.7712
902.07,11.1446
912.225,11.5199
922.326,11.9028
932.501,12.2747
942.626,12.647
952.726,13.0184
962.896,13.3948
973.044,13.773
983.148,14.1479
993.37,14.5454
1003.53,14.946
1013.63,15.3433
1023.83,15.7347
1033.97,16.1266
1044.08,16.4927
1054.25,16.8438
1064.37,17.1878
1074.47,17.5311
1084.67,17.9015
1094.81,18.2874
1104.91,18.672
1115.1,19.0617
1125.24,19.4407
1135.34,19.8187
1145.53,20.1903
1155.65,20.5674
1165.75,20.9442
1175.94,21.3235
1186.07,21.7203
1196.17,22.116
1206.37,22.5302
1216.51,22.9187
1226.6,23.3061
1236.79,23.6971
1246.93,24.0901
1257.03,24.4817
1267.22,24.8752
1277.35,25.2603
1287.45,25.6443
1297.66,26.0397
1307.8,26.4505
1317.9,26.8596
1328.12,27.2752
1338.26,27.6888
1348.36,28.1006
1358.54,28.532
1368.67,28.9563
1378.77,29.3801
1388.98,29.8165
1399.12,30.2589
1409.22,30.7
1419.4,31.158
1429.53,31.6134
1439.63,32.0804
1449.82,32.5504
1459.97,32.9738
1470.07,33.3715
1480.25,33.7707
1490.37,34.1573
1500.47,34.5148
1510.72,34.8745
1520.86,35.2089
1530.96,35.5322
1541.14,35.8567
1551.28,36.1705
1561.39,36.4697
1571.55,36.769
1581.7,37.0791
1591.8,37.3869
1601.99,37.6955
1612.15,38.0344
1622.25,38.3923
1632.4,38.7507
1642.55,39.1047
1652.65,39.4493
1662.85,39.7954
1672.99,40.1523
1683.09,40.5043
1693.25,40.8573
1703.39,41.2249
1713.49,41.588
1723.71,41.9536
1733.85,42.3227
1743.95,42.6847
1754.11,43.0474
1764.27,43.4072
1774.37,43.7664
1784.53,44.1261
1794.69,44.4865
1804.79,44.85
1814.95,45.2124
1825.11,45.5763
1835.21,45.9494
1845.36,46.3314
1855.49,46.7138
1865.59,47.1061
1875.77,47.4831
1885.9,47.8599
1896,48.2382
1906.16,48.6189
1916.32,49.0011
1926.42,49.4084
1936.57,49.817
1946.71,50.2268
1956.82,50.6383
1967,51.0674
1977.13,51.4955
1987.23,51.9189
1997.4,52.334
2007.55,52.7491
2017.65,53.1602
2027.85,53.5731
2037.99,53.9863
2048.09,54.3924
2058.28,54.8002
2068.41,55.2077
2078.51,55.6122
2088.7,56.0166
2098.84,56.4224
2108.94,56.8266
2119.13,57.2295
2129.25,57.626
2139.35,58.0215
2149.54,58.4114
2159.68,58.8014
2169.78,59.1904
2180.01,59.5532
2190.15,59.905
2200.25,60.2557
2210.45,60.6358
2220.59,61.0213
2230.69,61.4055
2240.88,61.7587
2251.02,62.105
2261.12,62.4498
2271.26,62.7941
2281.4,63.1211
2291.5,63.4473
2301.67,63.7687
2311.81,64.1005
2321.91,64.4314
2332.08,64.7859
2342.22,65.1462
2352.32,65.5057
2362.51,65.869
2372.64,66.2267
2382.74,66.5838
2392.94,66.9587
2403.08,67.3233
2413.18,67.6884
2423.39,68.0559
2433.52,68.4267
2443.61,68.7824
2453.81,69.1403
2463.96,69.5015
2474.06,69.8587
2484.26,70.2181
2494.4,70.5918
2504.5,70.9772
2514.7,71.3648
2524.85,71.7949
2534.95,72.2379
2545.15,72.6835
2555.28,73.1627
2565.38,73.6884
2575.57,74.2175
2585.73,74.7515
2595.83,75.2328
2606.03,75.7162
2616.18,76.1413
2626.28,76.484
2636.47,76.8282
2646.64,77.1266
2656.74,77.3863
2666.95,77.6476
2677.12,77.8954
2687.22,78.1314
2697.43,78.369
2707.61,78.6058
2717.71,78.879
2727.87,79.1504
2738.01,79.4228
2748.11,79.6926
2758.25,79.971
2768.42,80.2508
2778.52,80.5403
2788.66,80.8172
2798.82,81.0953
2808.92,81.3569
2819.08,81.6017
2829.24,81.8476
2839.34,82.1023
2849.54,82.3629
2859.67,82.6228
2869.77,82.8821
2879.97,83.1341
2890.1,83.3854
2900.2,83.6339
2910.39,83.8979
2920.54,84.1618
2930.65,84.4282
2940.83,84.7097
2950.99,84.9916
2961.09,85.2708
2971.27,85.5487
2981.42,85.8269
2991.52,86.1142
3001.7,86.3901
3011.83,86.6657
3021.93,86.9439
3032.12,87.2227
3042.26,87.5017
3052.36,87.787
3062.55,88.0672
3072.69,88.3556
3082.79,88.643
3093,88.9203
3103.14,89.1961
3113.24,89.4706
3123.46,89.7336
3133.59,89.9934
3143.69,90.2523
3153.91,90.5264
3164.05,90.7865
3174.15,91.0456
3184.34,91.2891
3194.48,91.5295
3204.58,91.7692
3214.76,92.0264
3224.89,92.2818
3234.99,92.5362
3245.18,92.7902
3255.32,93.0528
3265.42,93.3148
3275.61,93.5517
3285.74,93.7789
3295.84,94.0055
3306.03,94.2299
3316.17,94.4457
3326.26,94.6612
3336.45,94.8497
3346.58,95.0805
3356.68,95.3108
3366.87,95.5364
3377.01,95.7264
3387.1,95.9158
3397.31,96.1063
3407.45,96.3004
3417.55,96.4672
3427.76,96.635
3437.9,96.7869
3448.01,96.9268
3458.2,97.0675
3468.35,97.1755
3478.45,97.2508
3488.63,97.3265
3498.78,97.3616
3508.88,97.3828
3519.08,97.4042
3529.2,97.4053
3539.27,97.4249
3549.38,97.4445
3559.46,97.4403
3569.53,97.4268
3579.64,97.4133
3589.71,97.3779
3599.78,97.3328
3609.89,97.2876
3619.97,97.2343
3630.06,97.1879
3640.17,97.1416
3650.25,97.096
3660.31,97.0294
3670.43,96.9626
3680.5,96.8752
3690.57,96.7908
3700.7,96.7063
3710.78,96.6378
3720.85,96.5745
3730.94,96.4734
3741.02,96.3723
3751.09,96.2828
3761.18,96.2026
3771.27,96.1223
3781.36,96.0391
3791.46,95.934
3801.53,95.8288
3811.6,95.6944
3821.69,95.5737
3831.76,95.4529
3841.83,95.3338
3851.93,95.2033
3862,95.0726
3872.07,94.9058
3882.16,94.7279
3892.23,94.5499
3902.3,94.3849
3912.39,94.2076
3922.47,94.0301
3932.54,93.8661
3942.63,93.6883
3952.7,93.5103
3962.77,93.3198
3972.87,93.1266
3982.94,92.9333
3993.01,92.7115
4003.13,92.478
4013.32,92.2426
4023.45,92.0009
4033.58,91.7419
4043.68,91.4828
4053.77,91.2239
4063.92,90.9782
4074.06,90.7322
4084.16,90.465
4094.37,90.1892
4104.52,89.9134
4114.63,89.6156
4124.84,89.3221
4134.98,89.0288
4145.09,88.7248
4155.27,88.3976
4165.41,88.0708
4175.51,87.7313
4185.71,87.3756
4195.85,87.0064
4205.95,86.6388
4216.15,86.2653
4226.29,85.8852
4236.39,85.5069
4246.58,85.162
4256.72,84.8191
4266.82,84.4776
4277.02,84.0778
4287.15,83.6628
4297.25,83.2491
4307.44,82.8302
4317.59,82.4456
4327.69,82.0631
4337.92,81.7314
4348.06,81.3366
4358.16,80.9439
4368.34,80.5028
4378.47,80.0817
4388.56,79.6621
4398.76,79.2233
4408.91,78.8384
4419.01,78.4555
4429.2,78.0448
4439.36,77.6229
4449.46,77.2033
4459.66,76.7609
4469.78,76.3246
4479.88,75.89
4490.07,75.4518
4500.22,75.0323
4510.33,74.6149
4520.53,74.1965
4530.66,73.7966
4540.8,73.4064
4551,73.0161
4561.13,72.6254
4571.23,72.206
4581.4,71.7856
4591.54,71.3159
4601.64,70.8486
4611.82,70.3801
4621.96,69.9341
4632.06,69.5288
4642.24,69.1222
4652.39,68.7322
4662.49,68.2912
4672.68,67.8486
4682.8,67.4063
4692.9,66.9573
4703.08,66.5065
4713.23,66.0765
4723.34,65.6805
4733.54,65.2825
4743.68,64.8852
4753.78,64.4693
4764.01,64.0511
4774.14,63.6301
4784.24,63.215
4794.44,62.7974
4804.6,62.3881
4814.7,61.9947
4824.94,61.5984
4835.09,61.2275
4845.18,60.8399
4855.34,60.4123
4865.47,59.985
4875.57,59.5359
4885.72,59.0854
4895.87,58.6339
4905.97,58.1668
4916.12,57.6875
4926.26,57.2074
4936.36,56.7574
4946.48,56.3301
4956.61,55.9018
4966.7,55.5049
4976.85,55.1139
4986.97,54.7238
4997.06,54.3392
5007.21,53.9459
5017.35,53.5525
5027.45,53.1669
5037.61,52.7734
5047.73,52.3808
5057.82,52.0054
5068.01,51.6436
5078.13,51.2829
5088.22,50.8886
5098.38,50.4954
5108.51,50.1032
5118.61,49.7093
5128.77,49.3232
5138.89,48.9378
5148.99,48.5656
5159.17,48.2143
5169.29,47.866
5179.39,47.5189
5189.57,47.1414
5199.68,46.7569
5209.77,46.3732
5219.95,45.9694
5230.08,45.5958
5240.17,45.2233
5250.36,44.8652
5260.49,44.4871
5270.59,44.1104
5280.76,43.7144
5290.96,43.3173
5301.06,42.9243
5311.18,42.5317
5321.31,42.1601
5331.4,41.7895
5341.55,41.4057
5351.67,41.0217
5361.77,40.639
5371.99,40.2631
5382.11,39.8739
5392.21,39.4865
5402.38,39.1029
5412.5,38.7014
5422.59,38.3011
5432.77,37.9013
5442.88,37.5062
5452.98,37.1122
5463.16,36.7212
5473.29,36.3185
5483.39,35.9176
5493.59,35.5142
5503.71,35.0975
5513.81,34.6769
5524.04,34.2523
5534.19,33.8413
5544.29,33.4123
5554.51,32.9796
5564.65,32.5581
5574.75,32.1756
5584.99,31.7903
5595.11,31.4434
5605.21,31.1226
5615.43,30.7997
5625.57,30.4698
5635.67,30.1433
5645.89,29.8142
5656.03,29.4802
5666.13,29.123
5676.34,28.7631
5686.48,28.3921
5696.58,28.038
5706.81,27.6814
5716.96,27.3547
5727.05,27.0236
5737.27,26.6897
5747.42,26.328
5757.52,25.957
5767.74,25.5831
5777.87,25.2456
5787.96,24.9279
5798.19,24.6076
5808.33,24.295
5818.43,23.9957
5828.67,23.6943
5838.83,23.4016
5848.92,23.1202
5859.12,22.8376
5869.25,22.5362
5879.34,22.2287
5889.56,21.9025
5899.7,21.5789
5909.79,21.2653
5920.03,20.9605
5930.17,20.6572
5940.27,20.3808
5950.43,20.0962
5960.57,19.812
5970.69,19.5056
5980.9,19.2044
5991.03,18.9051
6001.12,18.6168
6011.32,18.3341
6021.44,18.0518
6031.54,17.7887
6041.75,17.5375
6051.88,17.2878
6061.97,17.0524
6072.2,16.8441
6082.32,16.6369
6092.42,16.425
6102.63,16.204
6112.76,16.0001
6122.86,15.7972
6133.08,15.609
6143.21,15.4036
6153.31,15.1999
6163.52,14.9754
6173.64,14.7531
6183.73,14.532
6193.96,14.3097
6204.09,14.1157
6214.19,13.9228
6224.41,13.7726
6234.54,13.6201
6244.63,13.4685
6254.86,13.2949
6264.99,13.1135
6275.08,12.933
6285.28,12.7452
6295.41,12.5666
6305.51,12.3886
6315.71,12.2
6325.85,12.0288
6335.94,11.8585
6346.14,11.7006
6356.28,11.5236
6366.38,11.3485
6376.58,11.1746
6386.72,10.9892
6396.82,10.8047
6407.03,10.6209
6417.17,10.4428
6427.26,10.2655
6437.46,10.1074
6447.61,9.97007
6457.7,9.83482
6467.9,9.69179
6478.06,9.52255
6488.17,9.36222
6498.38,9.20107
6508.52,9.05697
6518.62,8.92363
6528.83,8.7897
6538.96,8.6275
6549.05,8.47136
6559.26,8.31888
6569.41,8.17172
6579.51,8.03903
6589.71,7.91481
6599.84,7.79374
6609.94,7.68025
6620.15,7.5691
6630.29,7.46522
6640.39,7.35593
6650.59,7.24619
6660.74,7.13564
6670.84,7.04073
6681.03,6.94588
6691.16,6.87288
6701.25,6.76272
6711.46,6.65274
6721.61,6.52113
6731.7,6.4213
6741.95,6.32051
6752.07,6.25951
6762.17,6.19285
6772.37,6.12687
6782.49,6.02532
6792.59,5.91064
6802.73,5.79695
6812.87,5.70477
6822.97,5.65597
6833.18,5.67049
6843.31,5.68552
6853.41,5.71122
6863.63,5.69598
6873.77,5.68125
6883.86,5.64169
6894.09,5.59151
6904.23,5.54171
6914.32,5.51991
6924.53,5.5023
6934.66,5.48519
6944.76,5.44953
6954.99,5.41928
6965.14,5.38972
6975.23,5.34333
6985.44,5.31394
6995.59,5.28602
7005.69,5.20873
7015.9,5.10841
7026.05,5.00951
7036.14,4.94201
7046.35,4.92582
7056.49,4.90975
7066.58,4.904
7076.8,4.88272
7086.93,4.83244
7097.02,4.78277
7107.23,4.72728
7117.37,4.71484
7127.46,4.70287
7137.69,4.73142
7147.83,4.75123
7157.92,4.77146
7168.22,4.76193
7178.35,4.73092
7188.44,4.70054
7198.64,4.68118
7208.78,4.69571
7218.87,4.71036
7229.08,4.72397
7239.21,4.7047
7249.31,4.68619
7259.51,4.65956
7269.65,4.64761
7279.72,4.63547
7289.82,4.65518
7299.9,4.65132
7309.96,4.64778
7320.06,4.61346
7330.14,4.60003
7340.21,4.58674
7350.3,4.59952
7360.38,4.61261
7370.45,4.62566
7380.55,4.61821
7390.62,4.60344
7400.69,4.58879
7410.78,4.59083
7420.86,4.58691
7430.93,4.57768
7441.03,4.56844
7451.1,4.57067
7461.17,4.57974
7471.27,4.58879
7481.34,4.61821
7491.41,4.63074
7501.5,4.6439
7511.58,4.63597
7521.64,4.61363
7531.74,4.59117
7541.82,4.56844
7551.88,4.58196
7561.99,4.59544
7572.06,4.6104
7582.13,4.57956
7592.23,4.54903
7602.31,4.46987
7612.38,4.36997
7622.48,4.27433
7632.55,4.2155
7642.62,4.21011
7652.72,4.20583
7662.79,4.19297
7672.86,4.1345
7682.97,4.07634
7693.04,3.96733
7703.11,3.86012
7713.21,3.75465
7723.28,3.66625
7733.35,3.62416
7743.45,3.58244
7753.53,3.59879
7763.6,3.63817
7773.7,3.67818
7783.78,3.7087
7793.85,3.74065
7803.95,3.77233
7814.02,3.78165
7824.09,3.7586
7834.19,3.73562
7844.27,3.70533
7854.34,3.7106
7864.43,3.71651
7874.52,3.75694
7884.59,3.78972
7894.7,3.82303
7904.77,3.83183
7914.84,3.85809
7924.94,3.88901
7935.02,3.92009
7945.09,3.95686
7955.19,3.99388
7965.26,4.00328
7975.33,3.99682
7985.43,3.988
7995.5,3.97916
8005.57,4.00465
8015.65,4.03755
8025.73,4.07096
8035.8,4.07903
8045.9,4.05554
8055.99,4.0329
8066.06,4.01461
8076.15,4.01558
8086.22,4.01734
8096.29,4.04317
8106.39,4.07672
8116.46,4.11057
8126.53,4.12122
8136.63,4.08727
8146.7,4.05381
8156.77,4.00211
8166.9,3.98073
8176.97,3.96101
8187.04,3.95805
8197.14,3.97975
8207.21,4.00133
8217.28,4.01129
8227.38,4.00035
8237.46,3.99094
8247.53,3.97994
8257.65,3.97522
8267.74,3.97049
8277.82,3.97581
8287.97,3.98014
8298.05,3.98466
8308.12,3.97187
8318.26,3.93802
8328.34,3.90488
8338.41,3.84366
8348.54,3.78703
8358.62,3.73227
8368.69,3.68329
8378.8,3.66069
8388.88,3.6386
8398.94,3.64419
8409.04,3.64934
8419.12,3.65705
