10.204,0.125115
20.336,0.262442
30.502,0.360452
40.6743,0.427958
50.7857,0.487787
60.8766,0.548225
71.061,0.626823
81.1944,0.720904
91.2983,0.814688
101.51,0.903083
111.618,1.00716
121.692,1.11556
131.793,1.25053
141.873,1.38534
151.94,1.52004
162.057,1.62891
172.135,1.70864
182.257,1.78832
192.375,1.85408
202.453,1.92125
212.52,1.99049
222.632,2.03674
232.711,2.07255
242.81,2.11406
252.923,2.16383
263.002,2.23185
273.074,2.30432
283.185,2.39133
293.266,2.51077
303.334,2.6352
313.446,2.79464
323.524,2.99448
333.592,3.19432
343.702,3.4105
353.779,3.63666
363.847,3.86256
373.95,4.09301
384.029,4.33327
394.097,4.57375
404.209,4.80921
414.284,5.04176
424.352,5.2749
434.453,5.51849
444.533,5.78004
454.6,6.04232
464.71,6.2958
474.788,6.5475
484.858,6.79876
494.961,7.0534
505.037,7.30239
515.105,7.54702
525.206,7.79203
535.282,8.0362
545.351,8.26257
555.462,8.49011
565.537,8.7119
575.614,8.92934
585.723,9.14769
595.8,9.3868
605.869,9.64511
615.979,9.9043
626.059,10.1668
636.128,10.4297
646.238,10.694
656.317,10.9657
666.388,11.2457
676.489,11.5269
686.566,11.8277
696.634,12.1307
706.735,12.435
716.812,12.602
726.881,12.8472
736.986,13.0927
747.063,13.41
757.131,13.667
767.239,13.9245
777.316,14.1904
787.385,14.4794
797.492,14.769
807.586,15.0291
817.655,15.2573
827.758,15.486
837.84,15.72
847.909,15.9995
858.018,16.2799
868.094,16.5771
878.165,16.8696
888.276,17.1633
898.356,17.4418
908.424,17.7015
918.535,17.9623
928.611,18.2074
938.68,18.4617
948.788,18.717
958.863,19.0071
968.932,19.3036
979.041,19.6027
989.118,19.8909
999.186,20.2055
1009.28,20.581
1019.36,20.9588
1029.43,21.372
1039.52,21.7618
1049.6,22.1529
1059.67,22.5031
1069.77,22.8489
1079.84,23.1952
1089.91,23.5115
1100.01,23.7926
1110.08,24.0739
1120.15,24.3512
1130.25,24.6243
1140.32,24.8981
1150.39,25.2179
1160.49,25.5703
1170.56,25.923
1180.63,26.2837
1190.73,26.6078
1200.8,26.9328
1210.87,27.2552
1220.97,27.5523
1231.04,27.8497
1241.11,28.1276
1251.22,28.3906
1261.3,28.6536
1271.36,28.9009
1281.47,29.1695
1291.55,29.4384
1301.61,29.7116
1311.71,29.9865
1321.79,30.2613
1331.86,30.505
1341.96,30.7816
1352.04,31.0583
1362.1,31.3275
1372.2,31.6042
1382.28,31.8818
1392.35,32.1147
1402.46,32.489
1412.53,32.8732
1422.6,33.2245
1432.71,33.6245
1442.79,34.0276
1452.86,34.4783
1462.96,34.9564
1473.04,35.4384
1483.11,35.9082
1493.22,36.3478
1503.29,36.7892
1513.38,37.1307
1523.49,37.3989
1533.57,37.6773
1543.64,37.9572
1553.75,38.2941
1563.82,38.669
1573.89,39.0472
1584,39.4525
1594.08,39.8711
1604.15,40.289
1614.25,40.7224
1624.33,41.1526
1634.4,41.583
1644.51,41.9677
1654.58,42.2928
1664.65,42.6173
1674.76,42.9178
1684.84,43.2192
1694.9,43.5202
1705.01,43.8481
1715.09,44.2121
1725.16,44.5755
1735.26,44.9584
1745.35,45.3308
1755.42,45.7028
1765.53,46.0597
1775.62,46.4232
1785.69,46.787
1795.78,47.134
1805.86,47.4664
1815.93,47.7987
1826.04,48.1599
1836.12,48.539
1846.19,48.9176
1856.3,49.3003
1866.38,49.7062
1876.45,50.1124
1886.56,50.541
1896.63,50.9592
1906.7,51.3768
1916.81,51.7607
1926.89,52.1309
1936.96,52.5006
1947.06,52.8911
1957.14,53.281
1967.21,53.6701
1977.31,54.0377
1987.39,54.3844
1997.46,54.7306
2007.57,55.0894
2017.64,55.4593
2027.71,55.8284
2037.81,56.1835
2047.89,56.5134
2057.96,56.8364
2068.07,57.1602
2078.15,57.4825
2088.21,57.7815
2098.32,58.081
2108.4,58.3682
2118.46,58.6738
2128.57,58.9802
2138.64,59.285
2148.71,59.5535
2158.82,59.8228
2168.9,60.0751
2178.97,60.3309
2189.08,60.5875
2199.15,60.846
2209.22,61.0853
2219.35,61.3258
2229.42,61.5329
2239.49,61.7296
2249.6,61.9271
2259.68,62.1565
2269.75,62.4004
2279.86,62.6449
2289.93,62.8704
2300,63.0899
2310.11,63.31
2320.19,63.5537
2330.26,63.8203
2340.37,64.0879
2350.45,64.3494
2360.52,64.6029
2370.63,64.8573
2380.71,65.1302
2390.78,65.4183
2400.89,65.7075
2410.96,65.9813
2421.03,66.2364
2431.15,66.4922
2441.23,66.7673
2451.3,67.0637
2461.4,67.3608
2471.48,67.6357
2481.56,67.8964
2491.66,68.1576
2501.75,68.4454
2511.82,68.7517
2521.92,69.0398
2532,69.328
2542.06,69.6113
2552.17,69.8954
2562.25,70.196
2572.32,70.5077
2582.42,70.8251
2592.5,71.1425
2602.56,71.4683
2612.66,71.795
2622.73,72.122
2632.8,72.4345
2642.89,72.7302
2652.97,73.0262
2663.04,73.2993
2673.13,73.5465
2683.2,73.7941
2693.27,74.039
2703.37,74.3007
2713.45,74.5629
2723.51,74.8054
2733.59,75.015
2743.67,75.2249
2753.74,75.4354
2763.83,75.673
2773.9,75.9108
2783.96,76.1431
2794.05,76.3456
2804.12,76.5483
2814.19,76.7491
2824.28,76.9678
2834.35,77.1866
2844.42,77.4136
2854.53,77.6416
2864.6,77.8695
2874.67,78.0958
2884.77,78.3227
2894.85,78.5496
2904.92,78.7833
2915.02,79.0239
2925.12,79.2649
2935.19,79.5078
2945.3,79.7493
2955.37,79.9907
2965.44,80.2325
2975.55,80.4644
2985.62,80.6963
2995.69,80.9042
3005.8,81.1085
3015.87,81.3128
3025.94,81.5338
3036.11,81.7575
3046.24,81.9816
3056.34,82.1959
3066.52,82.4208
3076.67,82.6671
3086.77,82.9123
3096.94,83.1476
3107.07,83.3804
3117.17,83.6127
3127.35,83.8728
3137.49,84.1394
3147.59,84.4048
3157.76,84.6495
3167.91,84.8845
3178,85.1186
3188.19,85.3512
3198.33,85.5733
3208.43,85.7946
3218.63,86.0123
3228.76,86.2202
3238.86,86.4274
3249.07,86.6191
3259.22,86.7954
3269.31,86.9708
3279.49,87.1252
3289.62,87.2624
3299.72,87.3993
3309.91,87.5462
3320.03,87.6884
3330.13,87.8301
3340.32,87.9709
3350.46,88.1028
3360.56,88.2342
3370.76,88.3631
3380.88,88.5063
3390.98,88.6492
3401.18,88.8007
3411.33,88.9363
3421.43,89.0495
3431.63,89.1632
3441.77,89.2888
3451.86,89.432
3462.05,89.576
3472.21,89.7035
3482.31,89.8014
3492.51,89.8998
3502.68,89.9898
3512.78,90.0714
3522.98,90.1539
3533.13,90.2518
3543.23,90.3727
3553.41,90.494
3563.56,90.6201
3573.66,90.7224
3583.85,90.8253
3594.01,90.9311
3604.11,91.0564
3614.3,91.1823
3624.46,91.3077
3634.57,91.4311
3644.76,91.5552
3654.91,91.6871
3665.02,91.7923
3675.19,91.8726
3685.34,91.9532
3695.44,92.0392
3705.7,92.1257
3715.85,92.2171
3725.95,92.2723
3736.1,92.2713
3746.25,92.2704
3756.35,92.2646
3766.5,92.2571
3776.65,92.2496
3786.75,92.2247
3796.89,92.2015
3807.03,92.1784
3817.13,92.1836
3827.31,92.1911
3837.46,92.1986
3847.56,92.1792
3857.73,92.1449
3867.9,92.1105
3878,92.1052
3888.19,92.1325
3898.34,92.1599
3908.44,92.1678
3918.64,92.1115
3928.79,92.0552
3938.89,91.9835
3949.09,91.9409
3959.24,91.8982
3969.34,91.8676
3979.53,91.8273
3989.69,91.7869
3999.8,91.7299
4009.98,91.6626
4020.17,91.5952
4030.35,91.5374
4040.63,91.4918
4050.79,91.4507
4060.93,91.4098
4071.12,91.3759
4081.25,91.3201
4091.34,91.2646
4101.54,91.1884
4111.67,91.126
4121.77,91.0639
4131.97,91.0161
4142.11,90.9553
4152.21,90.8947
4162.39,90.8142
4172.53,90.7284
4182.63,90.6429
4192.82,90.5699
4202.97,90.4951
4213.07,90.4207
4223.25,90.3256
4233.4,90.2249
4243.5,90.1248
4253.69,90.0503
4263.82,89.9907
4273.92,89.9313
4284.12,89.8445
4294.27,89.7317
4304.37,89.6194
4314.57,89.5213
4324.72,89.4447
4334.82,89.3785
4345.01,89.3121
4355.15,89.2447
4365.25,89.1693
4375.43,89.0937
4385.59,89.0209
4395.69,88.9641
4405.87,88.907
4416.02,88.8361
4426.12,88.7256
4436.3,88.6147
4446.44,88.4858
4456.54,88.3694
4466.74,88.2524
4476.89,88.129
4486.99,87.9876
4497.17,87.8457
4507.29,87.7017
4517.4,87.5866
4527.56,87.4713
4537.71,87.368
4547.81,87.248
4557.99,87.1275
4568.12,86.9743
4578.22,86.8158
4588.4,86.6566
4598.56,86.5073
4608.66,86.353
4618.86,86.1979
4628.99,86.0314
4639.09,85.863
4649.29,85.6938
4659.44,85.5437
4669.54,85.4012
4679.71,85.2584
4689.83,85.0891
4699.93,84.9085
4710.11,84.7454
4720.27,84.5818
4730.37,84.4146
4740.53,84.2137
4750.67,84.0126
4760.78,83.7922
4770.92,83.593
4781.04,83.3938
4791.14,83.2348
4801.31,83.0858
4811.46,82.9364
4821.56,82.7821
4831.74,82.6142
4841.86,82.4465
4851.96,82.2741
4862.15,82.1063
4872.31,81.9383
4882.41,81.7723
4892.59,81.5739
4902.72,81.3755
4912.82,81.1656
4923.01,80.9655
4933.17,80.7656
4943.27,80.5637
4953.44,80.3488
4963.59,80.1486
4973.69,79.9492
4983.89,79.7603
4994.01,79.5586
5004.11,79.3579
5014.29,79.1206
5024.44,78.8784
5034.54,78.6372
5044.69,78.4219
5054.83,78.2103
5064.93,77.9995
5075.12,77.769
5085.26,77.5181
5095.36,77.2684
5105.55,77.0385
5115.69,76.8222
5125.78,76.6066
5135.96,76.3647
5146.1,76.0942
5156.2,75.8246
5166.38,75.5653
5176.53,75.33
5186.63,75.096
5196.81,74.8514
5206.95,74.567
5217.06,74.2839
5227.2,73.9815
5237.35,73.7249
5247.45,73.4693
5257.62,73.2461
5267.77,72.986
5277.87,72.7269
5288.05,72.4328
5298.17,72.1629
5308.27,71.8937
5318.48,71.648
5328.61,71.3887
5338.71,71.1307
5348.92,70.8708
5359.07,70.6335
5369.17,70.4162
5379.37,70.1979
5389.52,69.9703
5399.62,69.7205
5409.81,69.4697
5419.97,69.2097
5430.07,68.9454
5440.21,68.6811
5450.36,68.4123
5460.46,68.1648
5470.65,67.9164
5480.78,67.6799
5490.88,67.4156
5501.07,67.1499
5511.19,66.8718
5521.29,66.608
5531.49,66.343
5541.64,66.0932
5551.74,65.8554
5561.94,65.6164
5572.09,65.3522
5582.19,65.0632
5592.39,64.7729
5602.55,64.5074
5612.65,64.2821
5622.81,64.0312
5632.97,63.7797
5643.07,63.4766
5653.22,63.1732
5663.37,62.8691
5673.47,62.6175
5683.62,62.36
5693.77,62.1018
5703.87,61.7851
5714.04,61.4542
5724.17,61.1232
5734.27,60.8519
5744.45,60.5702
5754.59,60.2881
5764.69,59.9493
5774.86,59.6224
5785.02,59.2951
5795.12,59.0391
5805.29,58.7855
5815.43,58.5318
5825.53,58.242
5835.74,57.9242
5845.86,57.6073
5855.97,57.313
5866.15,57.0355
5876.28,56.7578
5886.38,56.4678
5896.56,56.1653
5906.7,55.8628
5916.79,55.571
5926.98,55.2804
5937.11,54.9899
5947.21,54.6744
5957.39,54.3286
5967.53,53.9828
5977.63,53.657
5987.8,53.3508
5997.95,53.0444
6008.05,52.7197
6018.24,52.3895
6028.38,52.0833
6038.48,51.7782
6048.67,51.4775
6058.81,51.1464
6068.91,50.8163
6079.14,50.4594
6089.29,50.1132
6099.39,49.769
6109.63,49.4386
6119.77,49.0949
6129.87,48.7534
6140.1,48.378
6150.23,48.0136
6160.33,47.6507
6170.55,47.306
6180.67,46.949
6190.77,46.593
6200.99,46.2208
6211.11,45.8846
6221.21,45.5497
6231.42,45.2449
6241.55,44.9256
6251.68,44.6068
6261.91,44.2489
6272.03,43.8819
6282.1,43.5164
6292.21,43.1506
6302.28,42.7713
6312.35,42.3905
6322.46,42.009
6332.53,41.627
6342.6,41.3395
6352.71,41.0531
6362.78,40.7448
6372.85,40.3783
6382.96,40.0111
6393.03,39.6344
6403.1,39.3356
6413.21,39.036
6423.28,38.7519
6433.35,38.4378
6443.46,38.1229
6453.53,37.7658
6463.62,37.4441
6473.73,37.121
6483.8,36.7794
6493.87,36.4086
6503.98,36.0371
6514.05,35.6695
6524.12,35.3236
6534.23,34.9773
6544.3,34.6343
6554.37,34.3013
6564.48,33.9675
6574.56,33.6307
6584.62,33.3138
6594.73,32.9963
6604.81,32.7036
6614.88,32.3933
6624.99,32.0824
6635.06,31.7474
6645.13,31.4225
6655.24,31.0968
6665.32,30.7983
6675.38,30.5037
6685.49,30.2085
6695.57,29.8873
6705.64,29.5666
6715.74,29.2453
6725.81,28.9716
6735.88,28.6978
6745.99,28.4236
6756.07,28.1159
6766.13,27.7665
6776.23,27.4088
6786.3,27.0508
6796.37,26.7647
6806.46,26.4915
6816.54,26.2181
6826.6,25.8947
6836.7,25.5704
6846.77,25.2462
6856.84,24.9215
6866.93,24.6275
6877.01,24.3334
6887.08,24.028
6897.17,23.7022
6907.25,23.3773
6917.32,23.0512
6927.42,22.7338
6937.49,22.4163
6947.56,22.1201
6957.66,21.8072
6967.73,21.4942
6977.8,21.1613
6987.9,20.8425
6997.97,20.5236
7008.04,20.2268
7018.14,19.9129
7028.21,19.5991
7038.28,19.2758
7048.38,18.8697
7058.46,18.4639
7068.53,18.0767
7078.64,17.711
7088.71,17.3474
7098.78,17.0072
7108.89,16.713
7118.96,16.4198
7129.03,16.1487
7139.14,15.855
7149.22,15.5615
7159.28,15.2507
7169.4,14.9345
7179.47,14.6186
7189.54,14.296
7199.64,13.9351
7209.71,13.5757
7219.78,13.2314
7229.89,12.9041
7239.96,12.5792
7250.03,12.2961
7260.15,12.059
7270.22,11.8225
7280.29,11.6227
7290.4,11.4635
7300.47,11.2817
7310.54,11.1036
7320.65,10.9033
7330.73,10.708
7340.79,10.5154
7350.9,10.3381
7360.97,10.1879
7371.04,10.0394
7381.15,9.87942
7391.23,9.71425
7401.29,9.55089
7411.39,9.38838
7421.46,9.23719
7431.53,9.08875
7441.62,8.94266
7451.7,8.81116
7461.77,8.68371
7471.86,8.56517
7481.95,8.43419
7492.04,8.30343
7502.21,8.17488
7512.34,8.09244
7522.44,8.01248
7532.62,7.91025
7542.75,7.78609
7552.85,7.6634
7563.05,7.56423
7573.18,7.46658
7583.28,7.3705
7593.47,7.26433
7603.59,7.12268
7613.69,6.9813
7623.89,6.83873
7634.01,6.76967
7644.11,6.70095
7654.28,6.6631
7664.41,6.54164
7674.5,6.42069
7684.66,6.29282
7694.79,6.24623
7704.88,6.2022
7715.06,6.19399
7725.18,6.13594
7735.28,6.07953
7745.52,5.95631
7755.73,5.84791
7765.83,5.78599
7775.99,5.72423
7786.11,5.66386
7796.21,5.57159
7806.36,5.47948
7816.5,5.37124
7826.59,5.2642
7836.77,5.15661
7846.92,5.08151
7857.02,5.04021
7867.19,5.00028
7877.34,4.91628
7887.43,4.80041
7897.61,4.68486
7907.76,4.55179
7917.86,4.47319
7928.04,4.39409
7938.16,4.39337
7948.26,4.40085
7958.43,4.41258
7968.57,4.37677
7978.67,4.31516
7988.85,4.25506
7998.99,4.20639
8009.09,4.22107
8019.27,4.23865
8029.4,4.23292
8039.5,4.29862
8049.63,4.40743
8059.77,4.5202
8069.87,4.55265
8080.01,4.5511
8090.15,4.55024
8100.25,4.59748
8110.39,4.71866
8120.52,4.84295
8130.62,4.96114
8140.77,4.98193
8150.91,5.0042
8161.01,4.98868
8171.18,4.96051
8181.31,4.93361
8191.41,4.95388
8201.59,5.06191
8211.72,5.17056
8221.82,5.28395
8232,5.33291
8242.15,5.38362
8252.25,5.36015
8262.44,5.33526
8272.59,5.31129
8282.69,5.29017
8292.88,5.29105
8303.02,5.29209
8313.12,5.33424
8323.3,5.40249
8333.44,5.47162
8343.54,5.55385
8353.72,5.56273
8363.86,5.57243
8373.96,5.57847
8384.1,5.55272
8394.24,5.527
8404.34,5.41393
8414.52,5.35431
8424.67,5.2946
8434.77,5.35957
8444.97,5.5219
8455.09,5.60074
8465.19,5.68042
8475.35,-5.63461
8485.48,-5.54454
8495.58,-5.45485
8505.74,-5.40351
8515.86,-5.41465
8525.96,5.42635
8536.05,5.40843
8546.13,5.31748
8556.22,5.22689
8566.31,5.13927
8576.44,5.11116
8586.54,5.08305
8596.69,5.08706
8606.78,5.06423
8616.87,5.04114
8626.96,4.97076
8637.05,4.86714
8647.17,4.76341
8657.29,4.6765
8667.49,4.66828
8677.65,4.66023
8687.75,4.69554
8697.87,4.68034
8708.06,4.6656
8718.19,4.64019
8728.32,4.67398
8738.52,4.70803
8748.66,4.76341
8758.79,4.75519
8769.01,4.74744
8779.14,4.70504
8789.28,4.70404
8799.45,4.77047
8809.58,4.83648
8819.71,4.88481
8829.89,4.90033
8840.01,4.9158
8850.14,4.90145
8860.33,4.87502
8870.45,4.84877
8880.58,4.84861
8890.76,4.87807
8900.88,4.90719
8911.01,4.94977
8921.2,4.94233
8931.33,4.93503
8941.46,4.90927
8951.64,4.93805
8961.77,4.96682
8971.9,5.00701
8982.1,4.98366
8992.24,4.96035
9002.34,4.91038
9012.57,4.92582
9022.75,-4.94153
9032.91,-4.98727
9043.14,-5.00013
9053.32,-4.96304
9063.46,-4.92646
9073.55,-4.82968
9083.64,-4.7334
9093.72,-4.68803
9103.82,-4.72728
9113.93,-4.83098
9124.05,-4.93488
9134.28,-5.02231
9144.44,-5.14551
9154.54,-5.26866
9164.65,-5.39016
9174.81,-5.42534
9184.96,-5.46087
9195.07,5.41321
9205.24,5.30863
9215.39,5.20437
9225.5,5.07211
9235.72,4.93392
9246.38,4.78996
9256.51,4.6902
9266.6,4.5893
9276.69,4.48979
9286.78,4.3714
9296.9,4.27048
9307.01,4.17144
9317.18,4.08976
9327.33,3.99878
9337.43,3.90969
9347.61,3.80909
9357.78,3.72282
9367.88,3.6401
9378.03,3.56931
9388.2,3.49909
9398.3,3.43588
9408.47,3.35613
9418.64,3.32732
9428.74,3.35566
9438.93,3.38886
9449.1,3.4066
9459.2,3.44317
9469.39,3.48475
9479.56,3.48587
9489.66,3.45316
9499.85,3.43679
9510,3.46696
9520.11,3.59052
9530.3,3.72051
9540.47,3.87773
9550.57,3.9929
9560.76,4.11305
9570.93,4.19204
9581.03,4.2747
9591.23,4.3671
9601.41,4.48787
9611.51,4.63378
9621.69,4.78375
9631.85,4.96682
9641.95,5.1414
9652.17,5.31703
9662.34,5.48705
9672.44,5.64808
9682.6,5.79249
9692.77,5.938
9702.88,6.10716
9713.04,6.29232
9723.2,6.47848
9733.3,6.65439
9743.47,6.83678
9753.65,7.02079
9763.75,7.22085
9773.93,7.44094
9784.1,7.66391
9794.19,7.89261
9804.38,8.12471
9814.55,8.35722
9824.66,8.6055
9834.84,8.82945
9845.02,9.05619
9855.12,9.26269
9865.3,9.47925
9875.47,9.69729
9885.57,9.92903
9895.77,10.1584
9905.92,10.3875
9916.02,10.6123
9926.18,10.8277
9936.35,11.044
9946.45,11.2863
9956.62,11.5675
9966.79,11.8503
9976.89,12.0934
9987.03,12.317
9997.2,12.5448
10007.3,12.7783
10017.4,13.016
10027.6,13.2288
10037.7,13.4415
10047.8,13.6279
10057.9,13.8166
10068,13.9968
10078.2,14.1742
10088.3,14.3999
10098.4,14.6254
10108.5,14.8689
10118.7,15.1216
10128.8,15.374
10138.9,15.6107
10149,15.833
10159.1,16.0549
10169.2,16.295
10179.4,16.535
10189.5,16.7748
10199.6,17.0464
10209.8,17.3545
10219.9,17.6618
10230,17.9435
10240.2,18.2482
10250.3,18.5545
10260.4,18.7771
10270.6,18.9562
10280.7,19.135
10290.8,19.3828
10301,19.6737
10311.1,19.9638
10321.2,20.2536
10331.4,20.566
10341.5,20.8775
10351.6,21.2139
10361.8,21.5364
10371.9,21.8569
10382,22.1514
10392.2,22.4728
10402.3,22.7935
10412.4,23.1027
10422.6,23.3758
10432.7,23.6584
10442.8,23.9407
10453,24.2393
10463.1,24.5384
10473.2,24.837
10483.4,25.1439
10493.5,25.4683
10503.6,25.7923
10513.8,26.1178
10523.9,26.438
10534,26.7573
10544.1,27.0818
10554.2,27.4199
10564.4,27.7581
10574.5,28.0802
10584.6,28.3691
10594.7,28.6577
10604.9,28.9373
10615,29.2547
10625.1,29.5714
10635.3,29.9184
10645.4,30.2426
10655.5,30.5663
10665.7,30.8612
10675.8,31.1487
10685.9,31.4362
10696.1,31.7352
10706.2,32.0548
10716.3,32.3688
10726.4,32.6827
10736.5,32.963
10746.6,33.2195
10756.7,33.4764
10766.8,33.7345
10776.9,34.0096
10787,34.2844
10797.1,34.5607
10807.3,34.8203
10817.4,35.0807
10827.5,35.3288
10837.6,35.5855
10847.8,35.8434
10857.9,36.1118
10868,36.3746
10878.2,36.6389
10888.3,36.8972
10898.4,37.1496
10908.5,37.4035
10918.6,37.6481
10928.8,37.9103
10938.9,38.1739
10949,38.4539
10959.1,38.712
10969.3,38.9717
10979.4,39.215
10989.5,39.478
10999.7,39.7426
11009.8,40.0321
11019.9,40.3049
11030,40.5794
11040.2,40.841
11050.3,41.1187
11060.4,41.398
11070.5,41.7125
11080.7,42.0284
11090.8,42.3455
11100.9,42.6536
11111,42.9754
11121.2,43.2933
11131.3,43.6107
11141.4,43.9027
11151.5,44.1941
11161.6,44.4849
11171.8,44.7912
11181.9,45.088
11192,45.3845
11202.1,45.6747
11212.3,45.9671
11222.4,46.2586
11232.5,46.5583
11242.7,46.8818
11252.8,47.2047
11262.9,47.5463
11273,47.8753
11283.1,48.2032
11293.3,48.511
11303.4,48.8305
11313.5,49.1491
11323.6,49.4674
11333.8,49.7872
11343.9,50.1062
11354,50.4255
11364.2,50.7458
11374.3,51.0651
11384.4,51.3761
11394.8,51.7115
11404.9,52.0342
11415,52.3567
11425.2,52.6757
11435.3,53
11445.4,53.3236
11455.6,53.6626
11465.7,53.988
11475.8,54.3128
11485.9,54.616
11496,54.9167
11506.1,55.2168
11516.3,55.521
11526.4,55.8121
11536.5,56.1028
11546.7,56.3945
11556.8,56.7108
11566.9,57.0267
11577,57.3713
11587.1,57.7043
11597.2,58.0367
11607.4,58.3503
11617.5,58.6644
11627.6,58.978
11637.8,59.3087
11647.9,59.6404
11658,59.9725
11668.2,60.2998
11678.3,60.6327
11688.4,60.965
11698.6,61.3101
11708.7,61.6507
11718.8,61.9907
11728.9,62.3179
11739,62.6467
11749.2,62.9751
11759.3,63.3137
11769.4,63.6392
11779.6,63.9649
11789.7,64.2741
11799.8,64.5889
11809.9,64.9207
11820.1,65.2539
11830.2,65.5847
11840.3,65.9122
11850.5,66.2406
11860.6,66.5766
11870.7,66.91
11880.9,67.2447
11891,67.5662
11901.1,67.8791
11911.3,68.1935
11921.4,68.509
11931.5,68.8114
11941.6,69.1152
11951.7,69.3951
11961.9,69.6792
11972,69.9647
11982.1,70.2649
11992.3,70.5613
12002.4,70.8593
12012.5,71.1494
12022.6,71.4463
12032.8,71.7449
12042.9,72.0475
12053,72.3455
12063.2,72.645
12073.3,72.9365
12083.4,73.2273
12093.6,73.5199
12103.7,73.8238
12113.8,74.1191
12124,74.4164
12134.1,74.6791
12144.2,74.9361
12154.3,75.2118
12164.5,75.4876
12174.6,75.7518
12184.7,75.9872
12194.8,76.2222
12204.9,76.4469
12215.1,76.7011
12225.2,76.9553
12235.3,77.247
12247.5,77.5939
12257.6,77.8836
12267.8,78.1452
12277.9,78.4022
12288,78.6583
12298.2,78.9492
12308.4,79.2506
12318.5,79.5513
12328.7,79.8174
12338.9,80.0638
12349,80.3095
12359.2,80.5856
12369.3,80.8797
12379.4,81.1731
12389.6,81.4356
12399.8,81.6788
12409.9,81.9338
12420.1,82.1899
12430.2,82.4716
12440.3,82.7688
12450.5,83.0682
12460.7,83.3413
12470.8,83.5696
12481,83.7992
12491.1,84.0022
12501.2,84.2242
12511.4,84.4475
12521.6,84.6914
12531.7,84.8899
12541.9,85.0894
12552,85.2519
12562.1,85.4384
12572.3,85.6261
12582.5,85.8408
12592.6,86.0498
12602.8,86.26
12613,86.4649
12623.1,86.6576
12633.3,86.8513
12643.4,87.0499
12653.5,87.273
12663.8,87.4974
12673.9,87.7227
12684,87.9016
12694.2,88.0807
12704.3,88.2361
12714.4,88.3974
12724.6,88.578
12734.8,88.7623
12744.9,88.9791
12755.1,89.2171
12765.2,89.4587
12775.3,89.6783
12785.5,89.8768
12795.7,90.0755
12805.8,90.2838
12816,90.4874
12826.1,90.6919
12836.2,90.8591
12846.4,90.9741
12856.6,91.0896
12866.7,91.1648
12876.9,91.2456
12887,91.3266
12897.1,91.4201
12907.3,91.4909
12917.5,91.5619
12927.6,91.6119
12937.8,91.6306
12947.9,91.6494
12958,91.6559
12968.2,91.6977
12978.4,91.7395
12988.5,91.8166
12998.7,91.8764
13008.9,91.9363
13019,91.9653
13029.2,92.0046
13039.3,92.0529
13049.4,92.1012
13059.6,92.1339
13069.7,92.1565
13079.8,92.179
13090,92.2511
13100.2,92.3433
13110.3,92.4356
13120.5,92.4844
13130.6,92.4606
13140.7,92.4369
13150.9,92.385
13161.1,92.3551
13171.2,92.3253
13181.4,92.2966
13191.5,92.241
13201.6,92.1859
13211.8,92.1316
13222,92.0893
13232.1,92.0474
13242.3,92.0007
13252.4,91.9214
13262.5,91.8425
13272.7,91.7675
13282.9,91.7277
13293,91.6994
13303.2,91.6712
13313.4,91.6165
13323.5,91.5398
13333.6,91.4628
13343.8,91.4037
13353.9,91.3618
13364.1,91.3197
13374.3,91.2642
13384.4,91.1805
13394.6,91.0964
13404.7,91.03
13414.8,90.9745
13425,90.9188
13435.2,90.8327
13445.3,90.7385
13455.5,90.6438
13465.7,90.6004
13475.8,90.5863
13486,90.5723
13496.1,90.5192
13506.2,90.4173
13516.4,90.3152
13526.6,90.2431
13536.7,90.2048
13546.8,90.1668
13557,90.1191
13567.1,90.0478
13577.3,89.9764
13587.5,89.9093
13597.6,89.8466
13607.7,89.7684
13617.9,89.6902
13628,89.5875
13638.1,89.4933
13648.3,89.3989
13658.4,89.3251
13668.5,89.2327
13678.7,89.1401
13688.8,89.0348
13699,88.9368
13709.1,88.8386
13719.2,88.7381
13729.4,88.6168
13739.6,88.4956
13750.2,88.3643
13760.4,88.2166
13770.6,88.0695
13780.7,87.9138
13790.9,87.7542
13801.1,87.5949
13811.2,87.4241
13821.4,87.2316
13831.5,87.0395
13841.6,86.8638
13851.8,86.6902
13862,86.5169
13872.1,86.304
13882.3,86.0734
13892.4,85.8713
13902.5,85.67
13912.7,85.5124
13922.9,85.327
13933,85.1425
13943.2,84.896
13953.3,84.6682
13963.4,84.4412
13973.7,84.2405
13983.8,84.0161
13993.9,83.7923
14004,83.5415
14014.2,83.2899
14024.3,83.0719
14034.6,82.8606
14044.8,82.5973
14055,82.3337
14065.1,82.0358
14075.2,81.7684
14085.3,81.5015
14095.4,81.2907
14105.5,81.0586
14115.6,80.8271
14125.7,80.529
14135.8,80.2059
14145.9,79.8838
14156,79.609
14166.1,79.3796
14176.2,79.1508
14186.3,78.8888
14196.4,78.5823
14206.5,78.2859
14216.6,77.9889
14226.7,77.7142
14236.8,77.4401
14246.9,77.1292
14257,76.7807
14267.1,76.4577
14277.2,76.1339
14287.4,75.8462
14297.4,75.5414
14307.6,75.2357
14317.7,74.8913
14327.7,74.5512
14337.9,74.2103
14348,73.9162
14358.1,73.6581
14368.2,73.3992
14378.3,73.1184
14388.4,72.7594
14398.5,72.3988
14408.6,71.9953
14418.7,71.6265
14428.9,71.2566
14439,70.9418
14449,70.6244
14459.2,70.3054
14469.3,69.9525
14479.4,69.6092
14489.5,69.2647
14499.6,68.9645
14509.7,68.6786
14519.8,68.3916
14529.9,68.0628
14540,67.7106
14550.1,67.3568
14560.2,67.0361
14570.3,66.7569
14580.4,66.4771
14590.5,66.1695
14600.6,65.8081
14610.7,65.4459
14620.9,65.0764
14630.9,64.7654
14641.1,64.453
14651.2,64.1489
14661.2,63.7706
14671.4,63.3912
14681.5,62.9606
14691.6,62.5356
14701.7,62.1485
14711.8,61.7628
14721.9,61.4014
14732,61.0474
14742.1,60.6934
14752.2,60.3529
14762.3,60.0254
14772.5,59.6967
14782.6,59.3596
14792.8,59.0047
14802.9,58.6505
14813,58.3157
14823.2,57.993
14833.3,57.671
14843.4,57.3438
14853.6,57.004
14863.8,56.665
14873.9,56.3273
14884.1,55.9906
14894.3,55.6539
14904.4,55.2961
14914.5,54.9008
14924.7,54.5059
14934.8,54.1181
14945,53.7769
14955.2,53.4357
14965.3,53.0801
14975.5,52.6774
14985.7,52.2752
14995.8,51.8623
15005.9,51.4813
15016.1,51.0994
15026.2,50.7533
15036.4,50.4056
15046.5,50.0362
15056.6,49.6682
15066.8,49.2643
15077,48.8476
15087.1,48.4329
15097.3,48.007
15107.4,47.5486
15117.5,47.0929
15127.7,46.6569
15137.9,46.2848
15148,45.9157
15158.2,45.5769
15168.3,45.2338
15178.4,44.8922
15188.6,44.5244
15198.8,44.1393
15208.9,43.7556
15219.1,43.3807
15229.2,43.0268
15239.3,42.6744
15250.9,42.2711
15261.2,41.8922
15271.3,41.4924
15281.5,41.0905
15291.6,40.6711
15301.7,40.2848
15311.9,39.8971
15322.1,39.5123
15332.2,39.0681
15342.4,38.6212
15352.5,38.1776
15362.6,37.7947
15372.8,37.41
15383,37.0177
15393.1,36.7071
15403.3,36.3949
15413.4,36.0292
15423.5,35.65
15433.7,35.2692
15443.9,34.89
15454,34.5144
15464.2,34.1371
15474.4,33.755
15484.5,33.4249
15494.7,33.0932
15504.8,32.7862
15514.9,32.45
15525.1,32.1098
15535.3,31.769
15545.4,31.4622
15555.6,31.1791
15565.7,30.8962
15575.8,30.6256
15586,30.338
15596.1,30.0495
15606.2,29.7542
15616.4,29.4666
15626.6,29.1786
15636.6,28.8854
15646.9,28.5663
15657,28.2484
15667.1,27.932
15677.3,27.6396
15687.5,27.3472
15697.6,27.036
15707.8,26.7074
15718,26.3787
15728.1,26.0807
15738.3,25.797
15748.4,25.5142
15758.5,25.2344
15768.7,24.9435
15778.9,24.6529
15789,24.3696
15799.2,24.0764
15809.4,23.7843
15819.5,23.4813
15829.7,23.1567
15839.8,22.8676
15849.9,22.58
15860.1,22.3358
15870.3,22.0823
15880.4,21.8307
15890.6,21.5612
15900.7,21.3103
15910.8,21.0607
15921,20.8577
15931.2,20.6741
15941.3,20.4924
15951.5,20.3151
15961.6,20.1656
15971.7,20.0173
15981.9,19.8681
15992.1,19.7041
16002.2,19.5409
16012.4,19.3592
16022.6,19.1497
16032.7,18.9413
16042.9,18.7444
16053,18.561
16063.1,18.3786
16073.3,18.167
16083.5,17.943
16093.6,17.72
16103.8,17.5011
16113.9,17.2572
16124,17.0112
16134.3,16.7638
16144.4,16.5265
16154.5,16.2651
16164.7,16.0029
16174.9,15.7558
16185,15.4872
16195.2,15.2169
16205.4,14.9306
16215.5,14.6221
16225.7,14.3111
16235.9,14.0193
16246,13.735
16256.2,13.4511
16266.3,13.1477
16276.4,12.8317
16286.6,12.5148
16296.8,12.1678
16306.9,11.8508
16317.1,11.5323
16327.3,11.278
16337.4,11.0713
16347.6,10.8639
16357.7,10.6488
16367.8,10.4211
16378,10.1968
16388.2,9.93148
16398.3,9.68362
16408.5,9.43476
16418.6,9.21825
16428.7,9.01969
16439,8.82093
16449.1,8.63077
16459.2,8.45933
16469.4,8.30578
16479.6,8.153
16489.7,7.99858
16499.9,7.81652
16510.1,7.63545
16520.2,7.47235
16530.4,7.37528
16540.5,7.2822
16550.6,7.16401
16560.8,6.97479
16571,6.78642
16581.1,6.59731
16591.3,6.47401
16601.4,6.35067
16611.5,6.31245
16621.7,6.2109
16631.9,6.11151
16642,5.90494
16652.2,5.71259
16662.4,5.52091
16672.5,5.48976
16682.7,5.47119
16692.9,5.45528
16703,5.3622
16713.2,5.19368
16723.3,5.03803
16733.4,4.88384
16743.6,4.82838
16753.9,4.77277
16764.1,4.73621
16774.3,4.6535
16784.4,4.55351
16794.5,4.45425
16804.7,4.34752
16814.8,4.27085
16824.9,4.19558
16835.2,4.12046
16845.3,4.04665
16855.4,3.9762
16865.7,3.90348
16875.9,3.83448
16886,3.76651
16896.1,3.71966
16906.3,3.69792
16916.4,3.67904
16926.6,3.63537
16936.7,3.50736
16946.8,3.38053
16957,3.27156
16967.2,3.2461
16977.3,3.22262
16987.5,3.23208
16997.6,3.18032
17007.7,3.09703
17017.9,3.02439
17028.1,2.93934
17038.2,2.87199
17048.4,2.80749
17058.5,2.76139
17068.6,2.76167
17078.8,2.76677
17089,2.77411
17099.1,2.70844
17109.3,2.64409
17119.5,2.56536
17129.6,2.55894
17139.8,2.55711
17149.9,2.60923
17160.1,2.63371
17170.3,2.6618
17180.4,2.64439
17190.5,2.60382
17200.7,2.56597
17210.9,2.55833
17221,2.57632
17231.2,2.59479
17241.4,2.60713
17251.5,-2.61222
17261.7,-2.61881
17271.8,-2.61642
17281.9,-2.64794
17292,-2.67997
17302.1,-2.74347
17312.2,-2.78538
17322.4,-2.82722
17332.6,-2.82694
17342.7,-2.85257
17352.8,-2.87825
17363,-2.93027
17373.1,-2.9276
17383.2,-2.8709
17393.4,-2.81362
17403.6,-2.7594
17413.7,-2.75742
17423.9,-2.756
17434,-2.81584
17444.1,-2.82001
17454.3,-2.82362
17464.5,-2.72658
17474.6,-2.66209
17484.8,-2.5969
17494.9,2.60292
17505.1,2.66562
17515.2,2.72945
17525.4,2.75883
17535.5,2.68084
17545.6,2.60292
17555.7,2.492
17565.8,2.45656
17576,2.42126
17586.1,2.4607
17596.2,2.53744
17606.4,2.61522
17616.6,2.64202
17626.7,2.58087
17636.8,2.5198
17647,2.44443
17657.1,2.45561
17667.3,2.46801
17677.4,2.51015
17687.5,2.5359
17697.7,2.53405
17707.9,2.5325
17718,2.50609
17728.1,2.48508
17738.3,2.4642
17748.4,2.49137
17758.6,2.51824
17768.7,2.54514
17778.8,2.54299
17789,2.48885
17799.2,2.4348
17809.3,2.40667
17819.5,2.45178
17829.7,2.49639
17839.8,2.53713
17850,2.51389
17860.2,2.49042
17870.3,2.43094
17880.5,2.44603
17890.6,2.46102
17900.7,2.54606
17910.9,2.60232
17921.1,2.65856
17931.2,2.63401
17941.4,2.53466
17951.5,2.43577
17961.6,2.38379
17971.8,2.45114
17982,2.51917
17992.1,2.56566
18002.3,2.50265
18012.5,2.38117
18022.6,2.26077
18032.8,2.20893
18042.9,2.25557
18053,2.30364
18063.2,2.29513
18073.4,2.24095
18083.5,2.18829
18093.7,2.12661
18103.8,2.07331
18113.9,2.02247
18124,1.99951
18134.1,2.02325
18144.2,2.04977
18154.3,2.08873
18164.3,2.09098
18174.4,2.09621
18184.5,2.09322
18194.6,2.13872
18204.7,2.18721
18214.8,2.26215
18224.9,2.32293
18234.9,2.38544
18245,2.47181
18255.1,2.55343
18265.2,2.63846
18275.3,2.70815
18285.4,2.76054
18295.5,2.82306
18305.6,2.9037
18315.7,2.9861
18325.7,3.07012
18335.8,3.13745
18345.9,3.22724
18356,3.34445
18366.1,3.46786
18376.2,3.61399
18386.2,3.7663
18396.3,3.92089
18406.4,4.06114
18416.5,4.18793
18426.6,4.31662
18436.7,4.46303
18446.7,4.6651
18456.8,4.87711
18466.9,5.09659
18477,5.28661
18487.1,5.47748
18497.2,5.67325
18507.2,5.88302
18517.4,6.09432
18527.4,6.30016
18537.5,6.48199
18547.6,6.66451
18557.7,6.85748
18567.7,7.09094
18577.8,7.3251
18587.9,7.56817
18598,7.79886
18608.1,8.03055
18618.2,8.23493
18628.2,8.43661
18638.4,8.63903
18648.4,8.88774
18658.5,9.16737
18668.6,9.44779
18678.7,9.70666
18688.8,9.96228
18698.9,10.2196
18708.9,10.5182
18719,10.8076
18729.1,11.0978
18739.2,11.3369
18749.3,11.587
18759.4,11.8377
18769.5,12.1442
18779.5,12.4474
18789.6,12.7517
18799.7,13.0363
18809.8,13.3012
18819.9,13.5677
18830,13.8744
18840,14.2184
18850.1,14.5641
18860.2,14.8472
18870.3,15.0876
18880.4,15.3225
18890.5,15.5589
18900.5,15.8242
18910.6,16.0908
18920.7,16.3856
18930.8,16.6841
18940.9,17.0192
18950.9,17.3556
18961,17.6677
18971.1,17.9181
18981.2,18.1722
18991.3,18.465
19001.4,18.8398
19011.5,19.2154
19022.2,19.6857
19038.8,20.1974
19049,20.4173
19059.2,20.6393
19069.4,20.9084
19079.6,21.185
19089.7,21.4626
19099.9,21.6717
19110,21.9483
19120.2,22.3128
19130.3,22.68
19140.4,23.0722
19150.6,23.4509
19160.7,23.8311
19170.8,24.1954
19181,24.5198
19191.2,24.8451
19201.3,25.1492
19211.5,25.4686
19221.6,25.7887
19231.7,26.1014
19241.9,26.4082
19252.1,26.715
19262.2,27.02
19272.4,27.3365
19282.5,27.6531
19292.7,27.9841
19302.8,28.3064
19313,28.6287
19323.1,28.9425
19333.3,29.2605
19343.5,29.5787
19353.6,29.9076
19363.7,30.2404
19373.9,30.5739
19384,30.8919
19394.2,31.189
19404.4,31.4862
19414.5,31.7773
19424.7,32.0872
19434.8,32.3969
19444.9,32.704
19455.1,33.0009
19465.3,33.3205
19475.4,33.6392
19485.6,33.9816
19495.7,34.3226
19505.8,34.6627
19516,35.0126
19526.1,35.3535
19536.2,35.6939
19546.3,36.0224
19556.5,36.3726
19566.6,36.7224
19576.7,37.0979
19586.9,37.4416
19597,37.7851
19607.2,38.0785
19617.3,38.3697
19627.4,38.6602
19637.6,38.9742
19647.7,39.3033
19657.8,39.6311
19668,39.9882
19678.2,40.3568
19688.3,40.7241
19698.5,41.0809
19708.6,41.4508
19718.7,41.8193
19728.9,42.1881
19739.1,42.537
19751.2,42.9574
19761.4,43.3104
19771.6,43.6524
19781.7,43.9841
19791.9,44.3179
19802.1,44.6465
19812.2,44.9679
19822.4,45.2912
19832.5,45.6125
19842.6,45.942
19852.8,46.2734
19863,46.6105
19873.1,46.9702
19883.3,47.3328
19893.4,47.6745
19903.5,47.9589
19913.7,48.2445
19923.8,48.5295
19933.9,48.8547
19944.1,49.1902
19954.3,49.5262
19964.4,49.8441
19974.5,50.1399
19984.7,50.4366
19994.8,50.7305
20005,51.0508
20015.1,51.3717
20025.2,51.7229
20035.5,52.061
20045.7,52.3984
20055.8,52.6883
20065.9,52.9741
20076.1,53.2612
20086.2,53.5924
20096.4,53.9411
20106.5,54.2902
20116.6,54.5828
20126.8,54.8428
20137,55.1033
20147.1,55.4064
20157.3,55.775
20167.5,56.1437
20177.6,56.5058
20187.7,56.8365
20197.9,57.1676
20208,57.4929
20218.2,57.8386
20228.4,58.1841
20238.5,58.522
20248.7,58.8322
20258.8,59.1275
20268.9,59.4217
20279.1,59.7349
20289.3,60.0888
20299.4,60.4421
20309.6,60.8176
20319.7,61.184
20329.8,61.5494
20340,61.889
20350.2,62.2229
20360.3,62.556
20370.5,62.9174
20380.6,63.2642
20390.7,63.6101
20400.9,63.9
20411.1,64.1574
20421.2,64.4141
20431.4,64.6811
20441.5,64.9756
20451.6,65.2692
20461.8,65.5779
20472,65.8546
20482.1,66.1301
20492.3,66.3938
20502.5,66.6748
20512.6,66.9545
20522.8,67.2372
20532.9,67.4861
20543.1,67.6838
20553.3,67.8841
20563.4,68.0993
20573.5,68.3537
20583.7,68.6102
20593.9,68.8676
20603.9,69.1164
20614.2,69.3672
20624.3,69.6333
20634.4,69.8985
20644.6,70.165
20654.8,70.4033
20664.9,70.6362
20675.1,70.8706
20685.3,71.122
20695.4,71.3729
20705.6,71.6253
20715.8,71.8558
20725.9,72.0746
20736.1,72.2942
20746.3,72.5293
20756.4,72.7773
20766.6,73.0259
20776.7,73.2785
20786.8,73.5247
20797,73.7722
20807.2,74.0314
20817.3,74.2782
20827.5,74.5261
20837.6,74.7571
20847.7,74.9939
20857.9,75.263
20868.1,75.5325
20878.2,75.7844
20888.4,76.0376
20898.5,76.2675
20908.6,76.5022
20918.8,76.7422
20929,76.9814
20939.1,77.2043
20949.3,77.429
20959.4,77.6536
20969.5,77.8828
20979.7,78.1133
20989.9,78.3436
21000,78.5744
21010.2,78.8148
21020.4,79.055
21030.5,79.3052
21040.7,79.5523
21050.8,79.7989
21060.9,80.043
21071.1,80.2685
21081.3,80.4938
21091.4,80.7082
21101.6,80.9309
21111.8,81.1536
21121.9,81.3872
21132.1,81.624
21142.2,81.8505
21152.3,82.0761
21162.6,82.2871
21172.7,82.5141
21182.8,82.7405
21193,82.9729
21203.1,83.1831
21213.2,83.3925
21223.4,83.5772
21233.6,83.7303
21243.7,83.8833
21253.8,84.0243
21264.1,84.1625
21274.2,84.299
21284.4,84.427
21294.6,84.5412
21304.6,84.6551
21314.8,84.7639
21325,84.8818
21335.1,84.9999
21345.3,85.1194
21355.4,85.2235
21365.5,85.3272
21375.8,85.4399
21385.9,85.5813
21396,85.7224
21406.2,85.8974
21416.4,86.0603
21426.5,86.2225
21436.7,86.3307
21446.8,86.4055
21456.9,86.4804
21467.1,86.6027
21477.3,86.77
21487.4,86.9364
21497.6,87.0908
21507.7,87.2032
21517.8,87.3201
21528,87.4376
21538.2,87.5864
21548.3,87.8043
21558.5,88.024
21568.6,88.2794
21578.7,88.5094
21588.9,88.7409
21599.1,88.9333
21609.2,89.1442
21619.4,89.3562
21629.5,89.5768
21639.6,89.7426
21649.8,89.9095
21660,90.0248
21670.1,90.1327
21680.3,90.2414
21690.5,90.3907
21700.6,90.5868
21710.8,90.7844
21721,90.9548
21731.1,91.0878
21741.3,91.2214
21751.4,91.3661
21761.5,91.5017
21771.7,91.6377
21781.9,91.7718
21792,91.8826
21802.1,91.9607
21812.3,92.0391
21822.4,92.1446
21832.6,92.3047
21842.8,92.4649
21852.9,92.597
21863.1,92.6672
21873.2,92.7374
21883.3,92.817
21893.5,92.9339
21903.7,93.0506
21913.8,93.1645
21924,93.2524
21934.2,93.3404
21944.3,93.4201
21954.5,93.498
21964.6,93.576
21974.7,93.6416
21984.9,93.6804
21995.1,93.7192
22005.2,93.7473
22015.4,93.7951
22025.5,93.8428
22035.7,93.8649
22045.9,93.8417
22056,93.8185
22066.1,93.7942
22076.3,93.8048
22086.5,93.8154
22096.6,93.8453
22106.8,93.8423
22116.9,93.8263
22127,93.8103
22137.2,93.7817
22147.4,93.7519
22157.5,93.7223
22167.7,93.6887
22177.8,93.6452
22187.9,93.6019
22198.1,93.5562
22208.3,93.5093
22218.4,93.4626
22228.6,93.4065
22238.7,93.3422
22248.8,93.2781
22258.9,93.2218
22269,93.1969
22279.1,93.1721
22289.2,93.1503
22299.3,93.1069
22309.3,93.0636
22319.5,93.0005
22329.6,92.9561
22339.6,92.9118
22349.8,92.8821
22359.9,92.8464
22370,92.8108
22380.2,92.7659
22390.2,92.7166
22400.3,92.6674
22410.4,92.606
22420.5,92.5434
22430.6,92.481
22440.7,92.4124
22450.8,92.344
22460.9,92.2554
22471,92.1665
22481.1,92.0659
22491.1,91.9541
22501.3,91.8418
22511.4,91.7369
22521.4,91.6028
22531.5,91.4682
22541.6,91.3055
22551.7,91.168
22561.8,91.0303
22571.9,90.9388
22582,90.8362
22592.2,90.7326
22602.3,90.5771
22612.3,90.384
22622.5,90.1913
22632.5,90.0347
22642.6,89.9047
22652.8,89.7732
22662.9,89.5862
22673,89.3348
22683.1,89.0823
22693.2,88.7971
22703.2,88.5394
22713.4,88.2802
22723.5,88.0648
22733.6,87.8639
22743.7,87.6624
22753.8,87.4252
22763.9,87.1555
22774,86.8851
22784.1,86.6379
22794.1,86.4165
22804.3,86.1946
22814.3,85.9688
22824.4,85.6853
22834.6,85.4001
22844.7,85.1098
22854.7,84.8557
22864.8,84.6221
22874.9,84.3885
22885,84.1343
22895.1,83.8453
22905.2,83.5569
22915.2,83.2816
22925.4,83.0352
22935.4,82.7888
22945.5,82.5623
22955.7,82.2987
22965.9,82.0358
22976,81.7238
22986.1,81.4584
22996.2,81.1925
23006.3,80.9525
23016.5,80.6308
23026.7,80.3102
23036.8,79.9512
23047,79.7027
23057.1,79.4546
23067.2,79.2665
23077.4,78.9772
23087.6,78.6882
23097.7,78.3175
23107.9,78.0261
23118,77.7352
23128.1,77.5199
23138.3,77.2808
23148.5,77.0423
23158.6,76.7776
23168.8,76.54
23179,76.3026
23189.1,76.0661
23199.3,75.8133
23209.4,75.5804
23219.5,75.3487
23229.7,75.1467
23239.8,74.9537
23249.9,74.7618
23260.2,74.5446
23270.3,74.3174
23280.4,74.0914
23290.6,73.8421
23300.8,73.59
23310.9,73.3389
23321.1,73.0805
23331.2,72.8074
23341.3,72.5356
23351.5,72.2403
23361.7,71.924
23371.8,71.6088
23382,71.3025
23392.1,71.0321
23402.2,70.7639
23412.4,70.5274
23422.6,70.3288
23432.7,70.1303
23442.9,69.9117
23453.1,69.6328
23463.3,69.3543
23473.5,68.9621
23483.7,68.568
23493.8,68.1759
23504,67.8051
23514.1,67.4058
23524.2,67.0499
23534.4,66.6923
23544.6,66.3927
23554.7,66.0525
23564.9,65.7105
23575,65.2989
23585.1,64.9018
23595.3,64.5026
23605.5,64.1986
23615.6,63.9065
23625.8,63.6147
23636,63.2406
23646.1,62.8154
23656.3,62.3885
23666.4,61.9733
23676.5,61.6089
23686.7,61.2441
23696.9,60.9095
23707,60.5087
23717.1,60.106
23727.3,59.6334
23737.4,59.2147
23747.6,58.7938
23757.8,58.4851
23767.9,58.1996
23778,57.915
23788.2,57.5223
23798.3,57.0397
23808.5,56.5561
23818.7,56.1313
23828.8,55.8165
23839,55.4866
23849.1,55.1565
23859.2,54.7549
23869.4,54.3811
23879.5,54.008
23889.6,53.7323
23899.8,53.4438
23910,53.1556
23920.1,52.7844
23930.3,52.4119
23940.4,52.0403
23950.5,51.7101
23960.7,51.3751
23970.9,51.0408
23981,50.6624
23991.2,50.2802
24001.3,49.8991
24011.4,49.5754
24021.6,49.318
24031.8,49.0618
24042,48.8096
24052.1,48.4694
24062.3,48.1287
24072.5,47.7209
24082.7,47.3702
24092.9,47.0209
24103,46.7428
24113.2,46.4615
24123.3,46.181
24133.4,45.8821
24143.6,45.5991
24153.8,45.3373
24163.9,45.0774
24174.1,44.8024
24184.2,44.4928
24194.3,44.1845
24204.5,43.8822
24214.7,43.6266
24224.8,43.3722
24235,43.1411
24245.1,42.8785
24255.7,42.6047
24265.9,42.2792
24276.1,41.9667
24286.2,41.6555
24296.3,41.4063
24306.4,41.1547
24316.5,40.9037
24326.7,40.5822
24336.8,40.2004
24346.9,39.8235
24357.1,39.4783
24367.3,39.1504
24377.4,38.8283
24387.6,38.5101
24397.7,38.2436
24407.8,37.9782
24418,37.7026
24428.2,37.3686
24438.3,36.9709
24448.5,36.5741
24458.6,36.1894
24468.7,35.8838
24478.9,35.577
24489.1,35.3188
24499.2,34.9875
24509.4,34.6545
24519.5,34.2499
24529.6,33.8821
24539.8,33.5124
24549.9,33.2406
24560,32.9954
24570.2,32.7498
24580.4,32.4308
24590.5,32.071
24600.7,31.7102
24610.8,31.4065
24620.9,31.1596
24631.1,30.9117
24641.3,30.6252
24651.4,30.2975
24661.6,29.9685
24671.7,29.6966
24681.8,29.4608
24692,29.224
24702.2,28.9307
24712.3,28.6212
24722.5,28.3105
24732.7,28.0622
24742.8,27.8441
24753,27.5477
24763.1,27.2521
24773.2,26.9312
24783.4,26.6829
24793.5,26.4341
24803.6,26.2472
24813.8,26.0209
24823.9,25.7941
24834,25.5066
24844.3,25.2184
24854.4,24.9313
24864.5,24.6952
24874.7,24.4735
24884.9,24.2523
24895,23.9549
24905.2,23.63
24915.4,23.3064
24925.5,23.0048
24935.7,22.7056
24945.9,22.4102
24956,22.1493
24966.2,21.8602
24976.3,21.573
24986.4,21.2549
24996.6,21.0121
25006.8,20.7693
25016.9,20.5672
25027,20.2946
25037.2,20.0222
25047.3,19.7868
25057.5,19.5217
25067.6,19.2431
25077.7,18.9663
25087.9,18.7447
25098.1,18.5039
25108.2,18.2645
25118.4,17.9768
25128.5,17.6834
25138.6,17.3927
25148.8,17.1324
25159,16.9065
25169.1,16.6816
25179.3,16.3917
25189.4,16.0744
25199.5,15.7586
25209.7,15.445
25219.9,15.1485
25230,14.8561
25240.2,14.5768
25250.3,14.2649
25260.4,13.956
25270.6,13.6059
25280.8,13.2934
25290.8,12.9836
25301,12.7155
25311.2,12.4233
25321.3,12.1367
25331.5,11.8122
25341.6,11.4712
25351.7,11.1311
25361.9,10.8212
25372.1,10.5677
25382.2,10.3322
25392.4,10.0958
25402.5,9.84645
25412.6,9.58676
25422.8,9.32566
25433,9.08504
25443.1,8.84842
25453.3,8.61387
25463.4,8.35225
25473.5,8.13319
25483.7,7.91362
25493.9,7.73776
25504,7.58915
25514.2,7.44126
25524.4,7.27564
25534.5,7.04562
25544.7,6.81475
25554.8,6.6216
25564.9,6.48428
25575.1,6.34709
25585.3,6.20081
25595.4,6.03415
25605.7,5.8681
25615.8,5.70134
25625.9,5.59235
25636.1,5.50315
25646.2,5.41407
25656.3,5.2838
25666.5,5.11805
25676.6,4.95198
25686.7,4.78931
25696.9,4.64121
25707,4.49763
25717.1,4.36979
25727.3,4.23477
25737.4,4.10199
25747.5,3.94438
25757.7,3.79116
25767.8,3.63752
25777.9,3.53736
25788.1,3.48969
25798.2,3.44975
25808.3,3.36382
25818.5,3.18524
25828.7,3.00648
25838.8,2.79239
25849,2.67587
25859.2,2.56749
25869.3,2.62478
25879.5,2.61821
25889.6,2.62716
25899.7,2.49608
25909.9,2.3995
25920.1,2.30941
25930.2,2.33201
25940.4,2.34906
25950.6,2.37524
25960.7,2.31178
25970.9,2.27113
25981.1,2.23535
25991.2,2.27664
26001.4,2.30432
26011.5,2.33402
26021.6,2.33737
26031.8,2.37656
26042,2.42191
26052.1,2.46833
26062.3,2.49514
26072.4,2.55955
26082.5,2.62448
26092.7,-2.75458
26102.9,-2.84543
26113,-2.93774
26123.2,-2.9201
26133.3,-2.91635
26143.4,-2.91393
26153.6,-3.00101
26163.8,-3.08715
26173.9,-3.17293
26184.1,-3.16577
26194.2,-3.0691
26204.3,-2.97455
26214.4,-2.90667
26224.4,-2.97428
26234.5,-3.04143
26244.6,-3.18057
26254.7,-3.20948
26264.8,-3.23886
26274.9,-3.16528
26285,-3.08436
26295,-3.00388
26305.1,-3.0148
26315.2,-3.1212
26325.3,-3.22869
26335.4,-3.30371
26345.5,-3.26869
26355.5,-3.23426
26365.7,-3.14941
26375.7,-3.18082
26385.8,-3.29991
26395.9,-3.4199
26406,-3.47169
26416.1,-3.42493
26426.2,-3.37821
26436.2,-3.33695
26446.3,-3.35939
26456.4,-3.38238
26466.6,-3.41715
26476.6,-3.3937
26486.8,-3.37079
26496.8,-3.30157
26506.9,-3.20436
26517,-3.10712
26527.1,-3.01506
26537.1,-3.01272
26547.3,-3.01168
26557.3,-3.03885
26567.4,-2.98322
26577.5,-2.9276
26587.6,-2.79771
26597.6,-2.71825
26607.8,-2.63935
26617.8,-2.62657
26627.9,-2.62657
26638,-2.62657
26648.1,-2.59207
26658.2,-2.53312
26668.3,-2.47371
26678.3,-2.40048
26688.4,-2.33838
26698.5,-2.27664
26708.6,-2.22412
26718.7,-2.18184
26728.8,-2.13909
26738.8,-2.13286
26748.9,-2.16021
26759,-2.18829
26769.1,-2.22447
26779.2,-2.242
26789.3,-2.25973
26799.3,-2.26492
26809.4,-2.24479
26819.5,-2.22553
26829.6,-2.25418
26839.7,-2.34773
26849.8,-2.44154
26859.9,-2.4835
26869.9,-2.47181
26880,-2.46102
26890.1,-2.47782
26900.2,-2.54145
26910.3,-2.59569
26920.4,-2.65001
26930.4,-2.65473
26940.5,-2.63252
26950.6,-2.61133
26960.7,-2.6203
26970.8,-2.62448
26980.9,-2.62865
26990.9,-2.53343
27001,-2.42869
27011.1,-2.32461
27021.2,-2.29411
27031.3,-2.35372
27041.3,-2.41349
27051.4,-2.39395
27061.5,-2.30364
27071.6,-2.21318
27081.7,-2.09957
27091.8,-2.03636
27101.9,-1.97351
27112,-1.96237
27122.2,-1.93101
27132.3,-1.90119
27142.4,-1.77338
27152.6,1.58408
27162.8,1.40218
27172.9,1.26916
27183,1.22523
27193.2,1.20071
27203.3,1.23984
27213.5,1.28632
27223.6,1.35217
27233.7,1.42104
27243.9,1.48619
27254.1,1.56719
27264.2,1.6744
27274.4,1.84816
27284.6,2.08085
27294.7,2.32091
27304.9,2.53775
27315,2.66943
27325.1,2.80135
27335.3,2.91393
27345.5,3.044
27355.6,3.17737
27365.8,3.3414
27376,3.52784
27386.1,3.71398
27396.2,3.91769
27406.4,4.09473
27416.5,4.2714
27426.6,4.47232
27436.8,4.69387
27446.9,4.91596
27457.1,5.13485
27467.2,5.3291
27477.3,5.52332
27487.5,5.7605
27497.7,6.04608
27507.8,6.33177
27517.9,6.5765
27528.1,6.77903
27538.2,6.98085
27548.4,7.16062
27558.6,7.37199
27568.7,7.58305
27578.9,7.86427
27589,8.15099
27599.1,8.4368
27609.3,8.72125
27619.5,9.02056
27629.6,9.34144
27639.8,9.66621
27649.9,9.94733
27660,10.2029
27670.2,10.4608
27680.4,10.7127
27690.5,10.9676
27700.7,11.2238
27710.8,11.4624
27720.9,11.6508
27731.1,11.8404
27741.3,12.0418
27751.4,12.2959
27761.6,12.551
27771.8,12.8293
27781.9,13.0874
27792.1,13.3471
27802.2,13.6141
27812.3,13.8165
27822.5,14.0207
27832.7,14.2206
27842.8,14.4609
27853,14.7026
27863.2,14.9396
27873.3,15.1867
27883.4,15.4864
27893.6,15.7871
27903.7,16.0571
27913.8,16.2834
27924,16.511
27934.1,16.6987
27944.3,16.8434
27954.4,16.992
27964.5,17.1753
27974.7,17.4716
27984.8,17.7685
27994.9,18.0871
28005.1,18.3252
28015.3,18.5625
28025.4,18.7646
28035.6,18.9541
28045.7,19.1442
28055.8,19.3769
28066,19.7187
28076.2,20.0621
28086.3,20.5416
28096.4,20.8862
28106.6,21.2327
28116.7,21.4338
28126.8,21.7335
28137,22.0347
28147.1,22.3733
28157.3,22.6667
28167.4,22.9598
28177.5,23.2618
28187.7,23.6043
28197.9,23.9463
28208,24.2876
28218.2,24.5942
28228.3,24.8946
28238.4,25.1936
28248.6,25.5049
28258.8,25.8158
28268.9,26.0965
28279.1,26.3829
28289.2,26.6978
28299.3,27.0118
28309.5,27.3333
28319.7,27.6488
28329.8,27.9635
28340,28.2787
28350.1,28.6016
28360.2,28.9238
28370.4,29.2538
28380.6,29.543
28390.7,29.8317
28400.8,30.087
28411,30.3612
28421.1,30.6352
28431.3,30.9602
28441.4,31.3018
28451.5,31.6424
28461.7,31.9588
28471.9,32.2411
28482,32.5229
28492.2,32.8089
28502.3,33.1407
28512.4,33.5049
28522.6,33.8715
28532.8,34.23
28542.9,34.5607
28553.1,34.8927
28563.2,35.2059
28573.3,35.549
28583.5,35.8942
28593.7,36.2396
28603.8,36.5625
28614,36.887
28624.2,37.223
28634.3,37.5673
28644.5,37.9134
28654.6,38.2332
28664.7,38.5427
28674.9,38.8544
28685.1,39.1753
28695.2,39.5054
28705.4,39.8375
28715.6,40.171
28725.7,40.4891
28735.8,40.8077
28746,41.1165
28757.3,41.4483
28767.4,41.7383
28777.5,42.0281
28787.6,42.3309
28797.8,42.6503
28807.9,42.9702
28818,43.2802
28828.1,43.5831
28838.3,43.8867
28848.4,44.2182
28858.5,44.5734
28868.7,44.929
28878.8,45.2647
28888.9,45.5647
28899.1,45.8649
28909.2,46.1655
28919.3,46.4913
28929.5,46.8173
28939.6,47.1505
28949.8,47.4636
28959.9,47.7772
28970,48.0625
28980.2,48.3693
28990.4,48.677
29000.5,49.0034
29010.7,49.3063
29020.8,49.6094
29031,49.9063
29041.2,50.2158
29051.4,50.5244
29061.5,50.8291
29071.7,51.1368
29081.8,51.4539
29091.9,51.7703
29102.1,52.0625
29112.3,52.3393
29122.4,52.6146
29132.6,52.9269
29142.8,53.2617
29152.9,53.5956
29163.1,53.9268
29173.2,54.2332
29183.3,54.5387
29193.5,54.8139
29203.7,55.0932
29213.8,55.3718
29224,55.6898
29234.2,56.0219
29244.3,56.3537
29254.5,56.6683
29264.6,56.9115
29274.7,57.154
29284.9,57.3574
29295.1,57.6173
29305.2,57.876
29315.4,58.2336
29325.5,58.5785
29335.6,58.9226
29345.8,59.1969
29356,59.4745
29366.1,59.7749
29376.2,60.0762
29386.4,60.3853
29396.5,60.6936
29406.6,61.0342
29416.8,61.383
29426.9,61.6985
29437,62.0146
29447.2,62.3126
29457.3,62.6174
29467.4,62.923
29477.6,63.257
29487.7,63.603
29497.9,63.9502
29508,64.2705
29518.1,64.5607
29528.3,64.8519
29538.5,65.1553
29548.5,65.4588
29558.7,65.7631
29568.9,66.0697
29579,66.3846
29589.2,66.7006
29599.3,66.996
29609.4,67.2737
29619.6,67.5522
29629.8,67.8332
29639.9,68.1164
29650,68.4005
29660.2,68.7058
29670.3,69.0127
29680.5,69.3208
29690.6,69.5906
29700.7,69.8335
29710.9,70.0772
29721.1,70.3371
29731.2,70.6164
29741.3,70.8801
29751.5,71.1447
29761.6,71.3802
29771.7,71.6138
29781.9,71.848
29792,72.0979
29802.1,72.3536
29812.3,72.6096
29822.4,72.8422
29832.5,73.0497
29842.7,73.2581
29852.8,73.4825
29863,73.7534
29873.1,74.0249
29883.2,74.2854
29893.4,74.491
29903.6,74.6969
29913.7,74.898
29923.9,75.1439
29934,75.3898
29944.1,75.643
29954.3,75.8542
29964.4,76.0652
29974.5,76.2466
29984.7,76.4406
29994.9,76.6349
30005,76.8464
30015.2,77.057
30025.4,77.2674
30035.5,77.4903
30045.8,77.7306
30055.9,77.9684
30066,78.176
30076.2,78.3385
30086.3,78.4932
30096.4,78.6474
30106.6,78.8163
30116.7,78.9772
30126.8,79.1378
30137,79.2826
30147.1,79.4461
30157.2,79.6091
30167.4,79.7833
30177.5,79.9577
30187.6,80.1318
30197.8,80.3005
30207.9,80.4621
30218,80.6233
30228.2,80.7984
30238.4,81.003
30248.5,81.2072
30258.6,81.3917
30268.8,81.5262
30278.9,81.6602
30289.1,81.8077
30299.2,82.0031
30309.3,82.1982
30319.5,82.4022
30329.6,82.5815
30339.7,82.7303
30349.8,82.879
30359.9,83.033
30370,83.2089
30380.1,83.3853
30390.2,83.5692
30400.2,83.738
30410.4,83.9073
30420.4,84.0993
30430.5,84.3139
30440.6,84.5293
30450.7,84.7287
30460.8,84.8997
30471,85.0716
30481.1,85.2691
30491.2,85.4979
30501.4,85.7278
30511.6,85.9406
30521.7,86.1118
30531.9,86.2837
30542,86.4398
30552.1,86.6305
30562.3,86.8222
30572.5,87.0206
30582.6,87.1871
30592.7,87.3542
30602.9,87.519
30613,87.7086
30623.2,87.8986
30633.4,88.0705
30643.5,88.2241
30653.6,88.3783
30663.8,88.5484
30673.9,88.7241
30684,88.8997
30694.2,89.0495
30704.3,89.1849
30714.5,89.3208
30724.6,89.4924
30734.7,89.6698
30744.8,89.809
30755,89.9488
30765.1,90.072
30775.2,90.206
30785.4,90.3405
30795.5,90.4695
30805.7,90.5926
30815.9,90.7156
30826,90.8215
30836.1,90.8946
30846.3,90.9681
30856.4,91.0345
30866.5,91.1113
30876.6,91.1884
30886.7,91.2625
30896.9,91.3025
30907,91.3426
30917.1,91.353
30927.3,91.3834
30937.4,91.4139
30947.5,91.454
30957.7,91.4799
30967.9,91.5058
30978,91.4981
30988.2,91.4886
30998.3,91.4791
31008.4,91.4743
31018.6,91.4711
31028.8,91.4679
31038.9,91.453
31049.1,91.4292
31059.2,91.4055
31069.3,91.3525
31079.5,91.2886
31089.6,91.23
31099.7,91.1717
31109.9,91.1161
31120.1,91.0606
31130.2,91.012
31140.3,90.9499
31150.5,90.8561
31160.6,90.7627
31170.8,90.6659
31180.9,90.5785
31191,90.4914
31201.2,90.3932
31211.4,90.3029
31221.5,90.213
31231.6,90.1496
31241.8,90.081
31251.9,90.0125
31262.1,89.9156
31272.2,89.8207
31282.3,89.7262
31292.5,89.6547
31302.6,89.5588
31312.7,89.4632
31322.9,89.3331
31333.1,89.2013
31343.2,89.0699
31353.3,88.9581
31363.5,88.8362
31373.6,88.6923
31383.7,88.548
31393.9,88.3788
31404,88.2286
31414.2,88.0779
31424.3,87.9623
31434.4,87.8255
31444.6,87.6883
31454.8,87.5009
31464.9,87.3075
31475,87.1141
31485.2,86.9566
31495.3,86.8081
31505.4,86.6592
31515.6,86.4758
31525.7,86.2426
31535.9,86.0102
31546,85.7857
31556.1,85.6074
31566.3,85.429
31576.4,85.2618
31586.5,85.0495
31596.7,84.8368
31606.9,84.5819
31617,84.3271
31627.1,84.072
31637.3,83.837
31647.4,83.5839
31657.5,83.3303
31667.7,83.0295
31677.8,82.7175
31687.9,82.4048
31698.1,82.149
31708.2,81.8922
31718.3,81.5785
31728.5,81.264
31738.6,80.9344
31748.7,80.6407
31758.8,80.3465
31769,80.0434
31779.1,79.6816
31789.3,79.3205
31799.4,78.9616
31809.5,78.6771
31819.6,78.3928
31829.7,78.1084
31839.9,77.7494
31850,77.39
31860.1,77.0243
31870.3,76.7205
31880.4,76.4163
31890.5,76.1587
31900.7,75.8747
31910.9,75.5901
31921,75.2431
31931.2,74.8677
31941.4,74.494
31951.5,74.1742
31961.7,73.912
31971.9,73.6509
31982,73.3965
31992.2,73.1
32002.4,72.8045
32012.5,72.4712
32022.7,72.1702
32032.9,71.8683
32043,71.6103
32053.2,71.3211
32063.3,71.0011
32073.4,70.6823
32083.6,70.4039
32093.8,70.166
32103.9,69.9292
32114.1,69.6719
32124.2,69.3814
32134.3,69.093
32144.5,68.7976
32154.7,68.5008
32164.8,68.2049
32175,67.9247
32185.1,67.6419
32195.2,67.3599
32205.4,67.0436
32215.5,66.734
32225.7,66.424
32235.8,66.1641
32246,65.9023
32256.1,65.6415
32266.2,65.3591
32276.4,65.1087
32286.5,64.8591
32296.6,64.6761
32306.8,64.5066
32316.9,64.2788
32327,64.0508
32337.2,63.7559
32347.3,63.4608
32357.4,63.1649
32367.6,62.8982
32377.7,62.611
32387.8,62.3233
32398,62.0156
32408.1,61.7445
32418.3,61.4727
32428.4,61.2078
32438.5,60.9006
32448.7,60.5933
32458.8,60.2645
32468.9,59.9387
32479.1,59.6125
32489.2,59.3005
32499.3,59.015
32509.5,58.729
32519.7,58.4487
32529.8,58.1688
32539.9,57.8882
32550.1,57.5669
32560.2,57.1632
32570.4,56.7586
32580.5,56.2945
32590.6,55.8471
32600.8,55.3996
32611,54.9782
32621.1,54.584
32631.3,54.1892
32641.4,53.8267
32651.5,53.4759
32661.7,53.1238
32671.9,52.7261
32682,52.2912
32692.2,51.8539
32702.3,51.4747
32712.4,51.155
32722.6,50.7807
32732.7,50.4059
32742.8,49.9987
32753,49.5902
32763.2,49.2463
32773.3,48.9445
32783.4,48.595
32793.6,48.2444
32803.7,47.8126
32813.8,47.3657
32824,46.9179
32834.1,46.5344
32844.3,46.1807
32854.4,45.8283
32864.5,45.4325
32874.7,45.0154
32884.8,44.598
32894.9,44.2428
32905.1,43.9209
32915.3,43.5991
32925.4,43.2347
32935.5,42.8538
32945.7,42.4723
32955.8,42.1476
32966,41.8628
32976.1,41.5791
32986.2,41.248
32996.4,40.825
33006.5,40.4022
33016.6,39.9953
33026.8,39.6755
33036.9,39.3803
33047,39.0876
33057.2,38.7234
33067.3,38.2944
33077.4,37.8685
33087.6,37.4975
33097.7,37.2196
33107.8,36.943
33118,36.7253
33128.1,36.3782
33138.2,36.0326
33148.4,35.6098
33158.6,35.3028
33168.7,34.9971
33178.8,34.7362
33189,34.4159
33199.1,34.0967
33209.2,33.7679
33219.4,33.4809
33229.5,33.1949
33239.7,32.9177
33249.8,32.6281
33259.9,32.339
33270.1,32.0461
33280.3,31.7606
33290.4,31.476
33300.6,31.19
33310.7,30.918
33320.8,30.6468
33331,30.3926
33341.1,30.1111
33351.2,29.8414
33361.4,29.5708
33371.5,29.3143
33381.6,29.0195
33391.8,28.7237
33401.9,28.4267
33412,28.1423
33422.2,27.857
33432.4,27.5956
33442.5,27.3528
33452.6,27.1091
33462.8,26.8514
33472.9,26.5947
33483.1,26.337
33493.2,26.0886
33503.3,25.8475
33513.5,25.6063
33523.7,25.341
33533.8,25.0597
33543.9,24.7778
33554.1,24.4985
33564.2,24.2531
33574.4,24.0075
33584.5,23.7484
33594.6,23.4674
33604.8,23.1857
33614.9,22.9027
33625,22.6351
33635.2,22.3668
33645.4,22.1306
33655.5,21.8973
33665.7,21.6624
33675.9,21.4276
33686,21.204
33696.1,20.9876
33706.3,20.7705
33716.4,20.5514
33726.5,20.3334
33736.6,20.1152
33746.8,19.8831
33756.9,19.6695
33767.1,19.4554
33777.2,19.2666
33787.3,19.0666
33797.3,18.8668
33807.4,18.6707
33817.5,18.4631
33827.6,18.2559
33837.6,18.0309
33847.7,17.7849
33857.8,17.5389
33867.9,17.2868
33878,17.0706
33888.1,16.8557
33898.2,16.6446
33908.4,16.4
33918.5,16.1557
33928.6,15.9037
33938.8,15.6846
33949,15.4658
33959.1,15.1184
33969.2,14.7862
33979.4,14.4545
33989.5,14.0881
33999.7,13.7415
34009.8,13.3963
34019.9,13.0745
34030.1,12.8134
34040.3,12.5536
34050.5,12.2942
34071.4,11.7847
34081.6,11.5293
34091.8,11.2993
34101.9,11.0618
34112,10.8252
34122.2,10.5403
34132.4,10.2682
34142.5,9.99825
34152.6,9.74758
34162.8,9.51613
34172.9,9.2855
34183,9.00683
34193.2,8.73929
34203.3,8.47469
34213.4,8.23379
34223.6,8.00407
34233.7,7.77583
34243.9,7.58006
34254,7.39395
34264.1,7.20848
34274.3,7.02291
34284.4,6.77892
34294.5,6.53565
34304.7,6.2846
34314.8,6.10908
34324.9,5.93431
34335.1,5.79668
34345.2,5.62279
34355.3,5.41942
34365.5,5.21564
34375.7,5.02621
34385.8,4.87245
34395.9,4.72231
34406.1,4.59254
34416.2,4.44528
34426.3,4.29881
34436.5,4.15697
34446.6,4.06403
34456.7,3.97423
34466.9,3.83816
34477,3.68987
34487.1,3.54311
34497.3,3.39001
34507.4,3.26941
34517.6,3.15015
34527.7,2.97402
34537.8,2.8413
34548,2.71104
34558.1,2.57662
34568.2,2.48003
34578.4,2.38708
34588.5,2.30398
34598.6,2.22201
34608.8,2.14676
34619,2.06688
34629.1,1.99324
34639.2,1.92492
34649.4,1.86754
34659.5,1.81526
34669.6,1.76985
34679.8,1.70864
34689.9,1.63131
34700,1.57864
34710.2,1.53183
34720.3,1.51643
34730.4,1.53337
34740.6,1.57268
34750.7,1.60714
34761.5,1.61491
34771.6,1.63035
34781.8,-1.64611
34791.9,-1.70176
34802,-1.76453
34812.1,-1.83157
34822.3,-1.87215
34832.4,-1.91431
34842.5,-1.91881
34852.7,-1.91962
34862.9,-1.92166
34873,-1.95758
34883.1,-1.98734
34893.3,-2.01782
34903.4,-2.02557
34913.6,-1.98142
34923.8,-1.9395
34933.9,-1.9237
34944,-1.99716
34954.2,-2.07444
34964.3,-2.22517
34974.5,-2.31685
34984.6,-2.32663
34994.7,-2.34172
35004.9,-2.27905
35015.1,-2.19257
35025.2,-2.1059
35035.4,-2.06157
35045.5,-2.0718
35055.6,-2.0831
35065.8,-2.12624
35075.9,-2.14822
35086,-2.17033
35096.2,-2.16563
35106.3,-2.15404
35116.4,-2.14238
35126.5,-2.13065
35136.7,-2.13542
35146.8,-2.14092
35156.9,-2.13726
35167.1,-2.09546
35177.2,-2.05358
35187.3,-2.00966
35197.5,-2.00381
35207.6,-1.99794
35217.7,-2.01705
35227.8,-2.00654
35237.9,-1.99638
35248.1,-1.93182
35258.3,-1.85535
35268.4,-1.78263
35278.5,-1.7892
35288.7,-1.82858
35298.8,-1.82943
35309,-1.83071
35319.1,-1.80184
35329.2,-1.77382
35339.4,-1.74759
35349.5,-1.74535
35359.6,-1.73411
35369.8,-1.72324
35379.9,-1.68279
35390,-1.63992
35400.2,-1.59786
35410.4,-1.59344
35420.5,-1.61297
35430.7,-1.63323
35440.8,-1.64135
35450.9,-1.63418
35461.1,-1.62698
35471.2,-1.57913
35481.4,-1.52518
35491.5,-1.47296
35501.7,-1.44182
35511.8,-1.45586
35522,-1.46977
35532.1,-1.51901
35542.2,-1.54961
35552.4,-1.57963
35562.6,-1.55466
35572.7,-1.48882
35582.9,-1.42873
35593,-1.37854
35603.1,-1.37114
35613.3,-1.36427
35623.4,-1.36427
35633.5,-1.32054
35643.7,-1.24927
35653.8,-1.18298
35663.9,-1.13435
35674.1,-1.09574
35684.2,1.06752
35694.3,1.03551
35704.5,0.984361
35714.6,0.972361
35724.7,1.00716
35734.9,1.08353
35745,1.181
35755.1,1.34753
35765.3,1.56669
35775.4,1.80358
35785.5,2.07595
35795.8,2.33938
35806,2.60472
35816.1,2.87662
35826.2,3.1051
35836.4,3.33531
35846.5,3.56272
35856.6,3.79323
35866.8,4.02532
35876.9,4.28074
35887,4.57015
35897.2,4.86183
35907.3,5.15251
35917.5,5.40915
35927.6,5.66745
35937.7,5.89207
35947.9,6.17182
35958,6.52702
35968.1,6.88165
35978.3,7.31322
35988.5,7.64744
35998.6,7.98094
36008.7,8.1879
36018.9,8.41625
36029,8.64691
36039.1,8.93267
36049.3,9.20081
36059.4,9.47032
36069.5,9.72755
36079.7,10.0319
36089.8,10.3389
36100,10.6536
36110.1,10.9687
36120.2,11.2836
36130.4,11.6137
36140.5,11.9268
36150.6,12.2395
36160.8,12.5516
36170.9,12.8919
36181,13.2312
36191.2,13.5836
36201.3,13.8873
36211.4,14.1905
36221.6,14.4632
36231.7,14.7288
36241.8,14.9961
36252,15.294
36263.6,15.6656
36273.7,15.97
36283.9,16.2759
36294,16.5707
36304.1,16.8884
36314.3,17.2107
36324.5,17.5275
36334.6,17.8643
36344.8,18.2033
36354.9,18.5688
36365.1,18.9319
36375.2,19.2967
36385.4,19.6499
36395.5,20.1119
36405.8,20.5839
36415.9,20.8765
36426,21.0998
36436.2,21.3238
36446.3,21.6449
36456.5,21.9552
36466.6,22.2666
36476.8,22.5393
36486.9,22.8584
36497.1,23.2302
36507.2,23.603
36517.3,23.9567
36527.5,24.2996
36537.6,24.6435
36547.7,24.9807
36557.9,25.3075
36568.1,25.636
36578.2,25.9888
36588.3,26.3795
36598.5,26.7712
36608.6,27.1653
36618.8,27.5565
36628.9,27.9482
36639,28.3451
36649.2,28.7418
36659.3,29.1399
36669.4,29.5224
36679.6,29.935
36689.7,30.3491
36699.8,30.7745
36710,31.1736
36720.1,31.5723
36730.3,31.9785
36740.4,32.411
36750.6,32.8433
36760.7,33.2708
36770.9,33.6599
36781,34.0081
36791.1,34.3563
36801.3,34.7117
36811.4,35.1212
36821.5,35.5304
36831.7,35.9569
36841.8,36.3632
36851.9,36.7688
36862.2,37.1454
36872.3,37.5169
36882.4,37.8878
36892.6,38.2803
36902.7,38.6944
36912.8,39.1074
36923,39.5087
36933.1,39.8841
36943.2,40.2591
36953.4,40.6611
36963.5,41.0661
36973.6,41.4701
36983.8,41.8764
36993.9,42.2807
37004,42.6843
37014.2,43.053
37024.3,43.4042
37034.4,43.7554
37044.6,44.1508
37054.7,44.5773
37064.8,45.0027
37075,45.408
37085.2,45.7909
37095.2,46.1733
37105.4,46.5602
37115.6,46.9685
37125.6,47.3751
37135.7,47.7973
37145.8,48.2033
37155.9,48.6084
37166,48.9807
37176.1,49.3558
37186.1,49.7611
37196.2,50.1673
37206.3,50.5576
37216.4,50.9246
37226.5,51.2926
37236.6,51.6706
37246.6,52.0502
37256.8,52.4309
37266.8,52.7811
37276.9,53.0984
37287,53.4168
37297.1,53.734
37307.2,54.0568
37317.3,54.3813
37327.3,54.6829
37337.4,54.9743
37347.5,55.2668
37357.6,55.5933
37367.7,55.903
37377.8,56.2135
37387.8,56.4898
37397.9,56.7747
37408,57.0604
37418.1,57.3601
37428.1,57.6316
37438.3,57.9036
37448.3,58.1269
37458.4,58.3258
37468.5,58.5253
37478.6,58.7349
37488.7,58.9393
37498.8,59.1445
37508.8,59.3271
37518.9,59.5058
37529,59.685
37539.1,59.8756
37549.2,60.0678
37559.3,60.2607
37569.4,60.4687
37579.4,60.6823
37589.5,60.8965
37599.6,61.0976
37609.7,61.3122
37619.8,61.5275
37629.9,61.758
37639.9,61.9675
37650.1,62.1777
37660.1,62.3809
37670.2,62.5884
37680.3,62.7965
37690.4,62.999
37700.5,63.2061
37710.6,63.4316
37720.6,63.6574
37730.7,63.8873
37740.8,64.1046
37750.9,64.3222
37761.5,64.5306
37771.6,64.7163
37781.7,64.9018
37791.7,65.0997
37801.8,65.3215
37811.9,65.5438
37822,65.7593
37832.1,65.9309
37842.2,66.103
37852.4,66.2816
37862.5,66.505
37872.7,66.7289
37882.8,66.9679
37892.9,67.1865
37903.1,67.4061
37913.2,67.6041
37923.4,67.8182
37933.5,68.032
37943.6,68.273
37953.8,68.5327
37963.9,68.7931
37974,69.0311
37984.2,69.2374
37994.4,69.4435
38004.5,69.6502
38014.7,69.8898
38024.8,70.1297
38034.9,70.3881
38045.1,70.6135
38055.2,70.8189
38065.3,71.0237
38075.5,71.2521
38085.7,71.482
38095.8,71.7168
38106,71.9359
38116.1,72.1662
38126.2,72.396
38136.4,72.6556
38146.5,72.9215
38156.6,73.1868
38166.8,73.4047
38176.9,73.5807
38187,73.7563
38197.2,73.951
38207.3,74.1824
38217.4,74.4142
38227.6,74.6362
38237.7,74.8077
38247.8,74.9788
38258,75.158
38268.1,75.3863
38278.2,75.6138
38288.4,75.8441
38298.5,76.046
38308.6,76.2473
38318.8,76.4322
38328.9,76.6205
38339,76.8082
38349.2,77.0283
38359.4,77.2681
38369.5,77.4696
38379.6,77.6717
38389.8,77.8538
38399.9,78.0568
38410.1,78.2604
38420.2,78.4503
38430.3,78.6259
38440.5,78.8021
38450.6,79.0017
38460.7,79.2182
38470.9,79.4354
38481.1,79.6401
38491.2,79.8331
38501.3,80.0269
38511.5,80.219
38521.6,80.415
38531.8,80.6124
38542,80.8081
38552.1,80.985
38562.3,81.1626
38572.4,81.3189
38582.5,81.4712
38592.7,81.6242
38602.8,81.7861
38612.9,81.9461
38623.1,82.1069
38633.3,82.2602
38643.4,82.3938
38653.6,82.5282
38663.7,82.6536
38673.8,82.7896
38684,82.923
38694.1,83.0567
38704.2,83.1771
38714.4,83.3096
38724.5,83.4427
38734.6,83.6006
38744.8,83.7625
38754.9,83.9251
38765,84.0661
38775.2,84.1847
38785.4,84.3038
38795.5,84.4307
38805.7,84.5991
38815.8,84.7694
38825.9,84.9433
38836.1,85.0629
38846.3,85.1827
38856.4,85.2696
38866.5,85.3928
38876.7,85.5164
38886.8,85.6768
38896.9,85.8098
38907.1,85.9435
38917.2,86.0154
38927.4,86.069
38937.5,86.1229
38947.6,86.2229
38957.8,86.3389
38968,86.4552
38978.1,86.5212
38988.3,86.5694
38998.4,86.6176
39008.5,86.6917
39018.6,86.7863
39028.8,86.8904
39038.9,86.9943
39049.1,87.0988
39059.3,87.2269
39069.4,87.3571
39079.6,87.4789
39089.8,87.5859
39099.9,87.6929
39110.1,87.7578
39120.3,87.7785
39130.4,87.7996
39140.5,87.8115
39150.7,87.8032
39160.8,87.795
39171,87.7665
39181.2,87.7271
39191.3,87.688
39201.4,87.6386
39211.6,87.6093
39221.8,87.5802
39231.9,87.5892
39242.1,87.614
39252.2,87.6388
39262.7,87.6492
39272.9,87.6352
39283,87.6213
39293.1,87.588
39303.3,87.5539
39313.4,87.52
39323.6,87.5068
39333.8,87.4917
39343.9,87.4202
39354.1,87.3486
39364.3,87.2521
39374.4,87.1942
39384.5,87.1364
39394.7,87.077
39404.9,87.0003
39415,86.9237
39425.2,86.842
39435.3,86.7625
39445.4,86.683
39455.7,86.6162
39465.8,86.5502
39475.9,86.4843
39486.1,86.3945
39496.2,86.3073
39506.4,86.2201
39516.5,86.1493
39526.7,86.0618
39536.8,85.9744
39546.9,85.8502
39557.1,85.719
39567.2,85.5879
39577.4,85.4631
39587.5,85.35
39597.6,85.237
39607.8,85.1164
39617.9,84.9705
39628.1,84.8248
39638.2,84.6545
39648.4,84.4741
39658.5,84.2806
39668.7,84.0857
39678.8,83.9163
39688.9,83.7754
39699.1,83.6335
39709.3,83.4576
39719.4,83.2355
39729.6,83.0119
39739.7,82.8064
39749.8,82.6259
39760,82.4445
39770.1,82.2433
39780.3,82.0104
39790.5,81.7761
39800.6,81.5188
39810.7,81.2592
39820.9,80.9986
39831,80.7373
39841.2,80.4269
39851.4,80.1148
39861.5,79.7674
39871.7,79.4763
39881.8,79.1839
39892,78.9084
39902.1,78.5955
39912.3,78.297
39922.4,77.9996
39932.5,77.7573
39942.7,77.5265
39952.8,77.2961
39963,77.0541
39973.1,76.7919
39983.2,76.5307
39993.4,76.2841
40003.5,76.0708
40013.7,75.858
40023.8,75.6269
40034,75.328
40044.1,75.0304
40054.2,74.72
40064.4,74.4793
40074.5,74.2395
40084.7,74.0203
40094.9,73.7518
40105,73.4845
40115.1,73.1991
40125.3,72.9356
40135.4,72.6736
40145.6,72.4063
40155.8,72.1151
40165.9,71.8253
40176,71.541
40186.1,71.2818
40196.3,71.0226
40206.4,70.7743
40216.6,70.516
40226.7,70.2581
40236.8,69.9708
40247,69.6546
40257.1,69.3698
40267.2,69.0856
40277.4,68.851
40287.6,68.618
40297.7,68.3903
40307.9,68.111
40318,67.7912
40328.1,67.4719
40338.3,67.1649
40348.4,66.9202
40358.6,66.6774
40368.8,66.4786
40378.9,66.2007
40389,65.9237
40399.2,65.5113
40409.4,65.0877
40419.5,64.6649
40429.7,64.3095
40439.8,63.9824
40450,63.6556
40460.2,63.334
40470.3,63.0394
40480.4,62.7448
40490.6,62.4469
40500.8,62.1214
40510.9,61.7963
40521.1,61.4509
40531.2,61.1151
40541.3,60.7803
40551.5,60.4353
40561.6,60.0997
40571.8,59.7999
40582,59.499
40592.1,59.2085
40602.2,58.8754
40612.3,58.5415
40622.5,58.154
40632.6,57.737
40642.8,57.3183
40652.9,56.9253
40663,56.6121
40673.2,56.2973
40683.3,56.0277
40693.4,55.7069
40703.8,55.38
40713.9,54.9811
40724,54.5643
40734.3,54.1407
40744.4,53.7507
40754.6,53.3856
40764.7,53.0196
40774.9,52.6636
40785,52.3387
40795.2,52.0122
40805.3,51.7193
40815.5,51.3963
40825.7,51.0698
40835.8,50.6634
40846,50.1793
40856.1,49.6947
40866.2,49.2407
40876.4,48.8563
40886.5,48.4531
40896.6,48.0502
40906.8,47.5947
40916.9,47.155
40927,46.7159
40937.2,46.3007
40947.4,45.8547
40957.5,45.4142
40967.7,44.9482
40977.9,44.5089
40988,44.0747
40998.2,43.694
41008.4,43.3155
41018.5,42.9411
41028.6,42.5288
41038.9,42.0928
41049,41.6614
41059.1,41.2713
41069.2,40.9394
41079.3,40.6092
41089.5,40.2728
41099.6,39.8636
41109.7,39.456
41119.8,38.9895
41129.9,38.5736
41140,38.1585
41150.2,37.8254
41160.3,37.4928
41170.4,37.1617
41180.5,36.7613
41190.6,36.3098
41200.7,35.8606
41210.8,35.4184
41220.9,35.039
41231,34.6707
41241.2,34.3004
41251.3,33.9654
41261.4,33.4839
41271.5,33.0019
41281.6,32.4632
41291.7,31.9852
41301.8,31.5058
41311.9,31.0699
41322,30.6288
41332.2,30.1859
41342.3,29.7653
41352.4,29.3804
41362.5,28.9941
41372.7,28.6683
41382.8,28.3592
41392.9,28.0506
41403.2,27.6948
41413.3,27.3514
41423.5,27.0084
41433.7,26.7075
41443.8,26.4429
41453.9,26.1782
41464.1,25.9072
41474.3,25.577
41484.4,25.2481
41494.6,24.8921
41504.7,24.6024
41514.8,24.3134
41525,24.0388
41535.2,23.7234
41545.3,23.4121
41555.5,23.0755
41565.6,22.7601
41575.7,22.4974
41585.9,22.2343
41596,21.9672
41606.1,21.6522
41616.3,21.3374
41626.4,21.0376
41636.5,20.7738
41646.7,20.5092
41656.8,20.218
41666.9,19.9466
41677.1,19.6743
41687.2,19.3872
41697.3,19.0987
41707.5,18.8093
41717.6,18.5234
41727.7,18.2116
41737.9,17.8992
41748.1,17.4938
41758.2,17.0322
41768.4,16.5793
41778.5,16.213
41788.6,15.9015
41798.9,15.5857
41809.1,15.2829
41819.2,15.0154
41829.4,14.7466
41839.6,14.512
41849.7,14.2835
41860,14.069
41870.1,13.8586
41880.2,13.6565
41890.5,13.4593
41900.7,13.2656
41910.8,13.0706
41921,12.862
41931.1,12.6544
41941.2,12.416
41951.4,12.1234
41961.5,11.8406
41971.7,11.7089
41981.9,11.5009
41992,11.2967
42002.2,10.8583
42012.4,10.6036
42022.5,10.3562
42032.6,10.2068
42042.9,10.0049
42053,9.8136
42063.2,9.5371
42073.6,9.19775
42083.7,8.86991
42093.8,8.5701
42104.1,8.30371
42114.2,8.02322
42124.4,7.74454
42134.8,7.46123
42144.9,7.20131
42155,6.94204
42165.2,6.7258
42175.4,6.54295
42185.5,6.36188
42196,6.18171
42206.1,5.97494
42216.2,5.77027
42226.4,5.57187
42236.5,5.42058
42246.6,5.27401
42256.8,5.10595
42266.9,4.9624
42277.1,4.82173
42287.3,4.71368
42297.4,4.64002
42307.5,4.56724
42317.8,4.50215
42327.9,4.42321
42338.1,4.35076
42348.2,4.25524
42358.4,4.16111
42368.5,4.06999
42378.7,4.00973
42388.8,3.9882
42398.9,3.9699
42409.1,3.96161
42419.2,3.94874
42429.4,3.94815
42439.7,3.96457
42449.8,3.94339
42459.9,3.99682
42470.3,4.06075
42480.4,4.15659
42490.5,4.20546
42500.8,4.26186
42510.9,4.24253
42521.1,4.17819
42531.4,4.11514
42541.5,4.10085
42551.6,4.15772
42561.8,4.21754
42571.9,4.30863
42582.1,-4.33796
42592.4,-4.37248
42602.5,-4.33796
42612.6,-4.29735
42622.9,-4.25616
42633,-4.2811
42643.1,-4.36531
42653.2,-4.45267
42663.3,-4.53524
42673.4,-4.56484
42683.6,-4.5968
42693.8,-4.59526
42703.9,-4.61346
42714,-4.63209
42724.1,-4.6661
42734.2,-4.69437
42744.4,-4.73324
42754.5,-4.77244
42764.6,-4.77343
42774.8,-4.75617
42784.9,-4.73902
42795,-4.70836
42805.1,-4.69387
42815.3,-4.67934
42825.4,-4.71534
42835.5,-4.74893
42845.7,-4.78293
42855.8,-4.71783
42865.9,-4.63547
42876.1,-4.55333
42886.2,-4.559
42896.3,-4.62854
42906.5,-4.69804
42916.6,-4.70886
42926.7,-4.67583
42936.8,-4.6434
42946.9,-4.62685
42957,-4.61889
42967.2,-4.61159
42977.3,-4.61651
42987.4,-4.63766
42997.6,-4.65905
43007.7,-4.70404
43017.8,-4.71418
43028,-4.72463
43038.1,-4.65653
43048.2,-4.56432
43058.4,-4.47354
43068.5,-4.48438
43078.6,-4.57529
43088.8,-4.62481
43098.9,-4.67465
43109,-4.64137
43119.1,-4.58708
43129.2,-4.533
43139.4,-4.52159
43149.5,-4.56192
43159.6,-4.60224
43169.7,-4.62888
43179.9,-4.63327
43190,-4.638
43200.1,-4.67315
43210.3,-4.72032
43220.4,-4.76752
43230.5,-4.80709
43240.7,-4.80595
43250.8,-4.8053
43260.9,-4.8227
43271.1,-4.87614
43281.2,-4.92948
43291.3,-4.98758
43301.4,-5.00122
43311.5,-5.01514
43321.7,-5.00154
43331.8,-5.04362
43341.9,-5.08567
43352.1,-5.14962
43362.2,-5.20136
43372.3,-5.25303
43382.4,-5.32763
43392.6,-5.4187
43402.7,-5.50955
43412.8,-5.57594
43423,-5.57973
43433.1,-5.56878
43443.2,-5.55794
43453.4,-5.60731
43463.5,-5.65195
43473.6,-5.69639
43483.7,-5.72026
43493.8,-5.74866
43504,-5.77733
43514.1,-5.78843
43524.2,-5.78369
43534.4,-5.77909
43544.5,-5.74198
43554.6,-5.70202
43564.7,-5.6622
43574.9,-5.69708
43585,-5.78654
43595.1,-5.8765
43605.3,-5.92044
43615.4,-5.90707
43625.5,-5.89406
43635.7,-5.86169
43645.8,-5.85568
43655.9,-5.85006
43666.1,-5.90309
43676.2,-5.94262
43686.3,-5.98228
43696.4,-5.99052
43706.5,-5.9849
43716.7,-5.97914
43726.8,-5.96786
43736.9,-5.97075
43747.1,-5.97376
43757.2,-6.00318
43767.3,-6.04685
43777.5,-6.09098
43787.6,-6.09612
43797.7,-6.0248
43807.9,-5.94907
43818,-5.8729
43828.1,-5.87743
43838.3,-5.91104
43848.4,-5.94459
43858.5,-5.91898
43868.7,-5.8518
43878.8,-5.78491
43888.9,-5.77502
43899.1,-5.84095
43909.2,-5.9068
43919.3,-5.98005
43929.5,-5.97861
43939.6,-5.97717
43949.7,-5.93259
43959.8,-5.94775
43970,-5.96301
43980.1,-6.02181
43990.2,-6.05345
44000.4,-6.08532
44010.5,-6.09869
44020.6,-6.09137
44030.9,-6.08403
44041,-6.09432
44051.2,-6.10446
44061.3,-6.14117
44071.5,-6.18614
44081.6,-6.22463
44091.8,-6.26326
44101.9,-6.22513
44112.1,-6.14818
44122.3,-6.15874
44132.4,-6.16928
44142.5,-6.24247
44152.6,-6.252
44162.7,-6.26151
44172.9,-6.18715
44183,-6.13492
44193.1,-6.08275
44203.3,-6.08841
44213.4,-6.12866
44223.5,-6.16903
44233.6,-6.20636
44243.8,-6.23129
44253.9,-6.25613
44264,-6.26238
44274.2,-6.272
44284.3,-6.28136
44294.4,-6.28709
44304.6,-6.29058
44314.7,-6.29394
44324.8,-6.31307
44335,-6.30749
44345.1,-6.30227
44355.2,-6.24836
44365.3,-6.21052
44375.4,-6.17309
44385.7,-6.19866
44395.8,-6.24473
44405.9,-6.29033
44416.1,-6.28136
44426.2,-6.19424
44436.3,-6.10729
44446.4,-6.01765
44456.6,-6.00814
44466.7,-6.0497
