10.2009,-0.268341
20.3321,-0.506676
35.5801,-0.908268
45.7239,1.24425
55.8286,1.56919
65.9178,1.86502
76.1054,2.17249
86.2954,2.41057
96.3936,2.6218
106.545,2.85065
116.648,3.12571
126.724,3.44453
136.828,3.77212
146.906,4.1675
156.976,4.47442
167.09,4.78751
177.168,5.05618
187.257,5.37241
197.449,5.6968
207.604,5.99849
217.703,6.30165
227.878,6.61272
238.006,6.94948
248.107,7.28489
258.313,7.62847
268.437,7.99986
278.537,8.37959
288.721,8.7648
298.854,9.16344
308.953,9.5325
319.178,9.90517
329.338,10.2741
339.437,10.6298
349.607,10.9867
359.761,11.3668
369.864,11.7264
380.033,12.0899
390.166,12.3948
400.266,12.6375
410.424,12.873
420.554,13.1482
430.651,13.4685
440.814,13.7839
450.965,14.1016
461.067,14.4312
471.23,14.8178
481.349,15.2069
491.444,15.6485
501.654,16.09
511.788,16.5356
521.884,16.9708
532.077,17.3407
542.225,17.7144
552.326,18.1384
562.506,18.5919
572.649,19.0538
582.75,19.5511
592.941,20.0839
603.105,20.6189
613.201,21.1813
623.396,21.7146
633.526,22.2491
643.622,22.7521
653.799,23.2346
663.924,23.7378
674.022,24.247
684.204,24.7423
694.334,25.2758
704.433,25.8091
714.597,26.2727
724.731,26.6886
734.829,27.1087
745,27.5788
755.138,28.0692
765.238,28.5639
775.423,29.0678
785.564,29.586
795.666,30.1065
805.856,30.6533
815.984,31.2855
826.081,31.9165
836.255,32.5995
846.402,33.302
856.501,34.0037
866.701,34.6866
876.834,35.3633
886.932,36.0381
897.115,36.7066
907.238,37.3477
917.337,37.9882
927.537,38.6184
937.679,39.2175
947.78,39.8144
957.976,40.3767
968.1,40.8737
978.195,41.33
988.393,41.7888
998.525,42.2084
1008.62,42.5656
1018.82,42.9249
1028.94,43.2058
1039.04,43.4105
1049.25,43.6168
1059.41,43.7629
1069.5,43.8385
1079.7,43.915
1089.84,43.9116
1099.94,43.8337
1110.14,43.7561
1120.29,43.6062
1130.39,43.3978
1140.56,43.1896
1150.7,42.9289
1160.8,42.6375
1170.98,42.3462
1181.13,42.0219
1191.23,41.6517
1201.42,41.2825
1211.57,40.8732
1221.67,40.4325
1231.84,39.9936
1241.98,39.5237
1252.07,39.0319
1262.25,38.5412
1272.43,38.0202
1282.53,37.4717
1292.82,36.9192
1302.95,36.31
1313.05,35.7285
1323.19,35.1503
1333.32,34.5369
1343.41,33.9061
1353.58,33.2792
1363.71,32.6739
1373.8,32.0384
1383.96,31.3658
1394.13,30.694
1404.23,30.0134
1414.38,29.3181
1424.52,28.6328
1434.62,27.927
1444.77,27.1869
1454.92,26.4637
1465.02,25.7004
1475.17,24.9058
1485.3,24.1353
1495.4,23.4112
1505.55,22.744
1515.72,22.1103
1525.82,21.4845
1535.97,20.8742
1546.09,20.3179
1556.19,19.8275
1566.41,19.3089
1576.58,18.8663
1586.68,18.478
1596.94,18.2093
1607.07,18.0379
1617.18,17.9126
1627.37,17.8086
1637.51,17.7034
1647.64,17.7047
1657.86,17.8244
1668,-18.1111
1678.11,-18.4905
1688.27,-19.0344
1698.4,-19.6532
1708.49,-20.342
1718.58,-21.3238
1728.67,-22.4555
1738.76,-23.6473
1748.85,-24.9551
1758.94,-26.1691
1769.03,-27.4218
1779.12,-28.5887
1789.21,-29.7048
1799.29,-30.8577
1809.38,-32.0642
1819.47,-33.3818
1829.56,-34.722
1839.65,-36.132
1849.74,-37.5271
1859.83,-38.938
1869.92,-40.1786
1880.01,-41.3104
1890.1,-42.4506
1900.19,-43.5466
1910.27,-44.6329
1920.36,-45.7231
1930.46,-46.7802
1940.59,-47.7646
1950.69,-48.753
1960.88,-49.5378
1971.01,-49.9275
1981.11,-50.3206
1991.25,-50.3587
2001.39,-50.1953
2011.49,-50.0363
2021.6,-50.131
2031.74,-50.2113
2041.84,-50.2915
2051.96,-50.4386
2062.1,-50.216
2072.2,-49.9944
2082.34,-49.5465
2092.49,-48.9689
2102.6,-48.3149
2112.74,-47.662
2122.92,-47.0743
2133.02,-46.4343
2143.16,-45.7976
2153.4,-45.0404
2163.52,-44.227
2173.66,-43.4194
2183.87,-42.5855
2193.99,-41.7559
2204.19,-40.9279
2214.44,-40.1012
2224.56,-39.2308
2234.72,-38.3673
2244.92,-37.463
2255.03,-36.5423
2265.17,-35.6287
2275.34,-34.7467
2285.44,-33.9073
2295.59,-33.077
2305.79,-32.2746
2315.89,-31.388
2326.02,-30.5154
2336.28,-29.5214
2346.39,-28.5539
2356.54,-27.6
2366.73,-26.6487
2376.83,-25.8159
2386.96,-25.0785
2397.19,-24.3594
2407.29,-23.6418
2417.43,-22.942
2427.69,-22.2641
2437.8,-21.6451
2447.93,-21.0469
2458.12,-20.4767
2468.23,-19.9397
2478.38,-19.4469
2488.57,-18.9887
2498.68,-18.5191
2508.83,-18.0576
2519.02,-17.638
2529.13,17.3214
2539.28,17.0444
2549.45,16.8204
2559.55,16.6682
2569.64,16.5205
2579.73,16.4297
2589.83,16.3218
2599.92,16.2856
2610.01,16.3094
2620.1,16.4775
2630.19,16.8412
2640.28,17.2658
2650.37,17.7581
2660.45,18.1736
2670.54,18.623
2680.63,19.0059
2690.72,19.3449
2700.81,19.7139
2710.9,20.0261
2720.99,20.3768
2731.08,20.7454
2741.17,21.1662
2751.25,21.6095
2761.34,22.0629
2771.43,22.4992
2781.53,22.9235
2791.65,23.2255
2801.79,23.5337
2812.05,23.7465
2822.19,23.8697
2832.29,23.9989
2842.41,24.0664
2852.56,24.1104
2862.7,24.1595
2872.84,24.2009
2882.99,24.1947
2893.14,24.1935
2903.28,24.1042
2913.44,23.9669
2923.59,23.8351
2933.73,23.6658
2943.87,23.4702
2954.04,23.2827
2964.21,23.0732
2974.37,22.8403
2984.5,22.6186
2994.63,22.3662
3004.8,22.1072
3014.92,21.8613
3025.05,21.598
3035.21,21.3164
3045.33,21.0433
3055.47,20.7364
3065.64,20.3899
3075.81,20.0506
3085.95,19.7086
3096.12,19.3415
3106.24,18.9572
3116.38,18.5841
3126.55,18.2018
3136.68,17.8412
3146.82,17.4989
3156.98,17.1623
3167.1,16.8146
3177.24,16.4867
3187.42,16.1719
3197.55,15.8637
3207.68,15.5784
3217.85,15.3052
3227.95,15.0752
3238.05,14.8798
3248.15,14.6744
3258.23,14.4281
3268.32,14.2105
3278.43,14.0103
3288.51,13.8366
3298.6,13.6947
3308.71,13.5949
3318.79,13.5529
3328.9,13.5548
3339.08,13.6312
3349.21,13.8063
3359.32,14.0414
3369.55,-14.3215
3379.7,-14.6705
3389.8,-15.0791
3399.98,-15.5745
3410.1,-16.1808
3420.2,-16.8311
3430.29,-17.5264
3440.38,-18.2438
3450.47,-18.9544
3460.56,-19.709
3470.65,-20.4579
3480.74,-21.2516
3490.83,-22.0902
3500.91,-23.0103
3511,-24.0114
3521.09,-25.043
3531.18,-26.052
3541.27,-27.0323
3551.36,-28.0333
3561.44,-28.9583
3571.54,-29.8514
3581.64,-30.7606
3591.77,-31.6636
3601.92,-32.5106
3612.05,-33.3692
3622.16,-34.167
3632.25,-34.926
3642.4,-35.6923
3652.52,-36.4634
3662.62,-37.2423
3672.76,-38.0234
3682.89,-38.8078
3692.98,-39.5954
3703.19,-40.3891
3713.32,-41.1338
3723.43,-41.8113
3733.59,-42.4914
3743.72,-43.0985
3753.81,-43.6617
3764.04,-44.2292
3774.3,-44.7924
3784.4,-45.328
3794.62,-45.8679
3804.77,-46.3542
3814.87,-46.7574
3825.02,-47.1606
3835.17,-47.4663
3845.27,-47.6779
3855.42,-47.8166
3865.58,-47.9561
3875.68,-47.9951
3885.86,-47.9212
3896.03,-47.8477
3906.13,-47.6333
3916.31,-47.2999
3926.46,-46.9669
3936.57,-46.5303
3946.78,-46.0024
3956.92,-45.4758
3967.02,-44.8773
3977.25,-44.2179
3987.39,-43.5639
3997.5,-42.8288
4007.89,-42.092
4018.07,-41.3669
4028.23,-40.6319
4038.52,-39.8686
4048.72,-39.1109
4058.85,-38.3473
4069.04,-37.5836
4079.17,-36.8268
4089.26,-36.0581
4099.45,-35.2633
4109.58,-34.4687
4119.67,-33.6817
4129.86,-32.8723
4139.99,-32.0849
4150.08,-31.3042
4160.25,-30.5379
4170.38,-29.8072
4180.48,-29.0862
4190.66,-28.3996
4200.79,-27.6804
4210.88,-26.9768
4221.08,-26.2753
4231.21,-25.5262
4241.3,-24.7909
4251.49,-24.022
4261.62,-23.3435
4271.72,-22.6835
4281.89,-22.0565
4292.02,-21.4988
4302.12,-20.9614
4312.3,-20.4133
4322.43,-19.8859
4332.53,-19.3789
4342.71,-18.8927
4352.84,-18.5134
4362.94,-18.1665
4373.11,-17.909
4383.25,-17.7016
4393.34,-17.534
4403.51,-17.4448
4413.65,-17.3297
4423.74,-17.2503
4433.92,17.1216
4444.11,17.0546
4454.21,17.0313
4464.33,17.0399
4474.45,17.042
4484.54,17.0734
4494.63,17.0677
4504.72,17.104
4514.81,17.2579
4524.89,17.4353
4534.98,17.6852
4545.07,18.0005
4555.16,18.333
4565.24,18.6606
4575.33,18.8351
4585.42,19.0256
4595.51,19.1412
4605.59,19.2599
4615.68,19.3944
4625.77,19.5514
4635.88,19.7154
4645.97,19.8944
4656.06,20.1526
4666.15,20.4422
4676.23,20.7414
4686.33,21.0542
4696.44,21.263
4706.55,21.4786
4716.71,21.6891
4726.85,21.7026
4736.95,21.7394
4747.04,21.9774
4757.2,22.2717
4767.34,22.5744
4777.44,22.9299
4787.6,23.352
4797.74,23.7814
4807.85,24.2128
4818.04,24.651
4828.18,25.0976
4838.29,25.4133
4848.48,25.6376
4858.6,25.733
4868.72,25.8366
4878.88,25.9603
4889.01,26.0763
4899.12,26.1945
4909.29,26.3022
4919.41,26.3511
4929.52,26.4001
4939.7,26.3586
4949.82,26.282
4959.93,26.2063
4970.13,26.1075
4980.25,26.0077
4990.36,25.9086
5000.58,25.8043
5010.7,25.6593
5020.8,25.5163
5030.97,25.3263
5041.1,25.1035
5051.2,24.8837
5061.38,24.6451
5071.51,24.4081
5081.62,24.1742
5091.81,23.9491
5101.92,23.7084
5112.03,23.471
5122.19,23.2238
5132.32,22.9788
5142.42,22.7379
5152.6,22.5211
5162.73,22.296
5172.83,22.0757
5183.03,21.8299
5193.16,21.5665
5203.27,21.2686
5213.47,20.9788
5223.6,20.6481
5233.71,20.33
5243.89,20.0521
5254.03,19.8364
5264.11,19.6915
5274.27,19.5516
5284.39,19.4508
5294.5,19.3692
5304.66,19.2973
5314.78,19.2359
5324.88,19.1311
5335.04,19.0349
5345.17,18.9154
5355.27,18.8055
5365.43,18.7057
5375.55,18.6058
5385.66,18.5252
5395.8,18.4591
5405.93,18.4177
5416.03,18.3849
5426.23,18.3747
5436.36,18.3721
5446.47,18.3527
5456.64,18.3651
5466.78,18.4341
5476.89,18.4733
5487.07,18.5533
5497.22,18.5704
5507.32,18.7423
5517.46,18.946
5527.6,-19.1873
5537.7,-19.4294
5547.83,-19.7094
5558,-20.0216
5568.09,-20.298
5578.18,-20.557
5588.26,-20.8566
5598.35,-21.22
5608.44,-21.73
5618.52,-22.2706
5628.61,-22.885
5638.69,-23.5746
5648.78,-24.2952
5658.86,-25.0374
5668.95,-25.7631
5679.03,-26.5139
5689.12,-27.2301
5699.2,-27.9633
5709.29,-28.7246
5719.38,-29.51
5729.46,-30.5115
5739.55,-31.533
5749.64,-32.4906
5759.72,-33.5284
5769.81,-34.5795
5779.89,-35.6443
5789.97,-36.6377
5800.06,-37.6425
5810.19,-38.6586
5820.3,-39.6947
5830.58,-40.7529
5840.72,-41.8138
5850.81,-42.8497
5860.92,-43.8898
5871.04,-44.961
5881.15,-46.0222
5891.27,-47.0872
5901.41,-48.0798
5911.52,-48.9789
5921.64,-49.8814
5931.77,-50.7791
5941.88,-51.6939
5951.99,-52.6523
5962.15,-53.6155
5972.27,-54.6016
5982.37,-55.5871
5992.5,-56.558
6002.62,-57.4495
6012.73,-58.1494
6022.92,-58.8558
6033.04,-59.3126
6043.14,-59.6469
6053.28,-59.9871
6063.39,-60.6902
6073.49,-61.4172
6083.66,-62.1462
6093.8,-63.092
6103.9,-63.6702
6114.16,-64.2514
6124.29,-64.6449
6134.42,-64.927
6144.59,-65.2125
6154.68,-65.3543
6164.76,-65.3963
6174.85,-65.4385
6184.92,-65.4486
6194.98,-65.4365
6205.08,-65.4248
6215.16,-65.3184
6225.22,-64.9867
6235.32,-64.6552
6245.39,-64.0707
6255.46,-63.3339
6265.57,-62.5958
6275.68,-61.7062
6285.78,-60.6699
6295.93,-59.6324
6306.05,-58.5075
6316.15,-57.2918
6326.31,-56.0757
6336.42,-54.8893
6346.52,-53.6584
6356.64,-52.4827
6366.77,-51.3053
6376.86,-50.1272
6386.99,-48.9398
6397.11,-47.7545
6407.21,-46.5656
6417.36,-45.3973
6427.48,-44.2378
6437.58,-43.0922
6447.78,-41.9951
6457.91,-40.9071
6468.01,-39.8747
6478.27,-38.8834
6488.4,-37.906
6498.5,-36.9222
6508.7,-35.8878
6518.83,-34.8746
6528.92,-33.8355
6539.11,-32.7852
6549.25,-31.7509
6559.34,-30.7366
6569.63,-29.7881
6579.76,-28.8705
6589.85,-28.0428
6600.04,-27.2718
6610.17,-26.535
6620.27,-25.7882
6630.51,-24.9154
6640.65,-24.0809
6650.74,-23.1841
6660.98,-22.2682
6671.13,-21.3982
6681.23,-20.6431
6691.43,-20.0563
6701.56,-19.6078
6711.66,-19.2165
6721.87,-18.9215
6732.01,-18.7289
6742.11,18.5881
6752.33,18.5453
6762.44,18.5412
6772.58,18.584
6782.76,18.6244
6792.87,18.6317
6802.97,18.6842
6813.05,18.7166
6823.14,18.7936
6833.23,18.9086
6843.31,19.096
6853.4,19.3619
6863.48,19.6575
6873.61,19.9649
6883.69,20.2936
6893.78,20.6498
6903.86,21.0266
6913.95,21.3944
6924.04,21.7846
6934.13,22.1528
6944.21,22.5234
6954.3,22.9106
6964.39,23.3297
6974.48,23.7751
6984.56,24.2337
6994.65,24.715
7004.79,25.192
7014.88,25.6775
7025,26.1131
7035.12,26.5141
7045.26,26.9274
7055.36,27.344
7065.45,27.799
7075.67,28.2663
7085.83,28.7452
7095.92,29.219
7106.06,29.6772
7116.18,30.143
7126.27,30.6094
7136.42,31.1175
7146.55,31.6331
7156.64,32.1417
7166.79,32.6351
7177.04,33.1386
7187.11,33.6078
7197.2,34.051
7207.28,34.4973
7217.34,34.8714
7227.44,35.1788
7237.51,35.4882
7247.58,35.7407
7257.67,35.9075
7267.76,36.0754
7277.84,36.159
7288.03,36.1837
7298.17,36.2093
7308.27,36.1826
7318.44,36.0856
7328.58,35.9889
7338.67,35.829
7348.85,35.5966
7359.01,35.3644
7369.1,35.0776
7379.29,34.7554
7389.42,34.4341
7399.52,34.1023
7409.74,33.749
7419.9,33.3984
7429.99,33.0296
7440.2,32.6393
7450.33,32.2332
7460.42,31.8313
7470.62,31.4149
7480.75,31.0026
7490.85,30.5801
7501.03,30.1486
7511.16,29.7018
7521.26,29.2604
7531.46,28.7932
7541.59,28.316
7551.69,27.8464
7561.88,27.3608
7572.02,26.8742
7582.11,26.3968
7592.31,25.9306
7602.44,25.4626
7612.54,25.0038
7622.73,24.5311
7632.88,24.0395
7643.01,23.5574
7653.21,23.0612
7663.34,22.5715
7673.44,22.0958
7683.65,21.6293
7693.78,21.1639
7703.87,20.7228
7714.14,20.2977
7724.28,19.8507
7734.38,19.4238
7744.54,19.0254
7754.67,18.6893
7764.76,18.3706
7774.93,18.0968
7785.06,17.8365
7795.16,17.5922
7805.33,17.4137
7815.47,17.2491
7825.58,17.204
7835.75,17.2384
7845.89,17.3937
7855.99,17.6021
7866.19,-17.8881
7876.32,-18.2159
7886.41,-18.5704
7896.57,-18.9808
7906.68,-19.4112
7916.78,-19.8605
7926.87,-20.3473
7936.95,-20.8569
7947.04,-21.3615
7957.13,-21.8868
7967.21,-22.3972
7977.3,-22.863
7987.38,-23.3427
7997.47,-23.744
8007.56,-24.148
8017.65,-24.5626
8027.73,-24.8975
8037.82,-25.0973
8047.9,-25.301
8057.94,-25.3771
8068.03,-25.3344
8078.11,-25.2923
8088.2,-25.1422
8098.29,-24.9227
8108.37,-24.7049
8118.47,-24.4305
8128.58,-24.0908
8138.7,-23.7566
8148.88,-23.3492
8159.02,-22.8559
8169.11,-22.3779
8179.2,-21.8764
8189.33,-21.3372
8199.44,-20.7902
8209.55,-20.2671
8219.71,-19.7911
8229.84,-19.3738
8239.94,-18.9899
8250.1,-18.6654
8260.23,-18.4183
8270.33,-18.2119
8280.5,-18.036
8290.63,-17.8783
8300.73,17.7653
8310.92,17.6644
8321.04,17.607
8331.13,17.5949
8341.26,17.5956
8351.37,17.6338
8361.46,17.7181
8371.55,17.8686
8381.64,18.0858
8391.73,18.3473
8401.81,18.6532
8411.9,19.0329
8421.98,19.4559
8432.07,19.9117
8442.16,20.3731
8452.24,20.872
8462.33,21.3991
8472.41,21.9485
8482.5,22.5261
8492.58,23.0921
8502.67,23.6558
8512.75,24.241
8522.84,24.8379
8532.92,25.4456
8543.01,26.0696
8553.11,26.6963
8563.22,27.3345
8573.33,27.9854
8583.53,28.6235
8593.67,29.2386
8603.77,29.8291
8613.88,30.4261
8624.02,30.9842
8634.15,31.5492
8644.27,32.0585
8654.41,32.5216
8664.54,32.9122
8674.66,33.3054
8684.82,33.6142
8694.93,33.8441
8705.04,34.0746
8715.21,34.2345
8725.33,34.3352
8735.45,34.4366
8745.6,34.4502
8755.71,34.386
8765.83,34.3219
8775.98,34.1863
8786.11,33.9787
8796.22,33.7721
8806.38,33.4994
8816.5,33.1753
8826.62,32.8532
8836.77,32.4881
8846.9,32.0702
8857.02,31.6558
8867.17,31.1921
8877.29,30.6991
8887.41,30.2107
8897.57,29.7159
8907.69,29.2026
8917.81,28.6952
8927.96,28.169
8938.08,27.6509
8948.19,27.1406
8958.35,26.6322
8968.47,26.133
8978.59,25.6307
8988.75,25.1371
8998.88,24.6493
9009.01,24.1727
9019.17,23.706
9029.4,23.2381
9039.66,22.7779
9049.82,22.3314
9060.05,21.8971
9070.19,21.4576
9080.3,21.0345
9090.47,20.6006
9100.62,20.1836
9110.72,19.7882
9120.93,19.4162
9131.06,19.0737
9141.19,18.7572
9151.39,18.4688
9161.52,18.1977
9171.62,17.9541
9181.83,17.728
9191.96,17.5325
9202.06,17.3641
9212.25,17.2154
9222.39,17.085
9232.49,16.9747
9242.7,16.8915
9252.85,16.8339
9262.95,16.8077
9273.13,16.8121
9283.27,16.8392
9293.37,-16.8954
9303.58,-16.9869
9313.69,-17.1104
9323.79,-17.2735
9333.88,-17.4741
9343.97,-17.7401
9354.11,-18.0621
9364.2,-18.4229
9374.29,-18.8349
9384.38,-19.2702
9394.47,-19.7457
9404.56,-20.2632
9414.65,-20.8274
9424.73,-21.4243
9434.82,-22.071
9444.91,-22.6534
9455,-23.2597
9465.08,-24.0116
9475.17,-24.7062
9485.27,-25.416
9495.36,-26.1247
9505.45,-26.8262
9515.53,-27.5382
9525.63,-28.2417
9535.72,-28.9006
9545.86,-29.5666
9556,-30.1479
9566.28,-30.6625
9576.43,-31.179
9586.52,-31.6884
9596.65,-32.1797
9606.79,-32.674
9616.92,-33.1001
9627.06,-33.4077
9637.24,-33.7169
9647.38,-33.9348
9657.51,-34.0653
9667.66,-34.1202
9677.82,-34.1756
9687.94,-34.1217
9698.09,-34.0681
9708.23,-33.9179
9718.37,-33.6852
9728.53,-33.3905
9738.66,-33.0968
9748.8,-32.7684
9758.96,-32.4017
9769.12,-32.0365
9779.25,-31.6315
9789.42,-31.1814
9799.57,-30.7338
9809.71,-30.2586
9819.88,-29.7588
9830.01,-29.2649
9840.15,-28.7685
9850.32,-28.2522
9860.44,-27.7448
9870.59,-27.2142
9880.74,-26.6607
9890.89,-26.1154
9901.02,-25.5488
9911.21,-24.9812
9921.33,-24.4272
9931.47,-23.8873
9941.66,-23.3652
9951.79,-22.8414
9961.92,-22.3362
9972.1,-21.8236
9982.22,-21.3128
9992.36,-20.8251
10002.5,-20.3484
10012.7,-19.825
10022.8,-19.3318
10033,-18.9775
10043.1,-18.6684
10053.2,-18.3913
10063.4,-18.1353
10073.5,-17.9076
10083.7,-17.7147
10093.9,-17.4992
10104,17.2837
10114.1,17.1053
10124.2,16.98
10134.3,16.9204
10144.4,16.8966
10154.4,16.9233
10164.5,16.9991
10174.6,17.1025
10184.6,17.2537
10194.7,17.4289
10204.8,17.6257
10214.8,17.8308
10224.9,18.0798
10235,18.35
10245,18.6293
10255.1,18.912
10265.2,19.2151
10275.2,19.5223
10285.3,19.8444
10295.4,20.1886
10305.4,20.549
10315.5,20.9251
10325.6,21.3126
10335.6,21.7124
10345.7,22.1169
10355.8,22.531
10365.9,22.9585
10376,23.3958
10386.1,23.8436
10396.2,24.2841
10406.2,24.7266
10416.4,25.1657
10426.6,25.6162
10436.7,26.0636
10446.8,26.5182
10457,26.9702
10467.1,27.398
10477.2,27.788
10487.4,28.1857
10497.5,28.5566
10507.7,28.9023
10517.8,29.2525
10527.9,29.5748
10538.1,29.881
10548.3,30.1894
10558.3,30.4836
10568.6,30.7759
10578.7,31.069
10588.8,31.3524
10599.1,31.6246
10609.2,31.8971
10619.3,32.1527
10629.5,32.384
10639.7,32.6143
10649.7,32.795
10660,32.9356
10670.1,33.0761
10680.2,33.1633
10690.5,33.1901
10700.6,33.1572
10710.7,33.1253
10720.9,33.0113
10731,32.8204
10741.1,32.6312
10751.4,32.3657
10761.5,32.047
10771.6,31.7319
10781.8,31.3672
10792,30.9731
10802,30.5843
10812.3,30.1673
10822.4,29.7452
10832.5,29.3283
10842.8,28.8889
10852.9,28.4374
10862.9,27.992
10873.2,27.5269
10883.3,27.0675
10893.4,26.6138
10903.7,26.154
10913.8,25.6932
10923.8,25.2388
10934.2,24.7708
10944.3,24.2899
10954.3,23.8186
10964.6,23.3175
10974.7,22.8171
10984.8,22.3257
10995.1,21.8379
11005.2,21.3598
11015.2,20.8907
11025.5,20.4281
11035.6,19.988
11045.7,19.5672
11056,19.1479
11066.1,18.7609
11076.1,18.4117
11086.4,18.0633
11096.5,17.7481
11106.6,17.4374
11116.9,17.1273
11127,16.8113
11137.1,16.5021
11147.3,16.1938
11157.5,15.8914
11167.5,15.5935
11177.8,15.2959
11187.9,15.0161
11198,14.7519
11208.3,14.4891
11218.4,14.2214
11228.5,13.9589
11238.8,13.7002
11248.9,13.4514
11259,13.2332
11269.2,13.0183
11279.4,12.8168
11289.4,12.6129
11299.6,12.4143
11309.8,12.2014
11319.8,11.9868
11330.1,11.7774
11340.2,11.5801
11350.3,11.3805
11360.6,11.2252
11370.7,11.0772
11380.8,10.9247
11391,10.7753
11401.1,10.6359
11411.2,10.4912
11421.5,10.3705
11431.6,10.2614
11441.7,-10.149
11452,-10.0609
11462.1,-9.98405
11472.1,-9.95701
11482.2,-9.91426
11492.3,-9.87744
11502.3,-9.82908
11512.4,-9.76036
11522.5,-9.69543
11532.5,-9.64649
11542.6,-9.61883
11552.7,-9.59501
11562.7,-9.56049
11572.8,-9.56418
11582.9,-9.57253
11592.9,-9.57662
11603,-9.59436
11613.1,-9.61606
11623.3,-9.62543
11633.4,-9.66872
11643.5,-9.7161
11653.7,-9.80721
11663.8,-9.87538
11673.9,-9.9452
11684.2,-10.0199
11694.3,-10.1237
11704.3,-10.2519
11714.5,-10.3859
11724.7,-10.5648
11734.9,-10.7901
11745,-11.0218
11755.2,-11.2997
11765.4,-11.5978
11775.5,-11.9018
11785.8,-12.219
11795.9,-12.5022
11806,-12.7917
11816.3,-13.1393
11826.4,-13.4984
11836.6,-13.8642
11846.8,-14.2655
11856.9,-14.6598
11867.1,-15.062
11877.4,-15.4832
11887.5,-16.0216
11897.6,-16.5641
11907.9,-17.1739
11918,-17.7533
11928.2,-18.3364
11938.5,-18.8753
11948.6,-19.3883
11958.8,-19.9035
11969.1,-20.4227
11979.2,-20.9328
11989.3,-21.4025
11999.6,-21.8807
12009.7,-22.3365
12019.9,-22.7786
12030.2,-23.228
12040.3,-23.6173
12050.4,-23.9057
12060.7,-24.1982
12070.8,-24.3371
12081,-24.4143
12091.2,-24.4924
12101.3,-24.5624
12111.5,-24.591
12121.8,-24.621
12131.9,-24.5337
12142.1,-24.3333
12152.3,-24.1312
12162.5,-23.8683
12172.6,-23.5472
12182.9,-23.2236
12193.1,-22.846
12203.2,-22.4209
12213.5,-21.9915
12223.7,-21.5811
12233.8,-21.2255
12244,-20.9024
12254.2,-20.5791
12264.4,-20.253
12274.5,-19.9088
12284.6,-19.5653
12294.8,-19.0695
12305,-18.6599
12315.1,-18.2538
12325.3,-17.8697
12335.5,-17.4845
12345.6,-17.1056
12355.7,-16.7441
12365.9,-16.3117
12376.1,-15.8888
12386.2,-15.4244
12396.4,-14.9641
12406.5,-14.5137
12416.7,-14.0653
12427,-13.6185
12437.1,-13.1936
12447.3,-12.8207
12457.5,-12.4461
12467.6,-12.101
12477.8,-11.7161
12488.1,-11.3395
12498.2,-11.0216
12508.3,-10.7422
12518.6,-10.5178
12528.8,-10.3264
12538.9,10.1726
12549.2,10.061
12559.3,9.92398
12569.4,9.8172
12579.7,9.72303
12589.8,9.6748
12599.9,9.64974
12610,9.63316
12620.1,9.63706
12630.2,9.65047
12640.3,9.63129
12650.4,9.59812
12660.5,9.56778
12670.6,9.45632
12680.6,9.32373
12690.7,9.19118
12700.8,9.06933
12711,8.96567
12721.1,8.86585
12731.4,8.7881
12741.5,8.73148
12751.6,8.6847
12761.9,8.65904
12772,8.60832
12782.1,8.56818
12792.3,8.53484
12802.5,8.51747
12812.6,8.5125
12822.8,8.52179
12833,8.55904
12843.1,8.61087
12853.3,-8.66655
12863.5,-8.77007
12873.6,-8.93697
12883.8,-9.12351
12893.9,-9.38488
12904,-9.70634
12914.1,-10.0482
12924.2,-10.4622
12934.3,-10.889
12944.4,-11.3334
12954.5,-11.7477
12964.6,-12.1691
12974.7,-12.6053
12984.8,-13.0464
12994.9,-13.5163
13005,-13.9956
13015.2,-14.4307
13025.4,-14.8464
13035.5,-15.2642
13045.6,-15.6952
13055.9,-16.1395
13066,-16.5819
13076.1,-17.0461
13086.3,-17.5222
13096.4,-17.9969
13106.6,-18.3827
13116.8,-18.7266
13126.9,-19.0712
13137,-19.3432
13147.3,-19.5778
13157.4,-19.8104
13167.6,-20.005
13177.8,-20.1523
13187.9,-20.2464
13198,-20.3411
13208.3,-20.3523
13218.4,-20.2465
13228.6,-20.1412
13238.8,-19.9452
13248.9,-19.681
13259,-19.4171
13269.2,-19.1148
13279.3,-18.7943
13289.5,-18.4748
13299.7,-18.1424
13309.8,-17.8424
13320,-17.5464
13330.2,-17.25
13340.3,-16.9913
13350.5,-16.7382
13360.7,-16.4525
13370.8,-16.1283
13380.9,-15.8076
13391.1,-15.5007
13401.2,-15.1994
13411.4,-14.9004
13421.6,-14.5958
13431.7,-14.2899
13441.9,-14.0165
13452.1,-13.7423
13462.2,-13.5435
13472.4,-13.3942
13482.7,-13.2456
13492.8,-13.1012
13502.9,-12.978
13513.2,-12.8572
13523.3,-12.7282
13533.4,-12.5777
13543.7,-12.4285
13553.8,-12.2992
13564,-12.2024
13574.2,-12.1071
13584.3,-12.0439
13594.4,-12.0387
13604.7,-12.0344
13614.8,-12.0321
13625,-12.0292
13635.2,-12.0265
13645.4,-11.9917
13655.5,-11.979
13665.8,-11.9663
13675.9,-11.9665
13686.1,-11.9732
13696.3,-11.9799
13706.4,-11.9561
13716.5,-11.9745
13726.7,-11.993
13736.9,-12.0776
13747,-12.2034
13757.2,-12.3031
13767.3,-12.4033
13777.4,-12.5033
13787.6,-12.6466
13797.7,-12.7906
13807.9,-12.9611
13818,-13.1519
13828.2,-13.3429
13838.3,-13.5408
13848.5,-13.7043
13858.6,-13.8703
13868.8,-14.011
13878.9,-14.1525
13889.1,-14.2969
13899.2,-14.5016
13909.4,-14.763
13919.5,-15.0243
13929.7,-15.2979
13939.9,-15.4908
13950,-15.684
13960.1,-15.8306
13970.4,-15.9243
13980.5,-16.0177
13990.6,-16.0438
14000.8,-16.0431
14010.9,-16.0427
14021.1,-16.0055
14031.4,-15.9362
14041.6,-15.8153
14051.9,-15.6945
14062.1,-15.5015
14072.3,-15.3036
14082.4,-15.1075
14092.6,-14.8694
14102.7,-14.6435
14112.8,-14.4206
14123,-14.2468
14133.1,-14.0721
14143.2,-13.9015
14153.4,-13.6791
14163.5,-13.451
14173.6,-13.2276
14183.7,-13.0122
14193.8,-12.8242
14204,-12.6412
14214.1,-12.496
14224.2,-12.4033
14234.4,-12.3126
14244.5,-12.2534
14254.6,-12.2012
14264.8,-12.1495
14274.9,-12.0694
14285,-11.9192
14295.2,-11.7735
14305.3,-11.6655
14315.4,-11.6565
14325.5,-11.6484
14335.7,-11.6901
14345.8,-11.6982
14355.9,-11.6621
14366.1,-11.6258
14376.2,-11.535
14386.3,-11.4483
14396.5,-11.3612
14406.6,-11.367
14416.8,-11.4079
14426.9,-11.4489
14437,-11.4667
14447.2,-11.4808
14457.3,-11.4949
14467.5,-11.4691
14477.6,-11.4232
14487.8,-11.3772
14497.9,-11.3436
14508,-11.3449
14518.2,-11.3465
14528.3,-11.3772
14538.4,-11.3492
14548.6,-11.3211
14558.7,-11.2173
14568.8,-11.1579
14579,-11.0984
14589.1,-11.1023
14599.2,-11.1118
14609.4,-11.1215
14619.5,-11.0561
14629.6,-10.9474
14639.8,-10.8384
14649.9,-10.7365
14660,-10.6482
14670.2,-10.5868
14680.3,-10.5254
14690.4,-10.5417
14700.6,-10.5585
14710.7,-10.6036
14720.8,-10.6158
14730.9,-10.5946
14741.1,-10.574
14751.2,-10.5795
14761.3,-10.6386
14771.4,-10.6979
14781.6,-10.7741
14791.7,-10.826
14801.8,-10.8783
14811.9,-10.921
14822.1,-10.9482
14832.2,-10.9754
14842.3,-10.9898
14852.5,-10.996
14862.6,-11.0024
14872.7,-11.0117
14882.9,-11.0077
14893,-11.0039
14903.1,-10.99
14913.3,-10.9913
14923.4,-10.9932
14933.5,-11.0227
14943.7,-11.0216
14953.8,-11.0206
14964,-11.0192
14974.1,-10.9713
14984.2,-10.9238
14994.3,-10.9023
15004.4,-10.9104
15014.5,-10.9185
15024.7,-10.9011
15034.8,-10.851
15044.8,-10.8909
15055,-10.931
15065.1,-11.023
15075.2,-11.0738
15085.3,-11.1249
15095.4,-11.129
15105.5,-11.0619
15115.7,-10.9943
15125.8,-10.9217
15135.9,-10.8692
15146.1,-10.8164
15156.2,-10.7769
15166.3,-10.7259
15176.5,-10.6746
15186.6,-10.6278
15196.7,-10.5789
15206.8,-10.53
15216.9,-10.4998
15227,-10.487
15237.1,-10.4742
15247.2,-10.4564
15257.3,-10.4483
15267.5,-10.4403
15277.7,-10.4396
15287.8,-10.4669
15297.9,-10.4946
15308,-10.5681
15318.1,-10.614
15328.3,-10.66
15338.4,-10.6778
15348.5,-10.723
15358.7,-10.7683
15368.8,-10.8031
15378.9,-10.8113
15389.1,-10.7693
15399.3,-10.7271
15409.4,-10.6885
15419.5,-10.6635
15429.7,-10.6386
15439.8,-10.6254
15450,-10.6087
15460.1,-10.5921
15470.3,-10.5775
15480.4,-10.5795
15490.6,-10.5816
15500.7,-10.5752
15510.8,-10.551
15521,-10.5268
15531.1,-10.519
15541.3,-10.5243
15551.4,-10.5295
15561.5,-10.5443
15571.7,-10.5294
15581.9,-10.5146
15592,-10.4836
15602.1,-10.4782
15612.3,-10.4728
15622.4,-10.4597
15632.6,-10.4255
15642.7,-10.391
15652.8,-10.3541
15663,-10.3258
15673.1,-10.2974
15683.2,-10.2811
15693.4,-10.255
15703.6,-10.2289
15713.7,-10.157
15723.8,-10.1163
15734,-10.0754
15744.1,-10.0557
15754.2,-10.02
15764.3,-9.98444
15774.4,-9.96928
15784.6,-9.97706
