404640,1.8
404655,3.6
404655,5.4
404670,7.2
404685,9
404700,10.8
404700,12.6
404715,14.4
404730,16.2
404730,18
404745,19.8
404760,21.6
404760,23.4
404775,25.2
404790,27
404790,28.8
404805,30.6
404820,32.4
404820,34.2
404835,36
404850,37.8
404850,39.6
404850,41.4
404880,43.2
404880,45
404896,46.8
404910,48.6
404910,50.4
404925,52.2
404940,54
404940,55.8
404956,57.6
404970,59.4
404970,61.2
404985,63
405000,64.8
405016,66.6
405016,68.4
405030,70.2
405045,72
405045,73.8
405060,75.6
405076,77.4
405076,79.2
405076,81
405076,82.8
405076,84.6
405120,86.4
405136,88.2
405136,90
405150,91.8
405165,93.6
405165,95.4
405180,97.2
405196,99
405210,100.8
405210,102.6
405225,104.4
405240,106.2
405240,108
405256,109.8
405270,111.6
405270,113.4
405285,115.2
405300,117
405300,118.8
405316,120.6
405330,122.4
405330,124.2
405346,126
405361,127.8
405361,129.6
405376,131.4
405391,133.2
405391,135
405406,136.8
405421,138.6
405421,140.4
405436,142.2
405451,144
405466,145.8
405466,147.6
405481,149.4
405496,151.2
405496,153
405496,154.8
405526,156.6
405526,158.4
405541,160.2
405556,162
405556,163.8
405571,165.6
405586,167.4
405586,169.2
405601,171
405616,172.8
405616,174.6
405631,176.4
405646,178.2
405646,180
405661,181.8
405676,183.6
405691,185.4
405691,187.2
405706,189
405721,190.8
405721,192.6
405736,194.4
405751,196.2
405751,198
405766,199.8
405781,201.6
405781,203.4
405796,205.2
405811,207
405811,208.8
405826,210.6
405841,212.4
405841,214.2
405856,216
405871,217.8
405871,219.6
405871,221.4
405901,223.2
405901,225
405916,226.8
405931,228.6
405931,230.4
405946,232.2
405961,234
405961,235.8
405976,237.6
405991,239.4
405991,241.2
406006,243
406021,244.8
406036,246.6
406036,248.4
406051,250.2
406066,252
406066,253.8
406081,255.6
406096,257.4
406096,259.2
406111,261
406126,262.8
406126,264.6
406141,266.4
406157,268.2
406157,270
406171,271.8
406186,273.6
406186,275.4
406201,277.2
406217,279
406231,280.8
406231,282.6
406246,284.4
406261,286.2
406261,288
406277,289.8
406291,291.6
406291,293.4
406306,295.2
406306,297
406321,298.8
406337,300.6
406351,302.4
406351,304.2
406366,306
406381,307.8
406381,309.6
406397,311.4
406411,313.2
406411,315
406426,316.8
406441,318.6
406441,320.4
406457,322.2
406471,324
406486,325.8
406486,327.6
406501,329.4
406517,331.2
406517,333
406531,334.8
406546,336.6
406546,338.4
406561,340.2
406577,342
406577,343.8
406592,345.6
406607,347.4
406607,349.2
406607,351
406637,352.8
406637,354.6
406652,356.4
406667,358.2
406667,360
406682,361.8
406697,363.6
406697,365.4
406712,367.2
406727,369
406742,370.8
406742,372.6
406757,374.4
406772,376.199
406772,377.999
406787,379.799
406802,381.599
406802,383.399
406817,385.199
406832,386.999
406832,388.799
406847,390.599
406862,392.399
406862,394.199
406877,395.999
406892,397.799
406892,399.599
406907,401.399
406922,403.199
406922,404.999
406937,406.799
406952,408.599
406967,410.399
406967,412.199
406982,413.999
406997,415.799
406997,417.599
406997,419.399
407027,421.199
407027,422.999
407042,424.799
407057,426.599
407057,428.399
407072,430.199
407087,431.999
407087,433.799
407102,435.599
407117,437.399
407117,439.199
407132,440.999
407147,442.799
407147,444.599
407162,446.399
407177,448.199
407192,449.999
407192,451.799
407207,453.599
407222,455.399
407222,457.199
407237,458.999
407252,460.799
407252,462.599
407267,464.399
407282,466.199
407282,467.999
407298,469.799
407312,471.599
407312,473.399
407327,475.199
407342,476.999
407342,478.799
407357,480.599
407372,482.399
407372,484.199
407387,485.999
407402,487.799
407402,489.599
407418,491.399
407432,493.199
407447,494.999
407447,496.799
407462,498.599
407478,500.399
407478,502.199
407492,503.999
407507,505.799
407507,507.599
407522,509.399
407538,511.199
407538,512.999
407552,514.799
407567,516.599
407567,518.399
407582,520.199
407598,521.999
407598,523.799
407612,525.599
407627,527.398
407627,529.198
407627,530.998
407658,532.798
407672,534.598
407672,536.398
407687,538.198
407687,539.998
407687,541.798
407718,543.598
407732,545.398
407732,547.198
407747,548.998
407762,550.798
407762,552.598
407778,554.398
407792,556.198
407792,557.998
407807,559.798
407822,561.598
407822,563.398
407838,565.198
407853,566.998
407853,568.798
407868,570.598
407883,572.398
407883,574.198
407898,575.998
407913,577.798
407928,579.598
407928,581.398
407928,583.198
407958,584.998
407958,586.798
407973,588.598
407988,590.398
407988,592.198
408003,593.998
408018,595.798
408018,597.598
408033,599.398
408048,601.198
408048,602.998
408063,604.798
408078,606.598
408078,608.398
408093,610.198
408108,611.998
408123,613.798
408123,615.598
408138,617.398
408153,619.198
408153,620.998
408168,622.798
408183,624.598
408183,626.398
408198,628.198
408213,629.998
408213,631.798
408228,633.598
408243,635.398
408243,637.198
408258,638.998
408273,640.798
408273,642.598
408288,644.398
408303,646.198
408303,647.998
408318,649.798
408333,651.598
408333,653.398
408348,655.198
408363,656.998
408363,658.798
408378,660.598
408393,662.398
408408,664.198
408408,665.998
408423,667.798
408438,669.598
408438,671.398
408453,673.198
408468,674.997
408468,676.797
408483,678.597
408498,680.397
408498,682.197
408513,683.997
408528,685.797
408528,687.597
408543,689.397
408558,691.197
408558,692.997
408573,694.797
408588,696.597
408588,698.397
408603,700.197
408603,701.997
408633,703.797
408633,705.597
408648,707.397
408663,709.197
408663,710.997
408679,712.797
408693,714.597
408693,716.397
408708,718.197
408723,719.997
408723,721.797
408739,723.597
408753,725.397
408753,727.197
408768,728.997
408783,730.797
408783,732.597
408799,734.397
408813,736.197
408828,737.997
408828,739.797
408843,741.597
408843,743.397
408859,745.197
408873,746.997
408888,748.797
408888,750.597
408903,752.397
408919,754.197
408919,755.997
408933,757.797
408948,759.597
408948,761.397
408963,763.197
408979,764.997
408979,766.797
408993,768.597
409008,770.397
409008,772.197
409023,773.997
409039,775.797
409039,777.597
409053,779.397
409068,781.197
409083,782.997
409083,784.797
409099,786.597
409114,788.397
409114,790.197
409129,791.997
409144,793.797
409144,795.597
409159,797.397
409159,799.197
409159,800.997
409189,802.797
409204,804.597
409204,806.397
409219,808.197
409234,809.997
409234,811.797
409249,813.597
409264,815.397
409264,817.197
409279,818.997
409294,820.797
409309,822.596
409309,824.396
409324,826.196
409324,827.996
409339,829.796
409354,831.596
409369,833.396
409369,835.196
409384,836.996
409399,838.796
409399,840.596
409414,842.396
409429,844.196
409429,845.996
409444,847.796
409459,849.596
409459,851.396
409474,853.196
409489,854.996
409489,856.796
409504,858.596
409519,860.396
409519,862.196
409534,863.996
409549,865.796
409564,867.596
409564,869.396
409579,871.196
409594,872.996
409594,874.796
409609,876.596
409624,878.396
409624,880.196
409639,881.996
409654,883.796
409654,885.596
409669,887.396
409684,889.196
409684,890.996
409699,892.796
409714,894.596
409714,896.396
409729,898.196
409744,899.996
409744,901.796
409759,903.596
409774,905.396
409774,907.196
409789,908.996
409804,910.796
409819,912.596
409819,914.396
409834,916.196
409849,917.996
409849,919.796
409864,921.596
409880,923.396
409880,925.196
409894,926.996
409909,928.796
409909,930.596
409924,932.396
409940,934.196
409940,935.996
409940,937.796
409969,939.596
409969,941.396
409984,943.196
410000,944.996
410000,946.796
410014,948.596
410029,950.396
410044,952.196
410044,953.996
410060,955.796
410074,957.596
410074,959.396
410089,961.196
410104,962.996
410104,964.796
410120,966.596
410134,968.396
410134,970.195
410149,971.995
410164,973.795
410164,975.595
410180,977.395
410194,979.195
410194,980.995
410209,982.795
410224,984.595
410224,986.395
410240,988.195
410254,989.995
410269,991.795
410269,993.595
410284,995.395
410300,997.195
410300,998.995
410314,1000.8
410329,1002.6
410329,1004.4
410345,1006.2
410360,1008
410360,1009.8
410375,1011.6
410390,1013.4
410390,1015.2
410405,1017
410420,1018.8
410420,1020.6
410435,1022.4
410450,1024.2
410450,1026
410465,1027.8
410480,1029.6
410480,1031.4
410495,1033.2
410510,1035
410525,1036.8
410525,1038.6
410540,1040.4
410555,1042.2
410555,1044
410570,1045.8
410585,1047.6
410585,1049.4
410600,1051.2
410615,1053
410615,1054.8
410630,1056.6
410645,1058.4
410645,1060.2
410660,1062
410675,1063.8
410675,1065.6
410690,1067.4
410705,1069.2
410705,1071
410720,1072.8
410735,1074.6
410750,1076.4
410750,1078.2
410765,1080
410780,1081.8
410780,1083.6
410795,1085.4
410810,1087.2
410810,1089
410825,1090.8
410840,1092.6
410840,1094.4
410855,1096.2
410870,1098
410870,1099.8
410885,1101.6
410900,1103.4
410900,1105.2
410915,1107
410930,1108.8
410930,1110.6
410945,1112.4
410960,1114.2
410975,1116
410975,1117.8
410990,1119.6
411005,1121.4
411005,1123.2
411020,1125
411035,1126.8
411035,1128.6
411050,1130.4
411065,1132.2
411065,1134
411080,1135.8
411095,1137.6
411095,1139.4
411110,1141.2
411125,1143
411125,1144.8
411141,1146.6
411155,1148.4
411155,1150.2
411170,1152
411185,1153.8
411185,1155.6
411201,1157.4
411215,1159.2
411230,1161
411230,1162.8
411245,1164.6
411261,1166.4
411261,1168.2
411275,1170
411290,1171.8
411290,1173.6
411305,1175.4
411321,1177.2
411321,1179
411335,1180.8
411350,1182.6
411350,1184.4
411365,1186.2
411381,1188
411381,1189.8
411395,1191.6
411410,1193.4
411425,1195.2
411425,1197
411425,1198.8
411455,1200.6
411455,1202.4
411470,1204.2
411485,1206
411485,1207.8
411501,1209.6
411515,1211.4
411515,1213.2
411530,1215
411545,1216.8
411545,1218.6
411561,1220.4
411561,1222.2
411561,1224
411590,1225.8
411606,1227.6
411606,1229.4
411621,1231.2
411636,1233
411636,1234.8
411651,1236.6
411666,1238.4
411681,1240.2
411681,1242
411696,1243.8
411711,1245.6
411711,1247.4
411726,1249.2
411741,1251
411741,1252.8
411756,1254.6
411771,1256.4
411771,1258.2
411786,1260
411801,1261.8
411801,1263.6
411816,1265.4
411831,1267.2
411831,1269
411846,1270.8
411861,1272.6
411861,1274.4
411876,1276.2
411891,1278
411891,1279.8
411906,1281.6
411921,1283.4
411936,1285.2
411936,1287
411951,1288.8
411966,1290.6
411966,1292.4
411981,1294.2
411996,1296
411996,1297.8
412011,1299.6
412011,1301.4
412011,1303.2
412041,1305
412056,1306.8
412056,1308.6
412071,1310.4
412086,1312.2
412086,1314
412101,1315.8
412116,1317.6
412116,1319.4
412131,1321.2
412146,1323
412161,1324.8
412161,1326.6
412176,1328.4
412191,1330.2
412191,1332
412206,1333.8
412221,1335.6
412221,1337.4
412236,1339.2
412251,1341
412251,1342.8
412266,1344.6
412281,1346.4
412281,1348.2
412296,1350
412311,1351.8
412311,1353.6
412326,1355.4
412341,1357.2
412341,1359
412356,1360.8
412371,1362.6
412371,1364.4
412386,1366.2
412402,1368
412416,1369.8
412416,1371.6
412431,1373.4
412446,1375.2
412446,1377
412462,1378.8
412476,1380.6
412476,1382.4
412491,1384.2
412506,1386.01
412506,1387.81
412522,1389.61
412536,1391.41
412536,1393.21
412551,1395.01
412566,1396.81
412566,1398.61
412582,1400.41
412596,1402.21
412596,1404.01
412611,1405.81
412626,1407.61
412642,1409.41
412642,1411.21
412656,1413.01
412671,1414.81
412671,1416.61
412686,1418.41
412702,1420.21
412702,1422.01
412716,1423.81
412731,1425.61
412731,1427.41
412731,1429.21
412762,1431.01
412762,1432.81
412776,1434.61
412792,1436.41
412792,1438.21
412806,1440.01
412822,1441.81
412822,1443.61
412836,1445.41
412852,1447.21
412867,1449.01
412867,1450.81
412882,1452.61
412897,1454.41
412897,1456.21
412912,1458.01
412927,1459.81
412927,1461.61
412942,1463.41
412957,1465.21
412957,1467.01
412972,1468.81
412987,1470.61
412987,1472.41
413002,1474.21
413017,1476.01
413017,1477.81
413032,1479.61
413047,1481.41
413047,1483.21
413062,1485.01
413077,1486.81
413077,1488.61
413092,1490.41
413107,1492.21
413107,1494.01
413107,1495.81
413137,1497.61
413152,1499.41
413152,1501.21
413167,1503.01
413182,1504.81
413182,1506.61
413197,1508.41
413212,1510.21
413212,1512.01
413227,1513.81
413242,1515.61
413242,1517.41
413257,1519.21
413272,1521.01
413272,1522.81
413287,1524.61
413302,1526.41
413302,1528.21
413317,1530.01
413332,1531.81
413332,1533.61
413347,1535.41
413362,1537.21
413377,1539.01
413377,1540.81
413392,1542.61
413407,1544.41
413407,1546.21
413422,1548.01
413437,1549.81
413437,1551.61
413452,1553.41
413467,1555.21
413467,1557.01
413482,1558.81
413497,1560.61
413497,1562.41
413512,1564.21
413527,1566.01
413527,1567.81
413542,1569.61
413557,1571.41
413557,1573.21
413572,1575.01
413587,1576.81
413587,1578.61
413602,1580.41
413617,1582.21
413632,1584.01
413647,1585.81
413647,1587.61
413663,1589.41
413677,1591.21
413677,1593.01
413692,1594.81
413707,1596.61
413723,1598.41
413723,1600.21
413737,1602.01
413752,1603.81
413752,1605.61
413767,1607.41
413783,1609.21
413783,1611.01
413797,1612.81
413812,1614.61
413812,1616.41
413812,1618.21
413843,1620.01
413843,1621.81
413857,1623.61
413872,1625.41
413872,1627.21
413887,1629.01
413903,1630.81
413917,1632.61
413917,1634.41
413932,1636.21
413947,1638.01
413947,1639.81
413963,1641.61
413977,1643.41
413977,1645.21
413992,1647.01
414007,1648.81
414007,1650.61
414023,1652.41
414037,1654.21
414037,1656.01
414052,1657.81
414067,1659.61
414067,1661.41
414083,1663.21
414083,1665.01
414083,1666.81
414113,1668.61
414128,1670.41
414128,1672.21
414143,1674.01
414158,1675.81
414173,1677.61
414173,1679.41
414188,1681.21
414203,1683.01
414203,1684.81
414218,1686.61
414233,1688.41
414233,1690.21
414248,1692.01
414263,1693.81
414263,1695.61
414278,1697.41
414293,1699.21
414293,1701.01
414308,1702.81
414323,1704.61
414323,1706.41
414338,1708.21
414353,1710.01
414353,1711.81
414368,1713.61
414383,1715.41
414398,1717.21
414398,1719.01
414413,1720.81
414428,1722.61
414428,1724.41
414443,1726.21
414458,1728.01
414458,1729.81
414473,1731.61
414488,1733.41
414488,1735.21
414503,1737.01
414518,1738.81
414518,1740.61
414533,1742.41
414548,1744.21
414548,1746.01
414563,1747.81
414578,1749.61
414578,1751.41
414593,1753.21
414608,1755.02
414608,1756.82
414623,1758.62
414638,1760.42
414653,1762.22
414653,1764.02
414668,1765.82
414683,1767.62
414683,1769.42
414698,1771.22
414713,1773.02
414713,1774.82
414728,1776.62
414743,1778.42
414743,1780.22
414758,1782.02
414773,1783.82
414773,1785.62
414788,1787.42
414803,1789.22
414803,1791.02
414818,1792.82
414833,1794.62
414833,1796.42
414848,1798.22
414863,1800.02
